FiniteElementSpace
FiniteElementCollection: L2_2D_P1
VDim: 1
Ordering: 0

0.99584004
0.99849864
0.99849864
0.99960746
0.99963224
0.99997817
0.99992405
0.99999673
0.99998763
0.99999958
0.99999958
0.99999999
0.99963224
0.99992405
0.99997817
0.99999673
0.99584004
0.99849864
0.99849864
0.99960746
0.99963224
0.99997817
0.99992405
0.99999673
0.99998763
0.99999958
0.99999958
0.99999999
0.99963224
0.99992405
0.99997817
0.99999673
0.99584004
0.99849863
0.99849863
0.99960746
0.99963224
0.99997817
0.99992405
0.99999673
0.99998763
0.99999958
0.99999958
0.99999999
0.99963224
0.99992405
0.99997817
0.99999673
0.99584004
0.99849864
0.99849864
0.99960746
0.99963224
0.99997817
0.99992405
0.99999673
0.99998763
0.99999958
0.99999958
0.99999999
0.99963224
0.99992405
0.99997817
0.99999673
0.99584004
0.99849864
0.99849864
0.99960746
0.99963224
0.99997817
0.99992405
0.99999673
0.99998763
0.99999958
0.99999958
0.99999999
0.99963224
0.99992405
0.99997817
0.99999673
0.99999857
0.99999999
0.99999983
1
1
1
1
1
1
1
1
1
0.99999998
1
1
1
1
1
1
1
1
1
1
1
1
1
1
1
1
1
1
1
0.99999857
0.99999983
0.99999999
1
0.99999998
1
1
1
1
1
1
1
1
1
1
1
0.99999857
0.99999999
0.99999983
1
1
1
1
1
1
1
1
1
0.99999998
1
1
1
1
1
1
1
1
1
1
1
1
1
1
1
1
1
1
1
0.99999857
0.99999983
0.99999999
1
0.99999998
1
1
1
1
1
1
1
1
1
1
1
0.99999857
0.99999999
0.99999983
1
1
1
1
1
1
1
1
1
0.99999998
1
1
1
1
1
1
1
1
1
1
1
1
1
1
1
1
1
1
1
0.99999857
0.99999983
0.99999999
1
0.99999998
1
1
1
1
1
1
1
1
1
1
1
0.99999857
0.99999999
0.99999983
1
1
1
1
1
1
1
1
1
0.99999998
1
1
1
1
1
1
1
1
1
1
1
1
1
1
1
1
1
1
1
0.99999857
0.99999983
0.99999999
1
0.99999998
1
1
1
1
1
1
1
1
1
1
1
0.99999857
0.99999999
0.99999983
1
1
1
1
1
1
1
1
1
0.99999998
1
1
1
1
1
1
1
1
1
1
1
1
1
1
1
1
1
1
1
0.99999857
0.99999983
0.99999999
1
0.99999998
1
1
1
1
1
1
1
1
1
1
1
