FiniteElementSpace
FiniteElementCollection: L2_2D_P1
VDim: 1
Ordering: 0

0.062857376
0.11683961
0.062257389
0.072292798
0.086530147
0.030626785
0.044829266
0.012988838
0.019713305
0.0049578081
0.0040433907
0.00084233924
0.039694998
0.035831445
0.012621734
0.0085727902
-0.024009391
0.0099532294
-0.078362248
-0.027613367
0.013783314
0.0063065149
-0.0081254793
-0.00054528158
-0.0075298133
-0.000979306
-0.0024588583
-0.00032174761
-0.06199714
-0.022684162
-0.022826078
-0.0076905513
-0.07769596
-0.1106881
-0.1106881
-0.089359095
-0.078011585
-0.026729176
-0.049851356
-0.013325964
-0.024367225
-0.0055631398
-0.0055631398
-0.0010412162
-0.078011585
-0.049851356
-0.026729176
-0.013325964
-0.024009392
-0.078362262
0.0099532316
-0.0276134
-0.061997163
-0.022826095
-0.022684212
-0.0076905818
-0.0075298455
-0.0024588766
-0.000979314
-0.00032175204
0.013783321
-0.0081254989
0.0063065217
-0.00054528418
0.062857376
0.062257389
0.11683961
0.072292798
0.039694998
0.012621734
0.035831445
0.0085727902
0.019713305
0.0040433907
0.0049578081
0.00084233924
0.086530147
0.044829266
0.030626785
0.012988838
0.0096152537
0.0011914666
0.0035654692
0.00037060065
0.00018068307
8.5227554e-06
4.9575082e-05
1.9753946e-06
1.3802568e-05
4.8630574e-07
1.5296282e-06
4.5579697e-08
0.0012354867
0.00011304747
0.0001842563
1.4184e-05
3.2800406e-05
2.2268289e-06
1.970961e-06
1.1281677e-07
2.193698e-07
5.7843078e-09
9.8261751e-09
2.1932956e-10
7.2621482e-10
1.4352573e-11
1.3154987e-11
2.2024986e-13
1.8044952e-07
9.1216301e-09
4.3745563e-09
1.8674086e-10
0.0037785405
0.0021378029
0.00044797808
0.00020170394
0.00090531477
0.000164788
7.4092706e-05
1.125081e-05
8.482808e-06
1.1301462e-06
2.7826651e-07
3.1070669e-08
6.6373874e-05
2.5555209e-05
3.0563508e-06
9.5989053e-07
0.0021639605
0.00028838226
6.5766465e-05
2.7338687e-05
4.5293407e-05
2.2109547e-06
5.0837368e-06
2.6096639e-07
4.7622062e-08
2.2286652e-08
-1.8478861e-07
-2.9009173e-09
-0.00014174523
-4.2258011e-06
-5.0912096e-05
-2.4846709e-06
-1.2528968e-05
-5.9472462e-07
-1.0087676e-06
-4.3095053e-08
-4.487311e-08
-7.9968216e-10
-3.0489338e-09
-5.1191279e-11
-2.7741774e-10
-4.2850505e-12
-6.2232956e-12
-8.414103e-14
-1.0785548e-07
-4.1891087e-09
-3.0811072e-09
-1.0393273e-10
-0.0072799827
-0.0022442409
-0.00091460349
-0.00024594431
-0.00067597678
-8.2413235e-05
-6.7257431e-05
-7.2309561e-06
-8.560271e-06
-8.3121996e-07
-3.1434943e-07
-2.6379993e-08
-0.00013966254
-3.3781929e-05
-6.6338935e-06
-1.3822068e-06
-0.0082778762
-0.001013243
-0.0035248754
-0.00035371417
-0.00015269164
-7.1564132e-06
-4.6434987e-05
-1.8142149e-06
-1.3774044e-05
-4.7257797e-07
-1.6440122e-06
-4.7380131e-08
-0.0013231228
-0.00011566453
-0.0002157303
-1.5720812e-05
-4.054605e-05
-2.5946465e-06
-2.5946487e-06
-1.3946893e-07
-2.4713638e-07
-6.2797453e-09
-1.1712397e-08
-2.5101976e-10
-8.9782752e-10
-1.7004564e-11
-1.7004579e-11
-2.7231293e-13
-2.4713691e-07
-1.1712406e-08
-6.2797748e-09
-2.510203e-10
-0.0082778769
-0.0035248761
-0.0010132434
-0.00035371458
-0.0013231231
-0.00021573033
-0.00011566469
-1.5720832e-05
-1.3774082e-05
-1.6440169e-06
-4.725804e-07
-4.7380409e-08
-0.00015269175
-4.6435086e-05
-7.1564221e-06
-1.814222e-06
-0.0072799892
-0.00091460416
-0.002244251
-0.00024594518
-0.00013966262
-6.6338946e-06
-3.3782015e-05
-1.3822078e-06
-8.5603098e-06
-3.1434986e-07
-8.3122653e-07
-2.6380054e-08
-0.00067598239
-6.7257861e-05
-8.2414471e-05
-7.2310379e-06
-1.2529181e-05
-1.0087804e-06
-5.9473258e-07
-4.3095477e-08
-1.0785643e-07
-3.0811151e-09
-4.1891371e-09
-1.0393293e-10
-2.7741907e-10
-6.2233042e-12
-4.2850566e-12
-8.4141064e-14
-4.4873541e-08
-3.0489552e-09
-7.9968448e-10
-5.1191387e-11
0.0021639633
6.5766837e-05
0.00028838258
2.7338814e-05
-0.00014174658
-5.0912899e-05
-4.2258337e-06
-2.484702e-06
4.7622329e-08
-1.8479028e-07
2.2286691e-08
-2.9009252e-09
4.5293444e-05
5.0837542e-06
2.2109553e-06
2.6096667e-07
0.0037785405
0.00044797808
0.0021378029
0.00020170394
6.6373874e-05
3.0563508e-06
2.5555209e-05
9.5989053e-07
8.482808e-06
2.7826651e-07
1.1301462e-06
3.1070669e-08
0.00090531477
7.4092706e-05
0.000164788
1.125081e-05
3.2800406e-05
1.970961e-06
2.2268289e-06
1.1281677e-07
1.8044952e-07
4.3745563e-09
9.1216301e-09
1.8674086e-10
7.2621482e-10
1.3154987e-11
1.4352573e-11
2.2024986e-13
2.193698e-07
9.8261751e-09
5.7843078e-09
2.1932956e-10
0.0096152537
0.0035654692
0.0011914666
0.00037060065
0.0012354867
0.0001842563
0.00011304747
1.4184e-05
1.3802568e-05
1.5296282e-06
4.8630574e-07
4.5579697e-08
0.00018068307
4.9575082e-05
8.5227554e-06
1.9753946e-06
