FiniteElementSpace
FiniteElementCollection: L2_2D_P1
VDim: 1
Ordering: 0

0.95017138
0.97100064
0.89587483
0.94708358
0.98600961
0.99665804
0.97681447
0.99520306
0.98566506
0.99735899
0.99610041
0.99938799
0.92154684
0.96443012
0.97187643
0.98912496
0.92194664
0.87888025
0.90757565
0.91462218
0.9131277
0.96982452
0.9501477
0.98616232
0.97681324
0.99446843
0.99494915
0.99900975
0.9377501
0.95487804
0.97929011
0.9884839
0.99584004
0.95206823
1.044929
0.99960746
0.95979188
0.98466215
0.99227003
0.9962402
0.99998763
0.99922172
1.0007774
0.99999999
1.0394726
1.0075781
1.0152942
1.0037533
1.0697334
1.0894216
1.118117
1.0845928
1.0615144
1.0206662
1.0449701
1.0115096
1.0231621
1.00505
1.0055308
1.0009902
1.0861368
1.0497005
1.0301318
1.0138312
1.0415087
1.1011224
1.0259966
1.0521313
1.0777176
1.0280799
1.035418
1.0108685
1.0143102
1.0038987
1.0026402
1.000612
1.0132549
1.0230336
1.0032983
1.0047904
0.99914973
0.99991608
0.99891049
0.99990833
0.99998892
0.99999956
0.99998924
0.99999963
0.99999557
0.99999987
0.99999931
0.99999998
0.99944951
0.99995883
0.9998866
0.99999278
0.99997617
0.99999865
0.9999983
0.99999992
0.99999988
1
0.99999999
1
1
1
1
1
0.99999983
0.99999999
1
1
0.99111628
0.9969455
0.99889277
0.99967587
0.99899507
0.9998598
0.99990521
0.99998874
0.99998824
0.99999876
0.99999958
0.99999996
0.99983159
0.99995618
0.99999203
0.99999823
0.99059167
0.99884091
0.99627225
0.99961921
0.99982474
0.99999176
0.99994953
0.99999801
0.9999855
0.9999995
0.99999833
0.99999995
0.99865486
0.99987976
0.99978972
0.99998428
0.99996144
0.99999747
0.9999976
0.99999987
0.99999975
0.99999999
0.99999999
1
1
1
1
1
0.99999978
0.99999999
0.99999999
1
0.99366012
0.99702279
0.99923177
0.999708
0.99882843
0.99979995
0.99990024
0.99998582
0.9999883
0.99999854
0.99999961
0.99999996
0.99988483
0.99996215
0.99999463
0.99999854
0.99503356
0.99936753
0.99878537
0.99985632
0.99990276
0.99999535
0.99997957
0.99999914
0.99999547
0.99999982
0.99999966
0.99999999
0.99971912
0.99996686
0.99998344
0.9999975
1
0.99999978
1.0000002
1
0.99999997
1
1
1
1
1
1
1
1
1
1
1
1.0049636
1.0012143
1.0006324
1.0001437
1.0002808
1.0000166
1.0000331
1.0000025
1.0000045
1.0000003
1.0000002
1
1.0000972
1.0000204
1.0000047
1.0000009
1.006337
1.0007682
1.0029769
1.000292
1.0001152
1.0000054
1.0000378
1.0000015
1.0000117
1.0000004
1.0000015
1
1.0011715
1.0000998
1.0002001
1.0000142
1.0000386
1.0000024
1.0000025
1.0000001
1.0000002
1
1
1
1
1
1
1
1.0000002
1
1
1
1.0094055
1.0037274
1.0011591
1.0003808
1.0013451
1.0002103
1.0001202
1.0000157
1.0000145
1.0000017
1.0000005
1
1.0001753
1.0000505
1.0000082
1.000002
1.0088809
1.0011072
1.0030542
1.0003241
1.0001684
1.000008
1.0000438
1.0000018
1.0000118
1.0000004
1.0000012
1
1.0010049
1.0000948
1.0001402
1.0000113
1.0000238
1.0000017
1.0000013
1.0000001
1.0000002
1
1
1
1
1
1
1
1.0000001
1
1
1
1.0008474
1.0010892
1.0000839
1.0000917
1.0005505
1.0001134
1.0000412
1.0000072
1.0000044
1.0000007
1.0000001
1
1.0000111
1.0000108
1.0000004
1.0000004
