FiniteElementSpace
FiniteElementCollection: L2_2D_P1
VDim: 1
Ordering: 0

7.5565745
7.606814
7.5316882
7.590206
7.6292112
7.6397823
7.6202221
7.638125
7.6287016
7.6402279
7.6389693
7.6422456
7.5647484
7.6078377
7.6150007
7.6320469
7.5283498
7.5146936
7.543389
7.5577446
7.5563293
7.6129488
7.5935553
7.6290843
7.6198498
7.6373374
7.6378181
7.6418673
7.5809517
7.5982856
7.6224144
7.6314058
7.6022431
7.5878815
7.6807423
7.6427298
7.6029935
7.6277864
7.6356776
7.6391621
7.6430242
7.6420906
7.6436464
7.6428576
7.6826742
7.6509857
7.6584184
7.6466752
7.6761366
7.725235
7.7539304
7.7277152
7.704716
7.6637905
7.6883777
7.6544315
7.6661987
7.647919
7.6483997
7.6438478
7.7293384
7.6931081
7.6732561
7.6567531
7.6479118
7.7369358
7.66181
7.6952537
7.7209192
7.6712042
7.6788256
7.6537905
7.6573468
7.6467677
7.6455091
7.6434696
7.6564565
7.6664412
7.6464226
7.6477124
7.6420399
7.6427738
7.641773
7.6427655
7.6428461
7.6428567
7.6428464
7.6428568
7.6428527
7.642857
7.6428565
7.6428571
7.6423074
7.642816
7.6427438
7.6428499
7.6428333
7.6428558
7.6428554
7.6428571
7.642857
7.6428571
7.6428571
7.6428571
7.6428571
7.6428571
7.6428571
7.6428571
7.642857
7.6428571
7.6428571
7.6428571
7.6340064
7.639808
7.6417505
7.6425331
7.641853
7.642717
7.6427624
7.6428459
7.6428454
7.6428559
7.6428567
7.6428571
7.6426887
7.6428133
7.6428492
7.6428554
7.6334818
7.6416986
7.6391347
7.6424764
7.6426819
7.6428489
7.6428067
7.6428552
7.6428426
7.6428566
7.6428555
7.6428571
7.6415127
7.6427369
7.6426469
7.6428414
7.6428186
7.6428546
7.6428547
7.642857
7.6428569
7.6428571
7.6428571
7.6428571
7.6428571
7.6428571
7.6428571
7.6428571
7.6428569
7.6428571
7.6428571
7.6428571
7.6365503
7.6398853
7.6420895
7.6425652
7.6416863
7.6426571
7.6427574
7.642843
7.6428454
7.6428557
7.6428567
7.6428571
7.642742
7.6428193
7.6428518
7.6428557
7.6379237
7.6422253
7.6416479
7.6427135
7.6427599
7.6428525
7.6428367
7.6428563
7.6428526
7.642857
7.6428568
7.6428571
7.642577
7.642824
7.6428406
7.6428546
7.6428571
7.6428569
7.6428574
7.6428571
7.6428571
7.6428571
7.6428571
7.6428571
7.6428571
7.6428571
7.6428571
7.6428571
7.6428572
7.6428571
7.6428571
7.6428571
7.6478538
7.6440768
7.6434902
7.6430009
7.6431387
7.6428737
7.6428903
7.6428596
7.6428617
7.6428575
7.6428573
7.6428572
7.6429544
7.6428776
7.6428618
7.642858
7.6492272
7.6436259
7.6458394
7.6431492
7.6429723
7.6428625
7.642895
7.6428586
7.6428688
7.6428575
7.6428586
7.6428572
7.6440294
7.6429569
7.6430572
7.6428713
7.6428957
7.6428595
7.6428597
7.6428573
7.6428574
7.6428571
7.6428572
7.6428571
7.6428571
7.6428571
7.6428571
7.6428571
7.6428574
7.6428572
7.6428571
7.6428571
7.6522957
7.6465899
7.6440168
7.643238
7.644203
7.6430674
7.6429774
7.6428729
7.6428716
7.6428588
7.6428576
7.6428572
7.6430324
7.6429076
7.6428654
7.6428591
7.651771
7.6439649
7.6459166
7.6431813
7.6430256
7.6428651
7.642901
7.6428589
7.6428689
7.6428576
7.6428584
7.6428572
7.6438628
7.6429519
7.6429974
7.6428684
7.642881
7.6428588
7.6428585
7.6428572
7.6428573
7.6428571
7.6428572
7.6428571
7.6428571
7.6428571
7.6428571
7.6428571
7.6428573
7.6428571
7.6428571
7.6428571
7.6437376
7.6439517
7.6429416
7.6429489
7.6434083
7.6429706
7.6428983
7.6428644
7.6428616
7.6428578
7.6428573
7.6428572
7.6428682
7.6428679
7.6428576
7.6428575
