FiniteElementSpace
FiniteElementCollection: H1_2D_P1
VDim: 1
Ordering: 0

1.1599375
1.1985764
1.1275261
1.1839141
1.2206824
1.1736267
1.1480606
1.140023
1.16039
1.1609643
1.21589
1.1729003
1.1964295
1.1927545
1.210757
1.1930912
1.1713987
1.1684928
1.1856371
1.1521679
1.1557246
1.1643245
1.1687943
1.1719986
1.156092
1.1527468
1.1380133
1.1322686
1.150956
1.1852109
1.2052439
1.2056048
1.1799523
1.1600029
1.1802672
1.1603118
1.1428999
1.1910503
1.1791212
1.1786117
1.1902674
1.2187806
1.2108838
1.2084533
1.2160839
1.2012024
1.1886679
1.1991387
1.1960797
1.2048611
1.1962509
1.1994875
1.2086367
1.1862901
1.1831846
1.192099
1.1775603
1.1759951
1.1739506
1.1714567
1.1794064
1.1637804
1.1626427
1.1685217
1.1647748
1.1558688
1.1564581
1.1573068
1.1585522
1.1612987
1.1716096
1.1742573
1.1833447
1.1652178
1.1662013
1.1764573
1.1627989
1.1640817
1.1587612
1.1576368
1.1524373
1.1499494
1.1569092
1.1564407
1.1431849
1.1400465
1.1480135
1.1327351
1.129504
1.1375923
1.1465545
1.1357929
1.1455208
1.1849098
1.2139577
1.195051
1.2024325
1.2026098
1.189594
1.182249
1.1770663
1.1665743
1.1601772
1.1599085
1.1772221
1.1705566
1.1667268
1.1600768
1.154177
1.1606195
1.1451717
1.1347644
1.1411956
