MFEM mesh v1.0

#
# MFEM Geometry Types (see fem/geom.hpp):
#
# POINT       = 0
# SEGMENT     = 1
# TRIANGLE    = 2
# SQUARE      = 3
# TETRAHEDRON = 4
# CUBE        = 5
# PRISM       = 6
#

dimension
2

elements
80
1 3 9 33 85 36
1 3 33 12 34 85
1 3 85 34 27 35
1 3 36 85 35 15
1 3 12 37 86 34
1 3 37 4 38 86
1 3 86 38 13 39
1 3 34 86 39 27
1 3 27 39 87 42
1 3 39 13 40 87
1 3 87 40 1 41
1 3 42 87 41 14
1 3 15 35 88 44
1 3 35 27 42 88
1 3 88 42 14 43
1 3 44 88 43 5
1 3 28 45 89 47
1 3 45 15 44 89
1 3 89 44 5 46
1 3 47 89 46 16
1 3 11 48 90 50
1 3 48 28 47 90
1 3 90 47 16 49
1 3 50 90 49 3
1 3 16 46 91 53
1 3 46 5 51 91
1 3 91 51 17 52
1 3 53 91 52 29
1 3 29 52 92 56
1 3 52 17 54 92
1 3 92 54 10 55
1 3 56 92 55 18
1 3 19 57 93 59
1 3 57 29 56 93
1 3 93 56 18 58
1 3 59 93 58 8
1 3 5 43 94 51
1 3 43 14 60 94
1 3 94 60 30 61
1 3 51 94 61 17
1 3 14 41 95 60
1 3 41 1 62 95
1 3 95 62 20 63
1 3 60 95 63 30
1 3 30 63 96 66
1 3 63 20 64 96
1 3 96 64 6 65
1 3 66 96 65 21
1 3 17 61 97 54
1 3 61 30 66 97
1 3 97 66 21 67
1 3 54 97 67 10
1 3 10 67 98 70
1 3 67 21 68 98
1 3 98 68 31 69
1 3 70 98 69 24
1 3 21 65 99 68
1 3 65 6 71 99
1 3 99 71 22 72
1 3 68 99 72 31
1 3 31 72 100 75
1 3 72 22 73 100
1 3 100 73 0 74
1 3 75 100 74 23
1 3 24 69 101 77
1 3 69 31 75 101
1 3 101 75 23 76
1 3 77 101 76 7
1 3 18 55 102 79
1 3 55 10 70 102
1 3 102 70 24 78
1 3 79 102 78 32
1 3 32 78 103 81
1 3 78 24 77 103
1 3 103 77 7 80
1 3 81 103 80 25
1 3 26 82 104 84
1 3 82 32 81 104
1 3 104 81 25 83
1 3 84 104 83 2

boundary
48
1 1 1 62
1 1 62 20
1 1 20 64
1 1 64 6
1 1 6 71
1 1 71 22
1 1 22 73
1 1 73 0
1 1 0 74
1 1 74 23
1 1 23 76
1 1 76 7
1 1 7 80
1 1 80 25
1 1 25 83
1 1 83 2
1 1 4 38
1 1 38 13
1 1 13 40
1 1 40 1
6 1 3 50
6 1 37 4
6 1 9 33
6 1 36 9
6 1 11 48
6 1 45 15
6 1 49 3
6 1 53 16
6 1 19 57
6 1 58 8
6 1 8 59
6 1 79 18
6 1 26 82
6 1 2 84
6 1 50 11
6 1 48 28
6 1 16 49
6 1 29 53
6 1 57 29
6 1 18 58
6 1 59 19
6 1 32 79
6 1 82 32
6 1 84 26
6 1 12 37
6 1 33 12
6 1 15 36
6 1 28 45

vertices
105
2
1.30902 -0.951057
0.809019 -0.951057
1.15451 -0.475529
0.654509 -0.475529
0.559018 -0.951057
0.731764 -0.713293
1.0590195 -0.951057
1.231765 -0.713293
0.9045095 -0.475529
0.48176325 -0.713293
0.9817645 -0.713293
0.52950875 -0.475529
0.52039062 -0.832175
0.6840185 -0.951057
0.7703915 -0.832175
0.60676363 -0.713293
0.6931365 -0.594411
0.85676425 -0.713293
0.943137 -0.594411
0.77950925 -0.475529
0.93401925 -0.951057
1.020392 -0.832175
1.1840198 -0.951057
1.2703925 -0.832175
1.1067647 -0.713293
1.1931375 -0.594411
1.0295097 -0.475529
0.64539106 -0.832175
0.56813619 -0.594411
0.81813675 -0.594411
0.89539175 -0.832175
1.1453923 -0.832175
1.0681373 -0.594411
0.50107694 -0.772734
0.58289084 -0.832175
0.62607734 -0.772734
0.54426344 -0.713293
0.53970431 -0.891616
0.62151825 -0.951057
0.66470478 -0.891616
0.74651875 -0.951057
0.78970525 -0.891616
0.70789128 -0.832175
0.75107775 -0.772734
0.66926381 -0.713293
0.58744991 -0.653852
0.71245025 -0.653852
0.63063634 -0.594411
0.54882247 -0.53497
0.67382275 -0.53497
0.59200887 -0.475529
0.79426413 -0.713293
0.8374505 -0.653852
0.75563663 -0.594411
0.91926438 -0.713293
0.96245075 -0.653852
0.88063688 -0.594411
0.798823 -0.53497
0.92382325 -0.53497
0.84200937 -0.475529
0.83289163 -0.832175
0.876078 -0.772734
0.87151913 -0.951057
0.9147055 -0.891616
0.99651937 -0.951057
1.0397057 -0.891616
0.95789188 -0.832175
1.0010783 -0.772734
1.0828921 -0.832175
1.1260785 -0.772734
1.0442646 -0.713293
1.1215196 -0.951057
1.164706 -0.891616
1.2465199 -0.951057
1.2897063 -0.891616
1.2078924 -0.832175
1.2510788 -0.772734
1.1692649 -0.713293
1.087451 -0.653852
1.0056371 -0.594411
1.2124512 -0.653852
1.1306374 -0.594411
1.0488235 -0.53497
1.1738237 -0.53497
1.0920099 -0.475529
0.56357714 -0.772734
0.60220455 -0.891616
0.72720502 -0.891616
0.68857755 -0.772734
0.64995008 -0.653852
0.61132261 -0.53497
0.77495037 -0.653852
0.89995063 -0.653852
0.86132313 -0.53497
0.81357788 -0.772734
0.85220538 -0.891616
0.97720563 -0.891616
0.93857813 -0.772734
1.0635784 -0.772734
1.1022059 -0.891616
1.2272061 -0.891616
1.1885786 -0.772734
1.0249509 -0.653852
1.1499511 -0.653852
1.1113236 -0.53497
