FiniteElementSpace
FiniteElementCollection: H1_2D_P1
VDim: 1
Ordering: 0

1.2296119
1.1985763
1.2203947
1.184556
1.2206824
1.183914
1.2082005
1.2074644
1.2270318
1.2274463
1.2274463
1.2165296
1.2162736
1.2271853
1.197358
1.173802
1.1971193
1.1930912
1.210757
1.21589
1.2157546
1.1927545
1.1964295
1.1719986
1.1856371
1.2241093
1.2238414
1.1861831
1.2056048
1.2234395
1.2052438
1.1802672
1.1616101
1.2290409
1.2263104
1.2263104
1.2290409
1.2261761
1.2260453
1.2289104
1.2206386
1.2127756
1.2126489
1.2205091
1.2189751
1.2244181
1.203054
1.1920043
1.1918879
1.2029316
1.1800577
1.1793899
1.190933
1.2112564
1.2086367
1.2160838
1.2017328
1.1891621
1.1994875
1.1962509
1.2048611
1.2258419
1.225767
1.2288317
1.2187806
1.2201157
1.2200453
1.2185708
1.2241947
1.2084533
1.2108838
1.1960796
1.1991387
1.1886679
1.1902673
1.2012024
1.202218
1.2120841
1.1866153
1.1833447
1.192099
1.1781799
1.1764573
1.1675942
1.167004
1.2282216
1.2280888
1.2170754
1.2229795
1.1977223
1.1857174
1.2141469
1.2074847
1.1955632
1.2026098
1.2278821
1.2227802
1.2226352
1.2139577
1.2024324
1.195051
1.2069366
1.1897594
1.1827262
1.1730905
