MFEM mesh v1.0

#
# MFEM Geometry Types (see fem/geom.hpp):
#
# POINT       = 0
# SEGMENT     = 1
# TRIANGLE    = 2
# SQUARE      = 3
# TETRAHEDRON = 4
# CUBE        = 5
# PRISM       = 6
#

dimension
2

elements
80
1 3 11 34 87 37
1 3 34 1 35 87
1 3 87 35 13 36
1 3 37 87 36 26
1 3 26 36 88 40
1 3 36 13 38 88
1 3 88 38 4 39
1 3 40 88 39 14
1 3 12 41 89 43
1 3 41 26 40 89
1 3 89 40 14 42
1 3 43 89 42 7
1 3 14 39 90 46
1 3 39 4 44 90
1 3 90 44 15 45
1 3 46 90 45 27
1 3 1 47 91 50
1 3 47 10 48 91
1 3 91 48 28 49
1 3 50 91 49 19
1 3 10 51 92 48
1 3 51 3 52 92
1 3 92 52 17 53
1 3 48 92 53 28
1 3 19 49 93 56
1 3 49 28 54 93
1 3 93 54 18 55
1 3 56 93 55 5
1 3 3 57 94 52
1 3 57 9 58 94
1 3 94 58 29 59
1 3 52 94 59 17
1 3 9 60 95 58
1 3 60 2 61 95
1 3 95 61 16 62
1 3 58 95 62 29
1 3 5 55 96 65
1 3 55 18 63 96
1 3 96 63 30 64
1 3 65 96 64 20
1 3 1 50 97 35
1 3 50 19 66 97
1 3 97 66 31 67
1 3 35 97 67 13
1 3 19 56 98 66
1 3 56 5 68 98
1 3 98 68 21 69
1 3 66 98 69 31
1 3 31 69 99 72
1 3 69 21 70 99
1 3 99 70 8 71
1 3 72 99 71 22
1 3 13 67 100 38
1 3 67 31 72 100
1 3 100 72 22 73
1 3 38 100 73 4
1 3 5 65 101 68
1 3 65 20 74 101
1 3 101 74 32 75
1 3 68 101 75 21
1 3 20 76 102 74
1 3 76 0 77 102
1 3 102 77 23 78
1 3 74 102 78 32
1 3 32 78 103 81
1 3 78 23 79 103
1 3 103 79 6 80
1 3 81 103 80 24
1 3 21 75 104 70
1 3 75 32 81 104
1 3 104 81 24 82
1 3 70 104 82 8
1 3 4 73 105 44
1 3 73 22 83 105
1 3 105 83 33 84
1 3 44 105 84 15
1 3 22 71 106 83
1 3 71 8 85 106
1 3 106 85 25 86
1 3 83 106 86 33

boundary
52
1 1 0 77
1 1 77 23
1 1 23 79
1 1 79 6
17 1 60 2
17 1 3 57
17 1 51 3
17 1 1 47
17 1 34 1
17 1 7 43
17 1 37 11
17 1 12 41
17 1 42 7
17 1 46 14
17 1 15 45
17 1 2 61
17 1 17 53
17 1 54 18
17 1 59 17
17 1 16 62
17 1 18 63
17 1 64 20
17 1 76 0
17 1 6 80
17 1 82 8
17 1 8 85
17 1 84 15
17 1 25 86
17 1 9 60
17 1 61 16
17 1 62 29
17 1 57 9
17 1 10 51
17 1 47 10
17 1 11 34
17 1 43 12
17 1 26 37
17 1 41 26
17 1 14 42
17 1 27 46
17 1 45 27
17 1 33 84
17 1 53 28
17 1 28 54
17 1 29 59
17 1 63 30
17 1 30 64
17 1 20 76
17 1 80 24
17 1 24 82
17 1 85 25
17 1 86 33

vertices
107
2
-0.809017 0.587785
-0.404508 0.293893
-0.25 0.769421
-0.327254 0.531657
-0.606762 0.1469465
-0.6067625 0.440839
-1.0112685 0.440839
-0.404508 0
-0.80901525 0.29389275
-0.288627 0.650539
-0.365881 0.412775
-0.303381 0.22041975
-0.303381 0.07347325
-0.505635 0.22041975
-0.505635 0.07347325
-0.707889 0.07347325
-0.351127 0.84289325
-0.42838113 0.60512963
-0.56813537 0.55972062
-0.50563525 0.367366
-0.70788975 0.514312
-0.70788887 0.36736587
-0.70788862 0.22041963
-0.91014275 0.514312
-0.91014187 0.36736587
-0.91014162 0.22041963
-0.404508 0.1469465
-0.606762 0
-0.46700819 0.48624781
-0.38975406 0.72401144
-0.66926256 0.63319344
-0.60676194 0.29389281
-0.80901581 0.44083894
-0.80901531 0.14694644
-0.3539445 0.25715637
-0.4550715 0.25715637
-0.4550715 0.18368313
-0.3539445 0.18368313
-0.5561985 0.18368313
-0.5561985 0.11020988
-0.4550715 0.11020988
-0.3539445 0.11020988
-0.4550715 0.036736625
-0.3539445 0.036736625
-0.6573255 0.11020988
-0.6573255 0.036736625
-0.5561985 0.036736625
-0.3851945 0.353334
-0.41644459 0.44951141
-0.48632172 0.42680691
-0.45507162 0.3306295
-0.3465675 0.472216
-0.37781756 0.56839331
-0.44769466 0.54568872
-0.51757178 0.52298422
-0.58744894 0.50027981
-0.55619887 0.4041025
-0.3079405 0.591098
-0.33919053 0.68727522
-0.40906759 0.66457053
-0.2693135 0.70998
-0.3005635 0.80615712
-0.37044053 0.78345234
-0.61869897 0.59645703
-0.68857616 0.57375272
-0.65732612 0.4775755
-0.55619859 0.33062941
-0.55619847 0.25715628
-0.65732569 0.40410244
-0.65732541 0.33062934
-0.75845206 0.33062931
-0.75845194 0.25715619
-0.65732528 0.25715622
-0.65732531 0.18368306
-0.75845278 0.47757547
-0.75845234 0.40410241
-0.75845337 0.5510485
-0.85957987 0.5510485
-0.85957928 0.47757547
-0.96070562 0.4775755
-0.96070519 0.40410244
-0.85957884 0.40410241
-0.85957856 0.33062931
-0.75845197 0.18368303
-0.75845216 0.11020984
-0.85957844 0.25715619
-0.85957847 0.18368303
-0.404508 0.22041975
-0.505635 0.1469465
-0.404508 0.07347325
-0.606762 0.07347325
-0.43575811 0.39007045
-0.39713108 0.50895236
-0.53688533 0.46354336
-0.35850405 0.62783427
-0.31987702 0.74671617
-0.63801255 0.53701627
-0.50563505 0.29389289
-0.60676214 0.36736592
-0.70788867 0.29389277
-0.60676189 0.22041967
-0.70788923 0.44083895
-0.80901633 0.51431198
-0.91014223 0.44083895
-0.80901545 0.36736586
-0.70788873 0.14694645
-0.8090152 0.22041961
