FiniteElementSpace
FiniteElementCollection: H1_2D_P1
VDim: 1
Ordering: 0

1.1025686
1.1265647
1.1608793
1.1839141
1.109215
1.1092338
1.1390531
1.1474346
1.1193499
1.16039
1.1729003
1.1283599
1.128399
1.1492193
1.1127766
1.1043359
1.1043392
1.1127949
1.1168907
1.1313223
1.1713987
1.1684928
1.1501565
1.1371915
1.1521679
1.1557246
1.1380257
1.1211183
1.1070137
1.1211737
1.1799523
1.1607699
1.142109
1.1600029
1.1329379
1.123595
1.1236118
1.1329605
1.1243936
1.1166694
1.1157123
1.1095337
1.1095407
1.1157239
1.110599
1.1063986
1.105267
1.1030671
1.1030677
1.1052703
1.1064078
1.1106195
1.133592
1.1244436
1.126091
1.1348395
1.1167037
1.1127557
1.1186452
1.121535
1.1285551
1.1759951
1.165617
1.1647748
1.1739506
1.1786117
1.1667251
1.1662776
1.1775603
1.1669348
1.1549344
1.1550298
1.1438821
1.1446292
1.1551985
1.1554657
1.1457639
1.1473213
1.1558688
1.1367168
1.1318369
1.1392453
1.1424537
1.1493525
1.1564581
1.151932
1.1573068
1.1280203
1.1197852
1.1122721
1.1075639
1.103755
1.1075738
1.1294976
1.1198133
1.1143396
1.1234268
1.1701063
1.1723398
1.1608694
1.149571
1.1606001
1.151007
1.1403167
1.1338826
1.1444653
1.1537052
