MFEM mesh v1.0

#
# MFEM Geometry Types (see fem/geom.hpp):
#
# POINT       = 0
# SEGMENT     = 1
# TRIANGLE    = 2
# SQUARE      = 3
# TETRAHEDRON = 4
# CUBE        = 5
# PRISM       = 6
#

dimension
2

elements
80
1 3 25 32 83 35
1 3 32 12 33 83
1 3 83 33 8 34
1 3 35 83 34 13
1 3 14 36 84 38
1 3 36 25 35 84
1 3 84 35 13 37
1 3 38 84 37 6
1 3 12 39 85 33
1 3 39 26 40 85
1 3 85 40 15 41
1 3 33 85 41 8
1 3 8 41 86 44
1 3 41 15 42 86
1 3 86 42 27 43
1 3 44 86 43 17
1 3 15 45 87 42
1 3 45 4 46 87
1 3 87 46 11 47
1 3 42 87 47 27
1 3 27 47 88 50
1 3 47 11 48 88
1 3 88 48 1 49
1 3 50 88 49 16
1 3 17 43 89 52
1 3 43 27 50 89
1 3 89 50 16 51
1 3 52 89 51 5
1 3 6 37 90 55
1 3 37 13 53 90
1 3 90 53 28 54
1 3 55 90 54 19
1 3 13 34 91 53
1 3 34 8 44 91
1 3 91 44 17 56
1 3 53 91 56 28
1 3 28 56 92 58
1 3 56 17 52 92
1 3 92 52 5 57
1 3 58 92 57 18
1 3 19 54 93 60
1 3 54 28 58 93
1 3 93 58 18 59
1 3 60 93 59 0
1 3 2 61 94 64
1 3 61 14 62 94
1 3 94 62 29 63
1 3 64 94 63 10
1 3 14 38 95 62
1 3 38 6 65 95
1 3 95 65 20 66
1 3 62 95 66 29
1 3 29 66 96 69
1 3 66 20 67 96
1 3 96 67 9 68
1 3 69 96 68 21
1 3 10 63 97 71
1 3 63 29 69 97
1 3 97 69 21 70
1 3 71 97 70 3
1 3 6 55 98 65
1 3 55 19 72 98
1 3 98 72 30 73
1 3 65 98 73 20
1 3 19 60 99 72
1 3 60 0 74 99
1 3 99 74 22 75
1 3 72 99 75 30
1 3 30 75 100 78
1 3 75 22 76 100
1 3 100 76 7 77
1 3 78 100 77 23
1 3 20 73 101 67
1 3 73 30 78 101
1 3 101 78 23 79
1 3 67 101 79 9
1 3 21 68 102 82
1 3 68 9 80 102
1 3 102 80 24 81
1 3 82 102 81 31

boundary
44
1 1 1 49
1 1 49 16
1 1 16 51
1 1 51 5
1 1 5 57
1 1 57 18
1 1 18 59
1 1 59 0
1 1 0 74
1 1 74 22
1 1 22 76
1 1 76 7
11 1 64 2
11 1 3 71
11 1 4 46
11 1 48 1
11 1 14 36
11 1 2 61
11 1 32 12
11 1 12 39
11 1 45 4
11 1 40 15
11 1 70 3
11 1 7 77
11 1 79 9
11 1 9 80
11 1 82 21
11 1 24 81
11 1 10 64
11 1 71 10
11 1 36 25
11 1 61 14
11 1 25 32
11 1 39 26
11 1 46 11
11 1 11 48
11 1 15 45
11 1 26 40
11 1 21 70
11 1 31 82
11 1 77 23
11 1 23 79
11 1 80 24
11 1 81 31

vertices
103
2
0.309017 -0.951057
-0.0954915 -1.24495
0.154508 -0.475529
0.4045085 -0.475529
-0.17274575 -1.007185
0.10676275 -1.0980035
0.2317625 -0.713293
0.559018 -0.951057
0.029508375 -0.860239
0.48176325 -0.713293
0.27950825 -0.475529
-0.13411862 -1.1260675
-0.0091188125 -0.74135675
0.13063544 -0.786766
0.19313525 -0.594411
-0.071618688 -0.933712
0.005635625 -1.1714768
0.068135562 -0.97912125
0.20788988 -1.0245302
0.27038975 -0.832175
0.35676287 -0.713293
0.44313587 -0.594411
0.4340175 -0.951057
0.52039062 -0.832175
0.60676363 -0.713293
0.092008219 -0.66788388
-0.11024584 -0.81482963
-0.032991531 -1.0525944
0.16926266 -0.90564813
0.31813556 -0.594411
0.39539019 -0.832175
0.56813619 -0.594411
0.041444703 -0.70462031
0.010194781 -0.80079787
0.080071906 -0.8235025
0.11132183 -0.72732494
0.14257173 -0.63114744
0.18119897 -0.7500295
0.21244887 -0.653852
-0.059682328 -0.77809319
-0.090932266 -0.87427081
-0.021055156 -0.8969755
-0.052305109 -0.99315319
0.017572016 -1.0158578
0.048821969 -0.91968012
-0.12218222 -0.9704485
-0.15343219 -1.0666263
-0.083555078 -1.0893309
-0.11480506 -1.1855087
-0.044927938 -1.2082134
-0.013677953 -1.1120356
0.056199187 -1.1347401
0.087449156 -1.0385624
0.14994905 -0.84620706
0.2198262 -0.86891156
0.25107612 -0.772734
0.11869911 -0.94238469
0.15732631 -1.0612669
0.18857627 -0.96508919
0.25845344 -0.98779363
0.28970337 -0.891616
0.17382162 -0.53497
0.25563541 -0.594411
0.29882191 -0.53497
0.21700812 -0.475529
0.29426269 -0.713293
0.33744922 -0.653852
0.41926306 -0.713293
0.46244956 -0.653852
0.38063572 -0.594411
0.42382219 -0.53497
0.34200838 -0.475529
0.33288997 -0.832175
0.37607653 -0.772734
0.37151725 -0.951057
0.41470384 -0.891616
0.49651775 -0.951057
0.53970431 -0.891616
0.45789041 -0.832175
0.50107694 -0.772734
0.54426344 -0.713293
0.58744991 -0.653852
0.50563603 -0.594411
0.060758305 -0.76406141
0.16188535 -0.69058847
-0.040368742 -0.83753434
-0.0017415703 -0.95641666
-0.10286865 -1.0298897
-0.064241508 -1.1487722
0.036885602 -1.075299
0.20051259 -0.80947053
0.099385508 -0.88294359
0.13801271 -1.0018258
0.23913982 -0.92835259
0.23632177 -0.53497
0.27494905 -0.653852
0.39994939 -0.653852
0.36132205 -0.53497
0.31357633 -0.772734
0.35220361 -0.891616
0.47720408 -0.891616
0.43857673 -0.772734
0.52494973 -0.653852
