FiniteElementSpace
FiniteElementCollection: H1_2D_P1
VDim: 1
Ordering: 0

1.2296119
1.1995301
1.2206824
1.1850022
1.2211977
1.2211977
1.2082005
1.208725
1.2082005
1.2270318
1.21589
1.2271853
1.2165296
1.2274463
1.1971193
1.1740093
1.197358
1.1937916
1.2115069
1.2167988
1.2167988
1.2274463
1.1978728
1.1978728
1.2115069
1.2165296
1.197358
1.2234395
1.2238414
1.1861831
1.2060984
1.2241093
1.2063641
1.1869184
1.206364
1.2238414
1.2060984
1.2288317
1.225767
1.2258419
1.2289104
1.2201157
1.2187806
1.2244181
1.2260453
1.2261761
1.2290409
1.2206386
1.2193613
1.224808
1.2029316
1.1918879
1.1920042
1.203054
1.1801662
1.1797137
1.1912802
1.2116344
1.2092592
1.2167197
1.2127756
1.2020978
1.1897346
1.2000891
1.1970791
1.2057174
1.2194968
1.2209078
1.2263104
1.213175
1.213175
1.2209078
1.2263104
1.2194968
1.2248079
1.2093932
1.2119024
1.2035746
1.1926335
1.1926335
1.2035746
1.2119024
1.2093932
1.2167196
1.2024909
1.2193613
1.2206386
1.2261761
1.2092592
1.2116344
1.2020978
1.203054
1.2127756
1.2278821
1.2227803
1.2280888
1.2232396
1.1977223
1.1859423
1.2146544
1.2077337
1.1960366
1.2033397
1.2233748
1.2174755
1.2233748
1.2147894
1.1983596
1.2147894
1.2081307
1.2232396
1.2146544
1.2077337
