MFEM mesh v1.0

#
# MFEM Geometry Types (see fem/geom.hpp):
#
# POINT       = 0
# SEGMENT     = 1
# TRIANGLE    = 2
# SQUARE      = 3
# TETRAHEDRON = 4
# CUBE        = 5
# PRISM       = 6
#

dimension
2

elements
80
1 3 7 33 85 36
1 3 33 2 34 85
1 3 85 34 8 35
1 3 36 85 35 24
1 3 24 35 86 39
1 3 35 8 37 86
1 3 86 37 4 38
1 3 39 86 38 9
1 3 2 40 87 34
1 3 40 10 41 87
1 3 87 41 25 42
1 3 34 87 42 8
1 3 10 43 88 41
1 3 43 0 44 88
1 3 88 44 11 45
1 3 41 88 45 25
1 3 25 45 89 48
1 3 45 11 46 89
1 3 89 46 3 47
1 3 48 89 47 12
1 3 8 42 90 37
1 3 42 25 48 90
1 3 90 48 12 49
1 3 37 90 49 4
1 3 4 49 91 52
1 3 49 12 50 91
1 3 91 50 26 51
1 3 52 91 51 15
1 3 12 47 92 50
1 3 47 3 53 92
1 3 92 53 13 54
1 3 50 92 54 26
1 3 26 54 93 57
1 3 54 13 55 93
1 3 93 55 1 56
1 3 57 93 56 14
1 3 9 38 94 59
1 3 38 4 52 94
1 3 94 52 15 58
1 3 59 94 58 27
1 3 28 60 95 63
1 3 60 16 61 95
1 3 95 61 5 62
1 3 63 95 62 17
1 3 2 64 96 40
1 3 64 17 65 96
1 3 96 65 29 66
1 3 40 96 66 10
1 3 17 62 97 65
1 3 62 5 67 97
1 3 97 67 18 68
1 3 65 97 68 29
1 3 10 66 98 43
1 3 66 29 69 98
1 3 98 69 19 70
1 3 43 98 70 0
1 3 0 71 99 44
1 3 71 20 72 99
1 3 99 72 30 73
1 3 44 99 73 11
1 3 30 74 100 77
1 3 74 21 75 100
1 3 100 75 6 76
1 3 77 100 76 22
1 3 11 73 101 46
1 3 73 30 77 101
1 3 101 77 22 78
1 3 46 101 78 3
1 3 3 78 102 53
1 3 78 22 79 102
1 3 102 79 31 80
1 3 53 102 80 13
1 3 13 80 103 55
1 3 80 31 81 103
1 3 103 81 23 82
1 3 55 103 82 1
1 3 0 70 104 71
1 3 70 19 83 104
1 3 104 83 32 84
1 3 71 104 84 20

boundary
48
9 1 36 7
9 1 33 2
9 1 9 39
9 1 51 15
9 1 1 56
9 1 14 57
9 1 59 9
9 1 15 58
9 1 60 16
9 1 61 5
9 1 17 63
9 1 2 64
9 1 5 67
9 1 18 68
9 1 69 19
9 1 20 72
9 1 74 21
9 1 75 6
9 1 6 76
9 1 22 79
9 1 81 23
9 1 82 1
9 1 19 83
9 1 84 20
9 1 24 36
9 1 39 24
9 1 7 33
9 1 28 60
9 1 16 61
9 1 63 28
9 1 64 17
9 1 26 51
9 1 57 26
9 1 27 59
9 1 58 27
9 1 56 14
9 1 67 18
9 1 68 29
9 1 29 69
9 1 83 32
9 1 72 30
9 1 30 74
9 1 21 75
9 1 76 22
9 1 79 31
9 1 31 81
9 1 23 82
9 1 32 84

vertices
105
2
0.5 0
0.654509 0.475529
0.25 0
0.5772545 0.2377645
0.32725425 0.2377645
0.32725425 -0.2377645
0.82725475 0.2377645
0.125 0
0.28862712 0.11888225
0.20225413 0.2377645
0.375 0
0.53862725 0.11888225
0.45225437 0.2377645
0.61588175 0.35664675
0.52950875 0.475529
0.36588138 0.35664675
0.20225412 -0.2377645
0.28862712 -0.11888225
0.45225437 -0.2377645
0.53862725 -0.11888225
0.625 0
0.78862738 0.11888225
0.70225463 0.2377645
0.77950925 0.475529
0.16362706 0.11888225
0.41362719 0.11888225
0.49088156 0.35664675
0.24088119 0.35664675
0.16362706 -0.11888225
0.41362719 -0.11888225
0.66362731 0.11888225
0.74088194 0.35664675
0.66362731 -0.11888225
0.1875 0
0.26931356 0.059441125
0.22612709 0.11888225
0.14431353 0.059441125
0.30794069 0.17832338
0.26475419 0.2377645
0.18294059 0.17832338
0.3125 0
0.39431359 0.059441125
0.35112716 0.11888225
0.4375 0
0.51931363 0.059441125
0.47612722 0.11888225
0.55794088 0.17832338
0.51475444 0.2377645
0.43294078 0.17832338
0.38975431 0.2377645
0.47156797 0.29720563
0.42838147 0.35664675
0.34656781 0.29720563
0.59656813 0.29720563
0.55338166 0.35664675
0.63519538 0.41608787
0.59200887 0.475529
0.51019516 0.41608787
0.30338128 0.35664675
0.22156766 0.29720563
0.18294059 -0.17832338
0.26475419 -0.2377645
0.30794069 -0.17832338
0.22612709 -0.11888225
0.26931356 -0.059441125
0.35112716 -0.11888225
0.39431359 -0.059441125
0.38975431 -0.2377645
0.43294078 -0.17832338
0.47612722 -0.11888225
0.51931363 -0.059441125
0.5625 0
0.64431366 0.059441125
0.60112728 0.11888225
0.72612734 0.11888225
0.80794106 0.17832338
0.76475469 0.2377645
0.68294097 0.17832338
0.63975456 0.2377645
0.72156828 0.29720563
0.67838184 0.35664675
0.76019559 0.41608787
0.71700913 0.475529
0.60112728 -0.11888225
0.64431366 -0.059441125
0.20681355 0.059441125
0.24544064 0.17832338
0.33181358 0.059441125
0.45681361 0.059441125
0.49544083 0.17832338
0.37044073 0.17832338
0.40906789 0.29720563
0.53406805 0.29720563
0.57269527 0.41608787
0.28406773 0.29720563
0.24544064 -0.17832338
0.33181358 -0.059441125
0.37044073 -0.17832338
0.45681361 -0.059441125
0.58181364 0.059441125
0.74544102 0.17832338
0.62044092 0.17832338
0.6590682 0.29720563
0.69769548 0.41608787
0.58181364 -0.059441125
