FiniteElementSpace
FiniteElementCollection: H1_2D_P1
VDim: 1
Ordering: 0

1.1593368
1.1264595
1.1608793
1.1730517
1.1471489
1.1389516
1.109215
1.1390531
1.1600903
1.1850983
1.1680612
1.1711348
1.1637301
1.1553073
1.1518604
1.137009
1.1312075
1.1499681
1.1491557
1.1283599
1.128399
1.1492193
1.1168392
1.1127766
1.1680612
1.1553073
1.1795574
1.1595603
1.1419107
1.1606179
1.1380257
1.1211183
1.1795573
1.1595603
1.178847
1.1709542
1.1735344
1.1827188
1.1679352
1.1621247
1.1633398
1.1606996
1.1580556
1.1568717
1.1515844
1.1490524
1.1560863
1.1555616
1.1644114
1.1470717
1.1455672
1.1552246
1.1422229
1.1390518
1.1316961
1.1284425
1.1365635
1.1347284
1.1444874
1.1653319
1.1550249
1.1660724
1.1437964
1.1549252
1.1548995
1.1434711
1.1434998
1.1549344
1.1335248
1.1329379
1.1329605
1.133592
1.1438821
1.1260088
1.1243936
1.1214595
1.1185893
1.112723
1.110599
1.1166694
1.1827188
1.1735344
1.1709542
1.1633398
1.1621247
1.1568717
1.1580556
1.1765795
1.1660614
1.1593928
1.1533413
1.1598057
1.1507581
1.1442218
1.1337327
1.1401659
1.1603735
1.1494444
1.1490829
1.1382431
1.1382942
1.1294201
1.1233454
1.1143039
1.1765795
1.1660614
1.1593928
