FiniteElementSpace
FiniteElementCollection: H1_2D_P1
VDim: 1
Ordering: 0

1.1985764
1.1275261
1.1619856
1.2206824
1.184556
1.140023
1.1402906
1.2082005
1.1609643
1.2271853
1.210757
1.2162736
1.2165296
1.1930912
1.1971193
1.1738019
1.1740093
1.1856371
1.1719986
1.1527468
1.1322686
1.150956
1.1502457
1.1294852
1.1295925
1.1504077
1.1179424
1.1514305
1.2238414
1.2056048
1.1861831
1.1802672
1.1428999
1.1616101
1.139182
1.1222236
1.1619797
1.2244181
1.2189751
1.2205091
1.2260453
1.2126489
1.2127756
1.2206386
1.2160839
1.2086367
1.2112565
1.1994875
1.1891621
1.190933
1.2017328
1.2029316
1.1793899
1.1800577
1.1918879
1.1679461
1.1680449
1.1801662
1.192099
1.1833447
1.1866153
1.1962509
1.1764573
1.1781799
1.1564407
1.1480135
1.1465545
1.1561593
1.167004
1.1675942
1.1662013
1.156015
1.1455208
1.1448766
1.1559702
1.1559986
1.1445982
1.1446728
1.156086
1.1346266
1.134078
1.1341388
1.1348077
1.145099
1.1357929
1.1270951
1.125507
1.129504
1.1225473
1.1196911
1.156231
1.1458867
1.1564449
1.2229796
1.2170754
1.2141469
1.1955632
1.2074847
1.1857174
1.1741111
1.1897594
1.1827262
1.1516952
1.1730905
1.1613069
1.1504835
1.1618432
1.150223
1.1393569
1.1394922
1.1305124
1.1244301
1.1508045
