FiniteElementSpace
FiniteElementCollection: H1_2D_P1
VDim: 1
Ordering: 0

1.1612783
1.1995301
1.1619856
1.1850022
1.1855018
1.1748665
1.1493149
1.208725
1.1621604
1.1740093
1.1937916
1.2115069
1.2167988
1.1940504
1.1978728
1.1747193
1.1504077
1.1726085
1.1697745
1.1867559
1.1656391
1.1700238
1.1730932
1.1573969
1.1539959
1.1521024
1.2063641
1.1869184
1.181133
1.1619797
1.1613428
1.1813847
1.1616044
1.1626654
1.2057174
1.1972099
1.2003516
1.2093932
1.1901168
1.1917878
1.2024909
1.2119024
1.2035746
1.213175
1.180323
1.1808893
1.1926335
1.1970791
1.1874042
1.1843384
1.1931405
1.1897346
1.1787142
1.1771943
1.1751872
1.1727216
1.1805914
1.1797137
1.1678891
1.1674906
1.1680449
1.156086
1.156231
1.1650965
1.1639737
1.1698048
1.1844657
1.1876593
1.1728474
1.1754367
1.1664331
1.1673527
1.1775658
1.1792058
1.1641056
1.165349
1.1626328
1.1600852
1.158942
1.1537189
1.1512069
1.1581823
1.1576694
1.1680806
1.1685863
1.1573321
1.1571218
1.2034722
1.1964246
1.2081307
1.186562
1.1906759
1.183387
1.1782813
1.1735021
1.1620294
1.1678779
1.1908048
1.1784074
1.1717245
1.1837635
1.1680052
1.1613992
1.1554604
1.1618699
1.1741011
1.1624376
