MFEM mesh v1.0

#
# MFEM Geometry Types (see fem/geom.hpp):
#
# POINT       = 0
# SEGMENT     = 1
# TRIANGLE    = 2
# SQUARE      = 3
# TETRAHEDRON = 4
# CUBE        = 5
# PRISM       = 6
#

dimension
2

elements
80
1 3 8 31 81 34
1 3 31 10 32 81
1 3 81 32 25 33
1 3 34 81 33 13
1 3 10 35 82 32
1 3 35 3 36 82
1 3 82 36 11 37
1 3 32 82 37 25
1 3 25 37 83 40
1 3 37 11 38 83
1 3 83 38 1 39
1 3 40 83 39 12
1 3 13 33 84 42
1 3 33 25 40 84
1 3 84 40 12 41
1 3 42 84 41 4
1 3 26 43 85 45
1 3 43 13 42 85
1 3 85 42 4 44
1 3 45 85 44 14
1 3 14 44 86 48
1 3 44 4 46 86
1 3 86 46 15 47
1 3 48 86 47 27
1 3 27 47 87 51
1 3 47 15 49 87
1 3 87 49 9 50
1 3 51 87 50 16
1 3 17 52 88 54
1 3 52 27 51 88
1 3 88 51 16 53
1 3 54 88 53 7
1 3 4 41 89 46
1 3 41 12 55 89
1 3 89 55 28 56
1 3 46 89 56 15
1 3 12 39 90 55
1 3 39 1 57 90
1 3 90 57 18 58
1 3 55 90 58 28
1 3 28 58 91 61
1 3 58 18 59 91
1 3 91 59 5 60
1 3 61 91 60 19
1 3 15 56 92 49
1 3 56 28 61 92
1 3 92 61 19 62
1 3 49 92 62 9
1 3 9 62 93 65
1 3 62 19 63 93
1 3 93 63 29 64
1 3 65 93 64 22
1 3 19 60 94 63
1 3 60 5 66 94
1 3 94 66 20 67
1 3 63 94 67 29
1 3 29 67 95 70
1 3 67 20 68 95
1 3 95 68 0 69
1 3 70 95 69 21
1 3 22 64 96 72
1 3 64 29 70 96
1 3 96 70 21 71
1 3 72 96 71 6
1 3 7 53 97 75
1 3 53 16 73 97
1 3 97 73 30 74
1 3 75 97 74 24
1 3 16 50 98 73
1 3 50 9 65 98
1 3 98 65 22 76
1 3 73 98 76 30
1 3 30 76 99 78
1 3 76 22 72 99
1 3 99 72 6 77
1 3 78 99 77 23
1 3 24 74 100 80
1 3 74 30 78 100
1 3 100 78 23 79
1 3 80 100 79 2

boundary
40
1 1 1 57
1 1 57 18
1 1 18 59
1 1 59 5
1 1 5 66
1 1 66 20
1 1 20 68
1 1 68 0
1 1 0 69
1 1 69 21
1 1 21 71
1 1 71 6
1 1 6 77
1 1 77 23
1 1 23 79
1 1 79 2
1 1 3 36
1 1 36 11
1 1 11 38
1 1 38 1
14 1 35 3
14 1 8 31
14 1 34 8
14 1 43 13
14 1 14 45
14 1 48 14
14 1 17 52
14 1 7 54
14 1 75 7
14 1 2 80
14 1 10 35
14 1 31 10
14 1 13 34
14 1 26 43
14 1 45 26
14 1 27 48
14 1 52 27
14 1 54 17
14 1 24 75
14 1 80 24

vertices
101
2
-1.61803 0
-1.21352 0.293893
-1.21352 -0.293892
-1.0112685 0.440839
-1.011268 0.1469465
-1.415775 0.1469465
-1.415775 -0.146946
-1.011268 -0.146946
-0.80901525 0.29389275
-1.2135215 2.5e-07
-0.91014187 0.36736587
-1.1123942 0.367366
-1.112394 0.22041975
-0.91014162 0.22041963
-0.910142 0.07347325
-1.1123947 0.073473375
-1.1123947 -0.073472875
-0.910142 -0.073473
-1.3146475 0.22041975
-1.3146482 0.073473375
-1.5169025 0.07347325
-1.5169025 -0.073473
-1.3146482 -0.073472875
-1.3146475 -0.220419
-1.112394 -0.220419
-1.0112679 0.29389281
-0.80901531 0.14694644
-1.0112684 1.875e-07
-1.2135211 0.14694656
-1.4157754 1.875e-07
-1.2135211 -0.14694594
-0.85957856 0.33062931
-0.96070491 0.33062934
-0.96070478 0.25715622
-0.85957844 0.25715619
-0.96070519 0.40410244
-1.0618314 0.4041025
-1.0618311 0.33062941
-1.1629571 0.3306295
-1.162957 0.25715637
-1.061831 0.25715628
-1.061831 0.18368313
-0.96070481 0.18368306
-0.85957847 0.18368303
-0.960705 0.11020988
-0.85957866 0.11020984
-1.0618314 0.11020994
-1.0618316 0.036736781
-0.96070519 0.036736719
-1.1629581 0.036736813
-1.1629581 -0.036736312
-1.0618316 -0.036736344
-0.96070519 -0.036736406
-1.0618314 -0.11020944
-0.960705 -0.1102095
-1.1629576 0.18368316
-1.1629579 0.11020997
-1.2640837 0.25715637
-1.2640843 0.18368316
-1.3652112 0.18368313
-1.3652116 0.11020994
-1.2640847 0.11020997
-1.2640849 0.036736813
-1.3652118 0.036736781
-1.3652118 -0.036736344
-1.2640849 -0.036736312
-1.4663388 0.11020988
-1.4663389 0.036736719
-1.5674663 0.036736625
-1.5674663 -0.0367365
-1.4663389 -0.036736406
-1.4663388 -0.1102095
-1.3652116 -0.11020944
-1.1629579 -0.11020941
-1.1629576 -0.18368247
-1.061831 -0.1836825
-1.2640847 -0.11020941
-1.3652112 -0.1836825
-1.2640843 -0.18368247
-1.2640837 -0.2571555
-1.162957 -0.2571555
-0.91014167 0.29389277
-1.0112681 0.36736592
-1.112394 0.29389289
-1.0112679 0.22041967
-0.91014173 0.14694645
-1.0112683 0.073473328
-1.1123948 2.34375e-07
-1.0112683 -0.073472922
-1.1123945 0.14694655
-1.2135207 0.22041977
-1.314648 0.14694655
-1.2135214 0.073473391
-1.3146483 2.34375e-07
-1.4157753 0.073473328
-1.5169026 1.09375e-07
-1.4157753 -0.073472922
-1.1123945 -0.14694595
-1.2135214 -0.073472859
-1.314648 -0.14694595
-1.2135207 -0.22041898
