FiniteElementSpace
FiniteElementCollection: H1_2D_P1
VDim: 1
Ordering: 0

1.1612783
1.1036913
1.127816
1.1103349
1.11039
1.1402906
1.1487769
1.1205036
1.1616817
1.1294852
1.1295925
1.1179424
1.1139039
1.1054597
1.1054697
1.1139568
1.1180895
1.1325792
1.1726085
1.1697745
1.1514305
1.1384946
1.1535027
1.1570827
1.1656391
1.139182
1.1222236
1.108147
1.1223796
1.181133
1.1619797
1.1434128
1.1613428
1.134078
1.1247374
1.1247842
1.1341388
1.1196911
1.1138366
1.11172
1.1177881
1.125507
1.1168506
1.1106655
1.110686
1.1168838
1.1075216
1.1063932
1.1041905
1.1041924
1.1064029
1.1075488
1.1117799
1.1348077
1.1256461
1.1273222
1.1360902
1.1178861
1.1139314
1.1198496
1.1227594
1.1298121
1.1771943
1.1668727
1.1660654
1.1751872
1.1674906
1.1564449
1.1567516
1.1470569
1.1486433
1.1571867
1.1458867
1.1379985
1.1331149
1.1405523
1.1437787
1.1506953
1.1577992
1.1650965
1.1532858
1.1586605
1.1639737
1.1599068
1.1626328
1.1291797
1.1154175
1.1209137
1.1134157
1.1086888
1.1048807
1.108718
1.1307242
1.1209932
1.1155203
1.124657
1.1713564
1.1618542
1.1523153
1.14159
1.1351657
1.1457927
1.161498
1.1550571
1.1612559
