FiniteElementSpace
FiniteElementCollection: H1_2D_P1
VDim: 1
Ordering: 0

1.1036912
1.127816
1.1275261
1.1619857
1.1402906
1.1103899
1.1103348
1.140023
1.1205035
1.173802
1.1384946
1.1325792
1.1514305
1.1504077
1.1295925
1.1294852
1.1502457
1.1180895
1.1139567
1.1054697
1.1054596
1.1139038
1.1179424
1.1322685
1.150956
1.1434128
1.139182
1.1223796
1.108147
1.1222235
1.1616101
1.1405523
1.1331148
1.1298121
1.1379985
1.1470569
1.1360901
1.1458867
1.1560861
1.1446728
1.1445982
1.1559987
1.1450991
1.1348077
1.1341388
1.1247842
1.1247374
1.134078
1.1346266
1.1448767
1.1273222
1.1256461
1.1227594
1.1198495
1.1139314
1.1117799
1.1178861
1.1168837
1.1106859
1.1106655
1.1168506
1.1075488
1.1064028
1.1041923
1.1041904
1.1063931
1.1075215
1.11172
1.125507
1.1270951
1.1357929
1.1177881
1.1138365
1.1196911
1.1225472
1.129504
1.1679461
1.1559702
1.1675942
1.1455208
1.156015
1.1351656
1.14159
1.150223
1.1394922
1.1291797
1.1393569
1.1307242
1.124657
1.1155203
1.1209931
1.1134157
1.108718
1.1048807
1.1086888
1.1305124
1.1209137
1.1154175
1.12443
1.1618432
1.1504835
