FiniteElementSpace
FiniteElementCollection: H1_2D_P1
VDim: 1
Ordering: 0

1.1980955
1.1608793
1.2203947
1.1837125
1.2074644
1.2074644
1.1600903
1.2270318
1.2157547
1.21589
1.2103594
1.1924205
1.1963162
1.1728113
1.1729003
1.1964295
1.21589
1.2157546
1.1963162
1.1924205
1.1850983
1.1680612
1.1711348
1.1491557
1.2234395
1.2049964
1.1852109
1.2052439
1.2234395
1.2049964
1.1795574
1.1606179
1.1795573
1.2241947
1.2185708
1.2200453
1.225767
1.2120189
1.2120841
1.2201157
1.215738
1.2081323
1.2106893
1.2044186
1.1956736
1.1988447
1.1884023
1.1901068
1.2010244
1.2021584
1.1909965
1.1910503
1.202218
1.1784692
1.1790736
1.1668935
1.1669348
1.1791212
1.2012024
1.2108838
1.2201157
1.2120841
1.2120189
1.2200453
1.2185708
1.2106893
1.2081323
1.2021584
1.2010244
1.1988447
1.1956736
1.1915862
1.1827188
1.1859225
1.1735344
1.1644114
1.1653319
1.1756678
1.1773243
1.1660724
1.1666013
1.1549252
1.1548995
1.1859225
1.1827188
1.2226352
1.2164954
1.2136891
1.2020657
1.194826
1.206812
1.1968551
1.1848085
1.1730598
1.2069366
1.2164954
1.2136891
1.206812
1.2020657
1.189155
1.1697576
1.1819493
1.1721627
1.1607931
1.189155
