MFEM mesh v1.0

#
# MFEM Geometry Types (see fem/geom.hpp):
#
# POINT       = 0
# SEGMENT     = 1
# TRIANGLE    = 2
# SQUARE      = 3
# TETRAHEDRON = 4
# CUBE        = 5
# PRISM       = 6
#

dimension
2

elements
80
1 3 9 37 93 40
1 3 37 3 38 93
1 3 93 38 11 39
1 3 40 93 39 28
1 3 28 39 94 43
1 3 39 11 41 94
1 3 94 41 7 42
1 3 43 94 42 12
1 3 3 44 95 38
1 3 44 10 45 95
1 3 95 45 29 46
1 3 38 95 46 11
1 3 29 47 96 50
1 3 47 13 48 96
1 3 96 48 4 49
1 3 50 96 49 14
1 3 11 46 97 41
1 3 46 29 50 97
1 3 97 50 14 51
1 3 41 97 51 7
1 3 14 49 98 54
1 3 49 4 52 98
1 3 98 52 15 53
1 3 54 98 53 30
1 3 30 53 99 57
1 3 53 15 55 99
1 3 99 55 2 56
1 3 57 99 56 16
1 3 0 58 100 61
1 3 58 17 59 100
1 3 100 59 31 60
1 3 61 100 60 13
1 3 13 60 101 48
1 3 60 31 62 101
1 3 101 62 18 63
1 3 48 101 63 4
1 3 8 64 102 67
1 3 64 19 65 102
1 3 102 65 32 66
1 3 67 102 66 21
1 3 4 63 103 52
1 3 63 18 68 103
1 3 103 68 33 69
1 3 52 103 69 15
1 3 18 70 104 68
1 3 70 8 67 104
1 3 104 67 21 71
1 3 68 104 71 33
1 3 33 71 105 74
1 3 71 21 72 105
1 3 105 72 5 73
1 3 74 105 73 22
1 3 15 69 106 55
1 3 69 33 74 106
1 3 106 74 22 75
1 3 55 106 75 2
1 3 2 75 107 78
1 3 75 22 76 107
1 3 107 76 34 77
1 3 78 107 77 25
1 3 22 73 108 76
1 3 73 5 79 108
1 3 108 79 23 80
1 3 76 108 80 34
1 3 25 77 109 83
1 3 77 34 81 109
1 3 109 81 24 82
1 3 83 109 82 6
1 3 5 84 110 79
1 3 84 20 85 110
1 3 110 85 35 86
1 3 79 110 86 23
1 3 20 87 111 85
1 3 87 1 88 111
1 3 111 88 26 89
1 3 85 111 89 35
1 3 36 90 112 92
1 3 90 25 83 112
1 3 112 83 6 91
1 3 92 112 91 27

boundary
64
1 1 1 88
1 1 88 26
3 1 37 3
3 1 3 44
3 1 40 9
3 1 7 42
3 1 12 43
3 1 10 45
3 1 61 0
3 1 47 13
3 1 51 7
3 1 54 14
3 1 2 56
3 1 16 57
3 1 0 58
3 1 17 59
3 1 70 8
3 1 62 18
3 1 8 64
3 1 19 65
3 1 66 21
3 1 87 1
3 1 5 84
3 1 72 5
3 1 78 2
3 1 23 80
3 1 81 24
3 1 82 6
3 1 86 23
3 1 26 89
3 1 90 25
3 1 6 91
3 1 27 92
3 1 9 37
3 1 28 40
3 1 42 12
3 1 43 28
3 1 14 51
3 1 30 54
3 1 57 30
3 1 44 10
3 1 45 29
3 1 13 61
3 1 29 47
3 1 58 17
3 1 59 31
3 1 18 70
3 1 31 62
3 1 64 19
3 1 65 32
3 1 32 66
3 1 20 87
3 1 84 20
3 1 21 72
3 1 56 16
3 1 25 78
3 1 36 90
3 1 80 34
3 1 34 81
3 1 24 82
3 1 35 86
3 1 89 35
3 1 91 27
3 1 92 36

vertices
113
2
0.154508 0.475529
-0.0954915 1.24495
-0.25 0.769421
0.077254 0.2377645
-0.047746 0.622475
-0.17274575 1.0071855
-0.452254 0.9163655
-0.125 0.38471075
0.029508375 0.86023925
0.038627 0.11888225
0.115881 0.35664675
-0.023873 0.31123762
-0.163627 0.26582862
0.053381 0.549002
-0.086373 0.50359288
-0.148873 0.695948
-0.288627 0.650539
0.19313525 0.594411
-0.0091188125 0.74135712
0.068135562 0.97912137
-0.13411862 1.1260678
-0.071618688 0.93371238
-0.21137288 0.88830325
-0.27387281 1.0806579
-0.41362694 1.0352479
-0.351127 0.84289325
-0.19661863 1.3184225
-0.49088113 0.79748387
-0.0625 0.19235544
0.014754 0.43011981
-0.1875 0.57706594
0.092008219 0.66788406
-0.032991531 1.0525946
-0.11024584 0.81483019
-0.31249991 0.96177556
-0.23524572 1.1995402
-0.38975406 0.72401144
0.0579405 0.17832338
0.0266905 0.27450106
-0.0431865 0.25179653
-0.0119365 0.15561884
-0.0744365 0.34797419
-0.1443135 0.32526969
-0.1130635 0.22909203
0.0965675 0.29720563
0.0653175 0.39338328
-0.0045595 0.37067872
0.0340675 0.48956091
0.0028175 0.5857385
-0.0670595 0.56303394
-0.0358095 0.46685634
-0.1056865 0.44415181
-0.0983095 0.6592115
-0.1681865 0.63650697
-0.1369365 0.54032941
-0.1994365 0.7326845
-0.2693135 0.70998
-0.2380635 0.61380247
0.17382162 0.53497
0.14257173 0.63114753
0.072694609 0.60844303
0.1039445 0.5122655
0.041444703 0.70462059
-0.028432406 0.68191606
0.048821969 0.91968031
0.017572016 1.015858
-0.052305109 0.99315347
-0.021055156 0.89697581
-0.059682328 0.77809366
-0.12955942 0.75538909
0.010194781 0.80079819
-0.090932266 0.87427128
-0.12218222 0.97044894
-0.19205931 0.94774438
-0.16080936 0.85156672
-0.23068644 0.82886213
-0.26193639 0.92503941
-0.33181345 0.90233441
-0.3005635 0.80615712
-0.22330928 1.0439217
-0.29318636 1.0212167
-0.36306342 0.99851172
-0.43294047 0.97580669
-0.4016905 0.87962937
-0.15343219 1.0666266
-0.18468217 1.162804
-0.25455927 1.140099
-0.11480506 1.1855089
-0.14605506 1.2816862
-0.21593217 1.2589813
-0.37044053 0.78345234
-0.47156756 0.85692469
-0.44031759 0.76074766
0.007377 0.21505995
-0.09375 0.28853311
0.046004 0.33394217
-0.016496 0.52629742
-0.055123 0.40741527
-0.117623 0.59977045
-0.21875 0.67324348
0.12325812 0.57170652
0.022131102 0.64517955
-0.0017415703 0.95641689
-0.078995914 0.71865258
-0.040368742 0.83753473
-0.14149579 0.91100783
-0.18012293 0.79212561
-0.28124995 0.86559827
-0.24262284 0.98448055
-0.38237696 0.93907055
-0.20399573 1.1033628
-0.16536862 1.2222451
-0.42100405 0.82018852
