FiniteElementSpace
FiniteElementCollection: H1_2D_P1
VDim: 1
Ordering: 0

1.1612783
1.1995301
1.1619857
1.1850022
1.1748665
1.1487769
1.1402906
1.1616816
1.2115069
1.1937916
1.197358
1.1740093
1.173802
1.1700238
1.1867559
1.1573969
1.1656391
1.1697745
1.1726085
1.1570827
1.1535026
1.1384946
1.1514305
1.1504077
1.2060984
1.1861831
1.1616044
1.181133
1.1613428
1.1434128
1.1619797
1.2057174
1.1970791
1.2000891
1.2092592
1.1897346
1.1912802
1.2020978
1.1797137
1.1801662
1.1920043
1.168045
1.1679461
1.1800577
1.1728474
1.165349
1.1641056
1.1698048
1.158942
1.1600852
1.1626328
1.1931405
1.1843384
1.1874042
1.1805914
1.1727216
1.1751872
1.1660654
1.1668727
1.1771944
1.1787142
1.1639737
1.1650965
1.1599068
1.1586605
1.1532858
1.1506953
1.1577992
1.1571867
1.1486433
1.1470569
1.1567516
1.1437787
1.1405523
1.1674906
1.1678891
1.1564449
1.1458867
1.1450991
1.156231
1.1560861
1.2033396
1.1960366
1.1859423
1.1741112
1.1680052
1.1613992
1.1906759
1.1782813
1.1713564
1.183387
1.1678779
1.1612559
1.1550571
1.1614979
1.1523153
1.1457927
1.1735021
1.1618542
1.1508045
1.1620295
