FiniteElementSpace
FiniteElementCollection: H1_2D_P1
VDim: 1
Ordering: 0

1.1264595
1.1608793
1.183914
1.1837125
1.1389516
1.1471489
1.2074644
1.1600903
1.1964295
1.1729003
1.1728113
1.1963162
1.1924205
1.1713987
1.1492193
1.1283599
1.1491557
1.1312075
1.1711348
1.1680612
1.149968
1.1370089
1.1518604
1.1553073
1.1852108
1.2049964
1.1607699
1.1380256
1.1211182
1.1795573
1.1606179
1.1419107
1.1595603
1.202218
1.1910503
1.1909965
1.2021584
1.1902673
1.1786116
1.1791212
1.1669348
1.1668935
1.1790735
1.1784692
1.1901067
1.2010244
1.1884023
1.1988447
1.1775603
1.1662775
1.1667251
1.1549344
1.1434998
1.1434711
1.1548994
1.1335247
1.1243936
1.1260088
1.1347284
1.1773243
1.1756677
1.1859225
1.1653319
1.1644114
1.1735344
1.1666013
1.1660724
1.1549251
1.1437964
1.1444874
1.1550249
1.1552246
1.1455672
1.1470717
1.1555616
1.1365634
1.1284425
1.131696
1.1390518
1.1422229
1.1490523
1.1560863
1.1633398
1.1515844
1.1568717
1.1968551
1.1849098
1.1730597
1.1848085
1.194826
1.1723398
1.1490828
1.1294201
1.1819493
1.1697576
1.1721627
1.1607931
1.1494444
1.1603735
1.1507581
1.1401659
1.1337326
1.1442218
1.1598057
1.1533413
