FiniteElementSpace
FiniteElementCollection: H1_2D_P1
VDim: 1
Ordering: 0

1.128652
1.1995301
1.1628668
1.1855018
1.1411123
1.149315
1.1748665
1.1621604
1.1747193
1.1747193
1.1978728
1.1940504
1.2115069
1.1512536
1.1512536
1.1333959
1.1730933
1.1700238
1.1867559
1.1521024
1.1392049
1.1539959
1.1573969
1.1869184
1.206364
1.1626654
1.1401441
1.1813847
1.1626655
1.1440909
1.1616044
1.1808893
1.1688458
1.1688458
1.1808893
1.1926335
1.180323
1.1917878
1.2024909
1.1901168
1.2003516
1.2093932
1.1972099
1.2057174
1.1685863
1.1570023
1.1569488
1.1455823
1.1455823
1.1569488
1.1876593
1.1844657
1.1931405
1.1792059
1.1775658
1.1673527
1.1664331
1.1754367
1.1728474
1.1805914
1.1685863
1.1680806
1.1570023
1.1459309
1.146639
1.1571218
1.1573321
1.1477289
1.1492349
1.1576694
1.1369065
1.1387515
1.1306353
1.1338936
1.1412431
1.1444089
1.1512069
1.1581824
1.165349
1.1537189
1.158942
1.1749278
1.186562
1.1964246
1.2034722
1.1628148
1.1511521
1.1908048
1.1837635
1.1717245
1.1784074
1.1741011
1.1628148
1.1515644
1.1624376
1.1528982
1.1423398
1.1359282
1.1463999
1.1618699
1.1554604
