FiniteElementSpace
FiniteElementCollection: H1_2D_P1
VDim: 1
Ordering: 0

1.1046855
1.128652
1.128652
1.1493149
1.1411123
1.1113587
1.1113587
1.1411123
1.1621604
1.1214961
1.1539959
1.1392048
1.1333959
1.1521024
1.1512536
1.13052
1.13052
1.1512536
1.1190096
1.1149263
1.1064598
1.1064598
1.1149263
1.1190096
1.1333959
1.1440909
1.1626654
1.1401441
1.1232917
1.1091431
1.1232917
1.1576694
1.1492348
1.1477289
1.1573321
1.1512069
1.1444088
1.141243
1.1338935
1.1306353
1.1387515
1.1369065
1.146639
1.1571218
1.1459309
1.1570023
1.1356877
1.1350816
1.1455823
1.125749
1.125749
1.1350816
1.1455823
1.1356877
1.1459309
1.1281917
1.1265631
1.1236424
1.1207626
1.1148798
1.1127463
1.1188312
1.1178621
1.1116721
1.1116721
1.1178621
1.1085311
1.1073935
1.1051859
1.1051859
1.1073935
1.1085311
1.1127463
1.1265631
1.1281917
1.1369065
1.1188312
1.1148798
1.1207626
1.1236424
1.1306353
1.1528982
1.1463999
1.1359282
1.1423398
1.1515644
1.140385
1.1301619
1.140385
1.1315961
1.1255301
1.1164642
1.1219454
1.1144118
1.1096996
1.1058756
1.1096996
1.1315961
1.1219454
1.1164642
1.1255301
