FiniteElementSpace
FiniteElementCollection: H1_2D_P1
VDim: 1
Ordering: 0

1.1599375
1.1275261
1.1985763
1.183914
1.140023
1.1480606
1.1736267
1.1474346
1.1609643
1.1603899
1.1927545
1.1322685
1.1719986
1.1687943
1.1856371
1.150956
1.1380132
1.1527468
1.1560919
1.1643245
1.1684927
1.1713987
1.1557245
1.1521678
1.1501565
1.1802672
1.1616101
1.1428999
1.1603117
1.1799523
1.1600029
1.1607699
1.1764573
1.1662013
1.1652178
1.1742572
1.1833447
1.1716096
1.1794064
1.167004
1.156015
1.1561593
1.1465544
1.1480135
1.1564407
1.1455208
1.1357929
1.1375922
1.129504
1.132735
1.1400464
1.1431849
1.1499493
1.1640817
1.1627988
1.1685217
1.1569092
1.1524372
1.1576368
1.1587612
1.1612986
1.192099
1.1831845
1.1862901
1.1960796
1.1714566
1.1739506
1.1647748
1.165617
1.1759951
1.1775603
1.1886679
1.1626426
1.1637803
1.1585522
1.1573067
1.151932
1.1493525
1.1564581
1.1558688
1.1554657
1.1551985
1.1662775
1.1705565
1.1772221
1.1613069
1.1516952
1.1411956
1.1347643
1.1451717
1.1667268
1.1606195
1.1541769
1.1600767
1.1895939
1.1770663
1.1701062
1.182249
1.1665743
1.1599084
1.1537052
1.1601772
1.1606
