FiniteElementSpace
FiniteElementCollection: ND_2D_P1
VDim: 1
Ordering: 0

-0.00026127045
-0.0007903683
-0.00079042435
-0.00026131349
-0.0011186109
-0.00072929787
0.001161643
0.0025347447
0.0025347454
0.0011615717
-0.00072937298
-0.0011186098
0.0029381295
0.00097425678
-0.00024505345
-0.0027035491
0.0018950812
-0.00029496456
-0.0021202107
0.0013170237
-0.00034298828
-0.0024909657
0.00011625314
0.00011626419
-0.0024909705
0.0015490139
-0.00070069249
-0.00096985699
-0.0009698478
-0.00070071821
0.001548973
0.0013170072
-0.00024502218
0.00097430284
0.0029381571
-0.00034304199
-0.0021202189
-0.00029498084
0.0018951265
-0.0027035658
-0.0034707116
-0.0017532768
0.0016193401
-0.000755391
0.0041784773
-0.00082594872
0.00068500619
0.0012011422
-0.0021210509
-0.00073306583
0.0022600876
-0.0032288119
-0.0021147395
-0.00023139073
-0.00021072202
0.00067310193
-0.00015845023
-0.0014051242
-5.9504285e-05
0.0021941744
0.0010836227
-3.9657295e-07
-0.0015637158
-0.00078141123
0.00016941146
-0.00053837079
-0.0024851665
0.002296495
0.00034169574
-0.00094773117
0.002460906
0.00034016767
0.0024899146
0.00090995789
-0.0010640974
-0.00049663058
-0.0030989255
0.0033005795
-0.0022705516
0.0010754097
-0.0014145348
-0.0032279597
0.0036583743
0.00098053445
-2.4936734e-05
0.0037647772
0.0025466794
-0.0013577314
-0.00071299132
0.0013495359
0.0029507121
0.00035080202
-0.00071954844
-0.0030402792
-0.0025258644
0.0017704489
0.0020796061
-0.001997837
-0.0028017699
-0.00067434359
-6.3645023e-05
0.003026668
0.0030456567
0.00067402409
0.0023160273
-0.0035346209
-0.0011293953
0.0016465298
-0.0037877579
-0.0019901537
0.00068879141
-0.00059253588
0.00016598413
0.0033030394
-0.00060544028
-0.00070012351
-0.0015685497
-0.001382152
0.0029748023
-0.00038466956
-0.0015386252
0.0012692428
-0.00079484589
-0.0023942991
0.00079743368
0.0045329969
0.0010401743
0.00060414307
-0.00075557758
-0.0024219708
0.00040728329
0.0037270683
0.0013996662
-0.00095039209
-0.0048590915
-0.00054322088
-8.5185834e-05
2.4121803e-05
0.0022883985
0.00057780299
0.00075234601
-0.0032340252
-0.00025324649
3.9195362e-05
-0.0028807032
0.00082374833
0.0015075236
4.324903e-05
-0.00026022264
-0.00021157268
0.00089884165
-0.00069702497
0.00072164559
0.0012906281
0.0024231744
0.00087327042
-0.001974098
-0.00066385095
0.0012880173
-0.00067795119
0.00054383759
0.0010192713
-0.0012622217
-0.00047772678
-0.0016105914
-0.00059040609
0.0018776335
0.0017557022
-0.0025682482
0.0029674971
-0.0031284629
-0.0030224093
-0.00030654731
-0.0017156615
-9.0144935e-05
0.0032878103
-0.0012260779
-0.00024800502
0.0025115145
8.0847305e-05
-0.00074174098
0.0017766878
0.0016083372
-0.0036416246
