FiniteElementSpace
FiniteElementCollection: ND_2D_P1
VDim: 1
Ordering: 0

0.0002058103
-0.0040455119
-0.0011051493
-0.00084429392
0.00051860447
0.00028870813
0.0035649185
0.0025926428
0.0030235827
0.0013792031
-0.00051409726
-0.0015533291
0.001470414
0.003848749
-0.00073708864
-0.0032496003
0.00053972359
-0.0026281338
-0.0022220061
-0.00055725224
0.0003567828
-0.0018056225
-0.0023661813
-0.00076356568
-0.0038322804
0.0024245196
0.0011259681
-0.00019127026
0.002328072
0.0013895311
-0.00040344643
0.0014984414
0.00096647111
0.0019428301
0.0044948411
-0.0011919998
-0.0031883377
-0.0014970703
0.0027260275
-0.003358969
0.00066570794
-0.0022518428
0.00079047533
0.00261905
-0.00051777699
0.002616916
0.0015641927
5.1735702e-05
-0.0018382866
0.0009526606
-0.00084438231
0.00036154635
-0.0018735278
-0.0030451985
0
-0.00098237566
0
0.0016497857
0.003394943
-0.0010825615
-0.002734271
0.00073510878
-0.0010067834
0
0.001945071
0
0.00058122419
-0.00036086398
0.0010444438
-0.0010533822
0.0029286423
0.0011264524
-0.0027087908
-0.0022958593
-0.00091674084
-3.8119816e-05
-0.0016381271
-0.001444034
-0.0028173583
0.0026393616
0.00044531073
-0.0022512374
0.0016063846
0.0021794183
-0.0012590978
0.0033887908
0.0017017175
-0.00014476353
0
-0.00031504182
0
-0.00023644835
-0.00088884105
7.6267481e-05
0.00024320544
0.0006127762
0.0007665886
0
0.00031375987
0
0
-2.1636777e-05
0
0.00037059461
-0.0010521099
-0.00032371815
-0.00089166989
4.8955407e-05
0
0.00049437829
0
-0.0014389027
0.00086343177
0.00029935767
-0.0011511774
0.0022575692
-0.0009393103
-0.0036257916
0.00097847441
-0.00010746394
-0.0025179241
0.0035246685
0.00034358936
-0.00038002197
0.0016187427
-0.0011780825
-0.0011953955
0.001567444
0.0016428077
0.0028081215
0.0015910522
-0.0021960838
0
-0.0020459163
0
0.00086859346
-0.0013148181
-0.0025153992
-0.0018248041
0.00024528241
0
0.0031381277
0
-7.4935502e-05
0.0007974516
-0.0027808368
0.00039553469
-0.00020089345
0.0010401775
0.0001965678
0.0023730352
0.0015821267
0.0014020294
0.0006214859
-0.0015394026
-0.0026749945
-0.00095038842
0.0031033989
-0.00026317833
-0.00054321732
-0.0016452441
-0.002425732
-0.0011693048
0.0014700806
0.00070783297
0.00023235478
-0.0039086824
-0.0010213557
0.0015415608
-0.00012572821
-0.0033751885
0.0034316222
-0.0010823355
-5.7171678e-05
0.0040227583
-0.00041859565
6.5121044e-05
0.001341726
0.0031721016
-0.0022661597
