FiniteElementSpace
FiniteElementCollection: ND_2D_P1
VDim: 1
Ordering: 0

0.00030299305
0.001155837
0.00044796314
-4.3124673e-05
0.00098608454
-0.0001931704
0.00038615415
2.1890688e-05
-0.0011338205
-0.0022565274
0.00063191426
-0.00038393907
-0.00095048534
-0.0021553809
-0.0010869573
-0.00055194752
-0.00034319418
0.00096413325
0.00066303969
0.0012627122
0.0024229903
0.00019081264
-0.00070675694
0.0013114662
0.00039655149
9.8546921e-05
-0.00015109231
-0.0011094846
-0.0010343308
-0.0010596551
0.00082501036
4.0671725e-05
0.0018633022
0.00017506688
-7.5212832e-05
-0.0013016944
0.00042342435
-0.00025512884
-0.0012289044
0.00027591722
6.0536116e-05
-0.0016222651
0.0010886469
-0.0019581601
-0.00060482804
0.0016690507
0.00022359533
-0.0014578503
0.0013718647
-5.2056371e-06
-0.00074497369
0.0012694755
0.00016374394
0.0013512926
-0.00024644057
0.00096482277
-0.0010393094
-0.00057236971
0.00056287604
-0.0017929801
-9.4967023e-05
0.00011552307
-0.0017589676
3.0828442e-05
-0.00024201323
0.00016871383
-6.0591533e-06
-0.00071950543
0.0018260313
0.0020187248
-0.00066758912
0.0011550064
0.00095614786
-0.0010583276
-4.9684877e-05
0.00051933547
-0.0010642643
-0.0010138026
0.0012534547
-0.00049452793
-0.0015527762
-0.00071017099
0.00078861631
0.00090215693
0.0003704962
-0.00033196898
-3.304936e-05
0.00018102823
-0.00064269284
0.0015098385
0.00044350369
-0.0002825914
0.00022863628
-0.001112695
-0.00057388117
0.00063310407
0.0013578382
-0.0011960469
-0.0021575248
-0.00089237972
-4.4501937e-05
0.00072898686
0.00029755632
0.0016544821
0.0012120466
0.00029605344
0.0021474211
-0.00040678903
0.00072741886
-0.0010245034
-0.0020843921
-0.0008139446
0.0012711058
0.0014977963
0.00020328326
-9.8334644e-05
-0.00082413071
-0.00071361739
0.00031413795
-0.0013459031
-0.0010229812
0.00016126541
-0.00082437132
-0.00045766429
0.00027755707
0.0007035391
0.00035998849
-0.00099555349
-4.7425129e-05
0.00083434691
0.00050267273
0.0012753074
-0.00039027328
0.00044993617
-0.00069039693
-0.0020192812
0
-0.0013232625
0
0.0017671075
0.00018330428
-0.0017568705
0.00013184791
0.000343738
0
0.0015266483
0
-0.0010562306
-0.0024161384
0.0013607849
-0.00031155854
-0.00028890152
-0.00018565941
-0.00068351898
-0.00031404696
0.00083090247
0.0015321966
-0.0001943914
0.0010679977
-0.00048947459
-0.00074623091
0.00078844734
0.00067263722
-0.00016529433
-0.00057434908
-0.00030374966
-0.00048408923
-6.5422302e-05
0.0013399071
-0.00034018331
-0.0014104872
0.00065140772
0.00029236992
0.0026087037
-0.00092553714
-0.0010677052
0.00051754532
-0.00079387581
-0.00042449788
0.00040568193
1.3855503e-05
-0.0012201996
-1.4696631e-05
0.0019505189
