FiniteElementSpace
FiniteElementCollection: ND_2D_P1
VDim: 1
Ordering: 0

-0.0045697804
-0.00098722016
-0.00016960142
-0.0009072215
0.0032430452
-0.00048133393
-0.00053202028
-0.00020217638
-0.0026719229
6.7150251e-05
0.0044154659
0.00031625138
-0.0012149272
-0.00065548453
0.00058385903
-2.9868225e-05
9.0255879e-06
-0.00066175894
0.00030526369
0.00065441574
0.00086049109
0.00014559339
-0.001379017
-0.0019119141
0.0016740036
-0.00078682046
0.0010166048
0.0012509054
-0.00039193184
0.0026367402
-0.00030837215
-0.0015316336
0.0017785626
0.00018074524
-0.00084028023
0.0010359349
0.0014771241
-0.0024926496
-0.0032536469
0.0015873943
0.00076438737
0.00075056223
0.00086529913
-0.001518439
-0.00066060762
-2.9204876e-05
0.0003510355
0.0014014788
-0.0011018102
-0.00037733361
0.0024157151
-0.001697862
-0.0016840503
-0.0036133958
0
0.0029517836
0
0.0030135679
0.0021446038
-0.0031715215
-0.0017075128
0.0016128322
0.0010810013
0
-0.0030314745
0
-0.0015821683
0.0022698661
0.0018845511
-0.0012114118
0.002273399
0.0006862844
-0.0013608808
-0.0019930651
-0.0028729876
0.0013505794
0.0023180643
-0.0010573454
-0.0011286386
-7.7900285e-05
0.0013528408
0.0002222644
0.00059452371
-0.0017757643
-0.0012046605
0.00060504561
-0.0031528787
-0.0027969603
0
0.0040248338
0
0.0015960365
0.0025253198
-0.0015282228
-0.0011726779
0.0028309399
0.0011067617
0
-0.003084161
0
-0.00016949251
0.0013359422
0.00026743393
-0.0014010657
0.0018697891
0.0020872237
-0.00086979479
-0.0031314474
-0.00076576176
-0.0019974149
0.0013159032
0.0017403877
0.0018893995
0.00079654897
-0.001577926
0.0007102536
-0.0026169935
-0.0012400383
-0.0021942908
-0.0012701355
0.0025849208
0.0015407378
-0.0028925112
0.0017666026
0.00032358638
0.0019178099
0.0015019672
-0.00022380424
-0.00079668733
-0.001669194
0.0022770533
0.00028460267
-0.0012386861
0.0019996352
0.00050931747
-0.0019973855
0.0012108987
-0.001552331
-0.0022118471
0.0016240246
0.00068025365
-0.0014293013
-0.0020306027
0.0026948054
0.001898035
-0.0027091142
-0.0013191059
-5.3188064e-05
0.0032698768
0.0010360181
-0.00038928481
-0.0016000268
-0.001204535
-0.00055946503
-0.0025449499
-0.0032326718
0
0.0031110236
0
0.00024022125
0.0020131226
0.0007528882
0.00095849452
0.0039284956
-0.00037051422
0
-0.0011942728
0
0.00093601848
-0.0037911541
-1.0202416e-05
-0.00043666944
0.00038628468
0.0025531462
0.0014893246
-0.0043830059
0.0002152987
0.0020753887
-0.00051369959
-0.00047668347
