FiniteElementSpace
FiniteElementCollection: ND_2D_P1
VDim: 1
Ordering: 0

-0.00084427105
-0.0011051201
-0.0040455432
0.00020583186
-0.0015533039
-0.00051408667
0.0013791941
0.0030236193
0.0025926386
0.0035649499
0.0002886651
0.00051857887
0.0044948123
0.0019428443
0.00096652641
-0.0033589138
0.0027260558
-0.0014971172
-0.0031883767
0.0014984155
-0.0011920626
-0.0038322454
-0.00076352733
-0.0023662257
-0.001805649
-0.00040343221
0.0013895573
0.0023280914
-0.0001912577
0.0011259437
0.0024244876
-0.00055723647
-0.00073717587
0.0038487723
0.0014704063
0.00035681405
-0.0022219718
-0.0026280918
0.00053971788
-0.0032496167
-0.0011512152
0.0002993312
0.00086344197
0.0035247323
-0.0025179444
-0.0001074671
0.00097847935
-0.0036257968
-0.00093929148
0.002257595
-0.0018248265
-0.0025153658
-0.0013147625
-7.4925458e-05
0
0.0031380731
0
0.00086856601
0.0002452575
0.0015910538
0.002808152
0.0016427484
0.0015674519
0
-0.0020459081
0
-0.0014389371
-0.0021961133
-0.00089168793
-0.0011780859
-0.00038005509
0.00034355808
-0.0011953337
0.0033888181
0.0016187929
-0.0028173624
-0.0014440335
-0.0016380786
-3.8130285e-05
-0.0012591003
0.0021793795
0.0016063913
-0.0022512312
0.00044526063
0.0026393844
-0.0022958593
-0.0003237415
-0.0010520959
0
0.00049436167
0
0.00037065956
4.8955083e-05
0.00076659719
0.00061273693
0.00024315812
7.6288792e-05
0
-2.1580991e-05
0
0
0.00031373335
0
-0.00023646223
-0.00014473501
0.0017016455
0.0010444472
-0.00088881622
0
-0.00031509901
0
0.00058121756
0.00079047307
-0.0022518418
0.00066572404
0.00095264681
-0.0018382945
5.1747876e-05
0.0015641764
0.0026169176
-0.0005177538
0.0026190513
0.0011264551
0.0029286829
-0.00091678835
-0.0010533943
-0.002708754
-0.0010067769
0.00073505401
-0.0027343259
-0.0010825843
-0.00036081207
0
0.0019451265
0
0.0016498151
-0.0018735288
0.00036155719
-0.00084440162
0.0033949758
0
-0.00098240976
0
-0.0030451923
0.0015075236
-0.0015973134
0.0019982712
-0.00054073329
-0.0028807032
-0.00089936806
0.0013916004
-0.00032489458
0.0029978849
4.8808772e-05
-0.0021649463
-0.00042195012
0.0022883985
0.00048136374
-0.0042025657
-8.5185834e-05
0.0051832119
-0.0011127261
-0.0011310506
-0.00099169695
0.0012224188
0.0054092473
-0.00028951257
-0.0065516131
0.00069470427
-0.00049867422
-0.00021417633
0.0024068484
0.00041791355
-0.0013024761
0.0017311917
-0.0018471872
-0.0014708114
0.0013138132
0.0022341536
-0.0012511889
