FiniteElementSpace
FiniteElementCollection: ND_2D_P1
VDim: 1
Ordering: 0

0.00010535428
9.8634229e-05
0.00045658363
-0.00092892423
-0.00096851091
0.00053885978
-0.00021536584
-0.00056393721
0.00095860049
-0.00048701413
-0.00016302948
0.0011521881
0.00026531779
0.0001476175
-0.00015938326
0.00066609953
3.776098e-05
-8.2821992e-05
-0.00048570467
-0.0012420166
0.00028056945
-0.00030970512
-0.0016833396
-0.00032043343
-0.00041541514
0.00048954178
-0.00016284022
-0.00029099491
0.0016651323
0.0022068365
-0.00053151816
0.00093626025
0.0011954011
-0.00061065453
8.5563632e-05
0.00057846678
-0.00094967818
-0.0013848784
0.00074752069
-0.00065164115
-0.0010973534
0.00094569008
0.00017697055
-0.00011871536
0.00019454132
0.00012131486
-0.0015073134
-0.0010910202
-0.001276126
0.00011062687
0.00083876754
0.00090776821
-0.0003852972
-0.00098982412
0.00079902055
0.00062502814
-0.00066637458
0.00064590838
0.0011085037
0.0007085296
-0.00043298901
0.00050266763
0.0012172075
-8.3998165e-05
0.0017539295
-0.0013352254
-0.00013284857
0.00096321703
-0.001112695
-0.00075188097
0.00044350369
-0.0012684034
-0.00075990604
-0.0010802932
-0.001537632
0.00079262332
0.00090215693
0.0010463741
-0.0015527762
0.0014686115
0.0013897128
0.0013770957
-1.2137255e-05
9.0294348e-05
-0.0012213077
-0.001243573
-0.00021241519
-0.0010685084
-0.00074390663
0.0005637682
-0.0011616634
-0.00024760794
0.0010504664
-0.00044921416
8.9233322e-06
0.00064703947
0.00050168171
0.0009026254
0.0011755055
0.00015366199
0.00096482277
-0.0010816532
0.00016374394
-0.0010388967
-0.00034496215
-0.0019372543
-0.00083264351
-9.3688532e-05
-0.00060482804
0.001883289
6.0536116e-05
0.0015031593
-0.00092890609
0.00045654498
9.86098e-05
0.0011521681
-0.00016302733
-0.00048702277
0.00095859264
-0.0005639378
-0.00021535718
0.0005388744
8.5559584e-05
-0.00061059534
0.0011953858
-0.00065161774
0.00074754513
-0.0013848707
-0.00094967338
0.00093623542
0.00057842817
-0.00041538827
-0.00032037156
-0.0016833388
-0.00030967676
-0.00053150787
0.0022068035
0.0016651126
-0.000290989
-0.00016292249
0.00048959268
-0.0012420302
-0.0001594037
0.00014763073
0.00028055449
-0.00048567257
-8.2786299e-05
3.7741515e-05
-1.2104475e-05
0.0013770667
0.0013897069
0.00056376866
-0.00074390472
-0.0010685129
-0.00021245267
-0.0012435612
-0.001221255
9.0273689e-05
-0.00083268836
-0.0019372045
-0.00034494313
0.001503219
6.0555037e-05
0.0018832683
-0.00060481618
-0.0010389753
-9.3764669e-05
0.0011755333
0.0009026564
0.00050167943
0.00064707009
0.00016371613
-0.00108165
0.00096482597
0.0014686022
0.00015367451
-0.001537658
-0.00044919805
-0.00024763043
-0.0011617036
8.9427305e-06
0.00090779015
0.0010504645
-0.00011869354
