FiniteElementSpace
FiniteElementCollection: ND_2D_P1
VDim: 1
Ordering: 0

-0.00027607665
0.00034523517
0.00022674969
0.00033282267
0.00068801123
-0.00075953548
0.00036099731
0.0010961518
-0.00033151182
-0.00049726125
6.8603462e-05
-0.0014891072
-0.00040665833
-0.00042341113
-0.0001595646
0.00018596031
0.00090247675
-0.00021367207
-0.0010010038
-0.00026417257
0.00019194933
0.00035935103
0.000262998
-0.00017628741
-0.00085614734
0.00059333585
0.00052892482
0.00043320425
0.00066523479
-0.00046111993
-0.00079707778
-0.00017493414
-0.00022155056
-9.8916228e-07
0.0012603329
-0.00052477588
-0.00012107538
0.00071377163
0.00059139817
0.00030934878
0.00083673612
0.0012558942
-0.00070923535
0.0013495817
0.00025558536
-0.00080845342
0.00012163018
0.00020554615
-0.0013892607
-0.00019819764
-0.00026172801
-0.00083772588
-0.00062320529
-0.0013705094
-0.00064723689
0.00087086803
0
0.0018238431
0
-0.00024116305
-0.00042002533
0.0012146395
0.0018932332
0.0010617302
0.00074405779
0
-0.0012634542
0
-0.00034567925
-0.0011021237
-0.0012413949
-0.00071956516
-0.0011447887
0.00078170151
-0.00072203846
-0.00096124035
0.0018488183
0.0012372088
-0.0005003304
0.001330287
-0.00031777221
0.0003588851
0.00044385766
-0.00030054358
-0.0012762603
-0.00040568528
0.0013110998
0.00058515502
0.00014821299
0.00017813154
0.0016326928
-0.000708431
-0.00020051016
-0.0019599445
0.00090019309
0.0020191044
0.00024085726
-0.0018988518
0.00039539988
0.00019013568
0.00011355396
-0.00031322956
-0.001174369
-0.00071507172
0.0017770716
-0.0012667155
-9.3634532e-05
2.0852381e-05
-0.00037024717
-0.001392756
0.00013477528
0.00040267311
-0.00047259962
-0.00019757255
-0.00145247
0.0010573023
0.00046389056
3.2633048e-05
0.0019992187
0.00019586355
-0.0010039986
0.0010079077
0.00053110589
-0.00014391324
-0.0003486684
8.9740425e-05
-0.00077663207
-0.00017159718
0.00030889054
-0.0013487238
-0.001360768
3.485033e-05
-0.00091705883
0.00070128591
-0.00058986263
0.00022089975
0.0013110265
0.0014392502
0.00035117252
0.00069056892
0.00070817032
0.00010203687
0.00068061215
1.0367729e-05
-0.0019355684
-0.0011065325
0.001538201
-0.0012638964
-1.3325866e-05
-0.00099193985
-0.00024280249
0.001791051
0.00070571438
-0.0014246997
-0.0013617652
0.0013196009
-0.0010832567
-0.0012857818
0
5.0111538e-05
0
0.00026889895
0.0021424698
0.00056773134
-0.0011924178
0.00053616994
-7.2852348e-05
0
0.0010390703
0
0.00043241285
-0.00028185076
-0.00032039367
-0.00056446434
0.0017204495
0.0016254404
-0.0018815473
0.00057131926
-0.00077089699
-0.001361966
