FiniteElementSpace
FiniteElementCollection: ND_2D_P1
VDim: 1
Ordering: 0

-0.00076740674
-0.00076420866
0.00064472417
-0.0028114962
-0.0012762605
0.0011477029
0.00063629219
-0.0011246538
0.0013744633
-0.00026671317
-0.00059998817
0.0012654178
0.00072541506
0.00025899963
-0.0013626459
0.00080212971
-0.00083466084
0.001385731
0.00091197395
-0.001054623
-0.00016023678
0.00018978903
0.00012639746
0.0024198318
-0.00047383207
0.00070982357
-0.0020426202
-0.0024930509
0.00049295713
-0.0011595537
0.00051123885
0.0024635756
0.00071297507
-0.0014530069
0.001090522
-0.00016529116
-0.00058727319
0.0010547462
-7.1793479e-05
-0.0021049066
-0.0005809657
-0.00045484961
-0.00087688845
-0.00054154373
0.00063909591
4.8190337e-05
1.2781188e-06
0.00073024406
0.00099805134
2.1538663e-05
0.00058341247
0.0010624346
0.0007979537
-4.9887754e-05
0
-0.0011502476
0
-7.4986719e-06
-0.00078091352
-0.00019100618
0.00049419886
-0.00031499249
-0.00084430245
0
0.001022844
0
-0.00034481922
-0.0016664004
0.0013511406
0.001360197
-0.00055297073
-0.00016521558
0.00091703315
-0.00025361511
0.00083539761
-0.00089330514
-0.0025639479
-0.00010104518
0.0020531311
-0.0012644739
-0.00084398943
0.00071736384
0.0013054205
0.0035482212
0.00067798268
-0.00038835914
0.0033427455
0.0014667497
0
-0.0019397658
0
-0.0012028435
-0.0029961758
-0.0006244256
0.00072623336
-0.0014904608
-0.0006976673
0
7.315064e-05
0
0
0.00046420397
0
0.0010555805
-0.0019144393
-2.9178186e-05
0.00049282462
0.0025656037
0
-0.00021622445
0
-0.0019933882
-0.0024906068
0.00083186678
0.0018511899
-0.0024705434
0.0010379294
0.0010540388
0.0012427281
0.0017064009
0.00025320304
-0.0016565887
0.0023672334
-0.0021128996
0.0014098363
-0.0012872845
-0.0023289362
-0.00045077567
0.0013997798
0.0018751439
-0.00076887047
-0.0024275912
0
-0.00079358801
0
0.0018252827
-0.00052108276
-9.0562789e-05
0.0018675582
-0.00018744897
0
0.00081227773
0
-0.0019564136
-0.00036725037
0.00082312458
0.00066255054
-0.0032245924
-0.00033146811
0.0034473992
-0.0015478259
-0.0026979294
-5.6112394e-05
-0.00089927919
-0.00088710836
0.0027249855
-0.0012212523
-0.0001331488
0.002234313
0.0024215534
-0.0018676609
-0.0018166452
-0.00012228622
0.0021699466
-0.00014817346
-0.00081563065
-0.00049216182
0.00093674667
0.00058042376
-0.00039558028
-0.00078439717
0.0026094434
-0.00022319006
-0.0027204816
-0.00081183941
0.0023030197
0.00074578704
0.0012609944
-0.00032291102
-0.00143144
