FiniteElementSpace
FiniteElementCollection: ND_2D_P1
VDim: 1
Ordering: 0

0.0013099332
0.0011510229
0.00048140786
0.00047005193
0.00048822937
-0.00040802799
0.00072939367
0.00080698443
-0.00016606389
-0.0023897503
-6.3612086e-05
-0.00082768148
-0.00075854797
-0.0013762425
-0.00078088762
-0.0019223503
0
-0.00025501371
0
0.0018161758
0.0030001605
-0.00072987465
-0.0016750143
0.00055449067
-0.00046614066
0
0.0012800888
0
-0.00059002964
-0.00080518564
0.0012467909
-0.00064269096
0.0019990272
0.00040775347
0.00080457225
-0.0016818051
-0.0013324305
-0.00047927949
0.00018126654
0.00023181108
-0.00096821066
-0.0010893956
-0.001247896
0.00089878133
0.00091594279
-2.3643231e-05
0.001632105
0.0012024022
-0.0009077051
0.00097671415
0.0016335999
8.3103634e-05
0
-0.00099554931
0
-0.0003452374
-0.00033414784
-0.0010107929
-0.0013029982
-0.000681589
-0.0004798603
0
5.5271362e-05
0
0.00055931164
0.0019024474
-0.00016380366
-0.00013543926
1.5416778e-05
0.0011231238
8.3040226e-05
-0.00013540972
-0.0012153423
-0.0016253363
0.0017071089
-0.00036135901
0.0022095333
-0.00023206239
-0.00034319418
0.00076679681
-0.00033161516
-0.00031692805
0.00023972407
-0.0013509513
-0.0014921342
0.00066303969
-0.0014961312
9.0983393e-05
0
0.00089983616
0
0.00023474466
0.000528048
0.00075766495
0.00055324095
0.00093222638
-0.00076467813
0
-0.00060525171
0
-0.00050746404
-0.0010634344
-0.00017709598
0.0013420981
-0.0001685906
-0.00052751875
9.8546921e-05
-0.00014440947
0.00024272708
0.0012609816
0.00035506876
-0.0011094846
-0.0014052227
8.5116167e-05
0.001462705
-0.001066053
0.00087874493
0.00031170282
2.2196641e-05
0.00091683488
0.00020158777
-0.0010564394
0.00073895286
-0.00088579211
0
-2.1447797e-05
0
9.1136591e-05
-0.0002021757
-0.0001384894
2.3922576e-05
0.00046003824
0.00037963991
0
4.250035e-05
0
0
-3.3274874e-06
0
-0.00057601345
-0.00040158649
0.00071759396
0.00011585353
-0.00086224014
0
0.00017675729
0
0.00085402287
-0.0012289044
-0.0014079584
-0.0014137964
0.00052902964
0.00042342435
-0.001304254
0.0013647007
0.0017758166
0.00026668176
0.0018609051
0.00067462868
-0.0013897597
0.00082501036
0.0014672772
-0.00036626564
-0.0010343308
-0.00038184165
0.00026179693
-0.0010833416
-0.00074182314
0.00067535611
-0.00040108035
-0.00072021112
8.4044842e-05
0
-0.00023519392
0
-0.00049128512
-0.00087065528
0.0018180238
0.0013270533
-0.00054918501
0
-0.00020013958
0
-0.00064137389
-0.0008139446
0.0003434349
0.00051871356
0.00027755707
-0.0010245034
-0.00032247388
-0.0017432075
0.0002478337
0.00090852181
0.0011877715
-7.8548124e-05
0.00035998849
0.0012120466
0.00045374812
0.0014415085
0.00029755632
0.00013234841
-0.00066475766
-0.002127726
-0.00037362613
0.0014839519
-0.00083656328
-0.00095594056
-0.0014025125
0
9.2652219e-05
0
0.0018707085
-0.0013237968
-0.001505736
0.00044993617
0.0024496636
0
0.00083533188
0
-0.0020192812
