FiniteElementSpace
FiniteElementCollection: ND_2D_P1
VDim: 1
Ordering: 0

-0.001361966
-0.00060328914
-0.0017766635
-0.00083504995
0.00057131926
0.00035359243
0.00077071189
0.00010020989
-0.00042874593
0.00088742568
0.00099920434
0.00057814816
-0.00032039367
0.00075093153
0.00036388639
0.00043241285
0
-0.00098827857
0
-0.00016873502
-0.00018047432
0.00017662138
-0.00015298603
-0.00035347192
1.6425378e-05
0
0.00012009401
0
0
0.0001602248
0
0.00015613292
9.2947484e-05
0.00048580989
8.8958335e-05
0.00022907536
0
-0.00013124049
0
-0.0003387743
0.001538201
0.00070096955
0.00049666425
-0.00012388701
-0.0019355684
0.00058990735
-0.00067445289
-0.0013943818
0.00081269324
-0.00010882223
-0.0014442795
0.0013521992
0.00035117252
-0.00021911993
-0.0005123511
0.0013110265
0.0017433657
-0.0012300591
-0.00089755394
0.00050470615
0.00040556716
0.00092927348
0.00037789014
-0.0011891744
0
-6.9055971e-05
0
0.00050938279
-0.00046784742
-0.0010505254
-0.00083045904
0.00030489518
0
0.00067608556
0
-0.00022255625
0.00059139817
-1.4520462e-05
0.0003266937
-0.0011253476
-0.00012107538
0.0012224137
0.00023282824
-0.0010594457
1.2508075e-05
-0.00064295832
-0.00083294599
0.00057883743
-0.00079707778
6.5950103e-05
-7.5965588e-05
0.00066523479
-0.00145247
-0.00013375311
0.0010079077
-0.00063552375
0.00032919079
0.0010474645
-0.00010295725
0.00062663088
-4.2314321e-05
0.00068061215
-0.0003979148
-0.0012638964
0.00014844309
-4.1085949e-06
-0.00097711422
0.00063994774
5.4715131e-05
-0.00065732948
-0.0001627889
-0.00023531151
0.00029491926
0.00050937581
0.00064014265
0.00030998575
0.00031675655
0.00063852073
4.7278565e-05
-0.00029742079
0.00063230942
-0.00028611224
-0.00058778538
-0.0012376357
-0.00025314046
-0.00063247138
-0.0007602257
-0.001268626
0.00065611291
0.00072673799
0.0012012453
0.00043528966
-1.5839989e-05
0.0015278264
0.00074187177
8.8048878e-05
0
-0.0013791947
0
-0.00090592974
0.00054387611
-0.00013847038
-2.8537545e-05
-0.001637594
0
0.00088793753
0
0.0014217977
-0.00074211711
0.00038144843
0.00010857584
0.00012175184
0.0012160623
5.9852374e-05
-0.00054030854
0.00056998936
-0.00075562453
-0.0002287152
0.000507738
-0.00072565693
-0.00047324183
-0.00031314211
0.0013642795
-0.00054966638
-0.0015073875
0.00064246417
0.00046478438
5.696868e-05
-0.00025891027
-0.0017228256
-0.00027483361
0.0018341741
0
7.986422e-05
0
-0.00087014949
-0.00021948603
3.8593368e-06
3.1400725e-05
0.00050157042
0
-0.00011839201
0
0.00069388984
