FiniteElementSpace
FiniteElementCollection: ND_2D_P1
VDim: 1
Ordering: 0

-0.0014524862
-0.00019752578
-0.00047257547
0.00040261022
0.0010078863
-0.0010039705
0.00019587187
0.0019991666
3.2641203e-05
0.00046387529
0.0010573043
-0.0013927104
0.0006806042
0.00010200328
0.00070815096
-0.0012638514
0.0015381841
-0.0011064823
-0.0019355293
0.00069059008
1.0376766e-05
-0.00091705438
3.4831985e-05
-0.0013607477
-0.0013486767
0.00035117387
0.0014392243
0.0013110069
0.00022089661
-0.00058986163
0.00070129176
-0.00017157769
-0.00014387963
0.00053108349
0.0017770341
0.00030888106
-0.00077664124
8.975549e-05
-0.00034871263
-0.0011743661
0.00073929785
0.00056607811
-0.00069000355
-0.00092991192
0.0004040439
0.00058296523
0.0015219098
0.00076150504
-4.6741679e-05
-0.001127585
-0.00098477341
-0.00093343595
-0.00062733189
-0.0005323172
-0.00045880755
-0.00019434636
-0.00031783218
-0.00058620005
-0.00030047723
-8.6594125e-05
0.001245398
0.00081594633
-0.00015191518
0.00064601773
-0.0015435538
0.0016326538
0.00037421035
-0.0019599579
-0.00027121348
-0.0011773022
-0.00077115782
0.0011541487
0.00029828778
0.0009596659
0.0013181982
-0.0013755122
0.00036026921
0.0004210237
0.00088920099
-0.00080571478
0.00090247747
0.00044386594
0.00035888842
-0.0010010202
0.00017816956
0.00014821229
0.00058511302
0.0013110953
-0.00040570216
-0.001276273
0.00059333109
2.0832961e-05
-9.365167e-05
0.00043323696
0.00013478666
-0.0012667007
-0.00037021395
0.00011354381
0.00019010587
0.00039539812
-0.0018988075
-0.00071505827
0.0013302849
-0.0003132135
-0.00072203012
0.0020190981
-0.0002004755
-0.00070844464
0.00024086041
-0.00083773992
0.00090018941
0.0013495641
-0.00032081637
-0.0011528947
0.0010471744
-0.00090237572
0.001666104
0.0010612093
-0.00035265528
0.00028263209
-0.00034053908
-0.0013851753
0.00074194511
-0.000821743
0.0008367222
-0.00071699417
0.00025560983
0.00039570619
0.00022960191
0.00029816088
0.00037034713
0.00039920036
-0.00030084839
-0.00062322679
0.0013031084
0.00087085371
0
-0.0016814122
0
-0.0011600432
-0.00055805592
0.0017301435
0.00073782728
-0.0017754677
0
0.0008507679
0
0.00025697796
-0.00068819059
-0.00049012603
-0.0027063228
0.0019323858
0.00011308384
-0.0020255739
0.00065491516
2.0641504e-05
0.0005725306
0.0031188566
-0.00020736516
-0.00056668634
-0.0013547863
0.00054856732
0.0020225624
0.0011802114
0.0014455251
-0.0015140343
-0.0026202383
0.00038630332
0.0019989475
-0.0013924986
-0.0007007225
-0.0007808227
-0.0012511404
0.0027422832
0.0017311709
-0.00042603698
0.0023462366
0.00069326816
-0.0023505537
-3.4361186e-05
-0.00042194234
-0.0036433962
-0.00054076219
0.00059393619
