FiniteElementSpace
FiniteElementCollection: ND_2D_P1
VDim: 1
Ordering: 0

-0.0028114939
0.00064475181
-0.00076430024
-0.00076745168
0.0012654037
-0.00059993701
-0.00026664051
0.0013744353
-0.00112463
0.00063624673
0.001147628
-0.0012762229
0.0010904859
-0.0014530451
0.00071295209
-0.0021049449
-7.1806214e-05
0.0010547569
-0.00058725749
0.00246361
-0.00016526029
-0.00047384137
0.0024198292
0.00012640312
0.00018981002
0.00051122976
-0.0011595322
0.00049294566
-0.0024930664
-0.0020426234
0.00070985243
-0.0010546061
-0.0013626177
0.00025900294
0.00072541173
-0.00016025487
0.00091197411
0.001385732
-0.00083469126
0.00080210489
0.0018511973
0.00083193078
-0.002490621
-0.0016566155
0.00025322849
0.0017064165
0.0012427216
0.0010540196
0.0010378749
-0.0024705807
0.0018675011
-9.0600396e-05
-0.00052109665
-0.0019563562
0
0.00081226361
0
0.0018252558
-0.00018742473
-0.0007688292
0.0018751344
0.0013997888
-0.00045078375
0
-0.0007935551
0
-0.0019933598
-0.0024276176
0.0004927939
-0.0012872613
-0.0021128893
0.0023672396
-0.0023289565
-0.00038832006
0.0014098619
0.0020531253
-0.00010109588
-0.0025639709
-0.00089329537
0.00067799253
0.0035482125
0.0013054237
0.00071734286
-0.00084399101
-0.0012644392
-0.00025360259
-2.9148973e-05
-0.0019144174
0
-0.00021627452
0
0.0010555571
0.0025655956
-0.00069766986
-0.0014904404
0.00072629722
-0.00062443055
0
0.00046426868
0
0
7.3196683e-05
0
-0.0012029023
0.0014667251
0.003342719
0.0013511145
-0.0029961854
0
-0.0019398656
0
-0.00034484472
-0.00087692673
-0.00045487853
-0.00058100866
2.15329e-05
0.00099808066
0.00073024868
1.3169121e-06
4.825356e-05
0.00063910702
-0.00054155464
-0.00016516332
-0.00055300137
0.00083539012
0.0013602048
0.0009170058
-0.00084430255
-0.0003149648
0.00049420711
-0.00019100554
-0.0016664078
0
0.0010228627
0
-7.5112757e-06
0.00079792074
0.0010624525
0.00058340513
-0.00078092386
0
-0.0011502516
0
-4.9856963e-05
-0.0024967276
0.0020084827
0.0027893369
-1.4743261e-05
0.0015665675
0.00044855361
-0.0045892682
-0.00098697022
-0.0018638454
-0.00066755258
0.0011913241
1.3907715e-05
-0.0011269942
-0.0018539442
0.003832486
0.0021929518
-0.00079604345
-0.0011148084
-0.0015792008
0.0017707361
0.002039094
-0.0027525182
5.0091219e-05
0.00077989032
0.00036326972
-0.0004319257
-0.00082834783
0.0011220105
-0.0016389803
-0.0043971446
-0.00092560114
0.0043892204
0.0015505421
0.0023240849
-0.0014064684
0.00029232954
