FiniteElementSpace
FiniteElementCollection: ND_2D_P1
VDim: 1
Ordering: 0

0.0013203523
0.0017198562
0.00023567742
-0.0010640789
-0.0028662693
0.0018175514
-0.0020667738
-0.0016940688
0.0014968927
0.00038853799
-0.0022207384
0.0024899116
0.0023623749
-0.00087764744
0.0013934753
-0.0016547637
-0.0017357587
0.00099542705
0.0017390286
0.002736362
-0.0002365532
-0.0015720388
0.0011053139
0.00070246603
0.0013130363
-0.00045076174
-0.0020478372
-0.0011371693
-0.0036416744
-0.00081630242
0.0025115376
-6.324187e-05
-0.0010496899
-0.0010338401
-0.0024852007
0.0010920996
-0.00066384477
0.00030114422
0.00089882642
0.00016946923
0.0026333751
0.00032188058
-0.0022338014
-0.0030511148
0.0020769606
0.001617596
-0.00085882352
0.0020248727
0.00098153552
-0.0033996259
0.00080401207
0.0014351408
-0.00035573545
0.0025059374
0
-0.00090607379
0
-0.0028619164
-0.0010850258
0.00083765257
-0.0006560638
0.00019731853
-0.0010192668
0
0.00076089503
0
0.0028561435
0.00060868956
-0.0015218424
0.0009139065
-0.0011641988
0.0017325947
-0.00087015562
-0.0004604444
-0.00012967031
0.0025559376
0.00076432883
-0.0018606835
0.001608306
0.00016497331
0.00073356826
5.5610444e-05
-0.0007315641
0.0010461519
-0.0021092193
-0.00074176703
0.00092295681
0.00052742894
0
-0.00087631079
0
-0.0023529344
-0.0021717215
0.0028147705
0.0028530907
0.00010330853
-0.00076143721
0
0.001196527
0
0.0010044008
-0.0030900103
-0.0020637783
0.00039070832
-0.0033491397
0.0010188243
-9.0098307e-05
-0.00050726206
0.0021170187
0.0033236064
0.00035810431
-0.00030654873
-0.00021153622
-0.00026025865
0.0018950812
-0.0019740776
0.0008733114
0.0024232115
0.0012906521
0.00072160682
-0.00069705644
-0.0021202107
-0.00024806766
-0.001226089
0.0017767229
0.0032878611
8.0903606e-05
-0.0025682861
0.0017556846
0.0018776524
-0.00059046493
-0.0017156894
-0.0030224347
-0.0031284741
0.0029675299
-0.00047769463
-0.00067794472
0.0012880229
0.0015490139
-0.0016106127
-0.0012622783
0.0010193106
0.00054387667
-0.00096985699
-0.0018174051
-0.0014796035
0.0013172542
-4.2029247e-05
0.0014878686
0.00080129997
-0.0011723204
0.0013783472
0.00020823029
-0.0015839582
0.0023641588
0.00086928342
0
-0.0029760216
0
-0.0013312505
-0.0011889808
0.0020003726
0.0010506015
-0.0014144618
-0.0010781146
0
0.0029475733
0
0.00017999308
-0.0015545814
-0.001671003
-0.00020716911
-0.0018366826
0.0013671202
0.0010067558
-0.00026752758
0.0014463073
0.0015126046
-0.00043916085
-0.00032977113
