FiniteElementSpace
FiniteElementCollection: ND_2D_P1
VDim: 1
Ordering: 0

-0.00031155774
0.0013607613
-0.0024161388
-0.0019582046
-0.00019442067
0.0015322341
0.0008309555
-0.00031402774
-0.00068349854
-0.00018563728
-0.00028890931
0.0012694881
-0.00042443292
-0.00079393233
0.00051745314
0.0019505682
-1.4743261e-05
-0.0012201593
1.3907715e-05
-0.0010676713
0.00040572042
0.0013398931
-6.5459733e-05
-0.00048401299
-0.00030372708
-0.00092560114
0.0026086894
0.00029232954
0.0006514284
-0.0014105243
-0.00034014952
-0.000165348
-0.00048948303
0.0010680169
-4.9677016e-05
-0.00057443713
0.00067258735
0.00078842458
-0.00074620575
-0.00049450732
-0.0014064684
-0.00082179999
0.0045200211
0.0011172015
0.0015505421
-0.00030246839
-0.0036821761
-0.00093308868
-0.00032984597
-0.00037632596
0.0010502263
-0.00074459563
-0.00082834783
0.000372585
0.0023926132
0.00036326972
-0.00058100866
-0.00097254927
-0.00054155464
-0.000526198
-0.0011043459
7.5472221e-05
6.5355081e-06
-0.0022130474
0.00015044347
0.00058340513
5.6509542e-05
-4.9856963e-05
0
0.0016677037
0
0.0011964338
4.4513347e-05
-0.0041135254
-0.00071989555
0.003798049
0
-2.8726293e-05
0
0.00043884692
-0.0013505702
-0.0012345508
0.00020325565
0.00034799344
0.00018152798
0.00054530821
0.00017582878
0.001719176
0.00062343618
0.00016124983
0.0024141898
0.0018890011
-0.0039247696
-0.00088557506
-0.00098496342
-6.1473025e-05
-0.0011492569
-0.0032098505
-0.0009778592
0.0038494623
0
0.0011593273
0
4.9887709e-05
-0.00055268264
0.0011322713
0.00013190675
0.0014194841
0
-0.0014271646
0
-0.0010562488
0.0010886054
-0.0016222363
6.0555037e-05
-0.00074500342
-5.2306205e-06
0.0013718594
-0.0014578765
0.0002236605
0.0016690923
-0.00060481618
-0.001058336
0.00095615151
0.0012534503
-0.0010137985
-0.0010642412
0.0011550219
0.00051930377
-0.00024200698
3.0827506e-05
-0.0017589756
0.00011557081
-0.00066763158
0.0020186997
0.0018260231
-0.00071954297
-6.0365649e-06
0.00016874114
-0.0017929687
-0.00024645249
0.0013512749
0.00016371613
-9.4926077e-05
0.00056288211
-0.00057235956
-0.0010393655
0.00096482597
0.0014977886
0.0012710906
-0.0010229648
-0.0013459426
0.00031412201
-0.00071360907
-0.00082408034
-9.8322069e-05
-0.0017568694
0.00018333989
0
0.0015266415
0
0.0017671615
0.00034372394
-0.00039030626
0.0012753328
0.00050261857
0.00083435051
0
-0.0013232609
0
-0.0020193238
-0.00069035169
0.00044996983
-0.00099557504
-0.0004576783
-0.00082436478
-4.7372999e-05
0.00035999525
0.00070352721
0.00027756082
