FiniteElementSpace
FiniteElementCollection: ND_2D_P1
VDim: 1
Ordering: 0

-0.00092892423
-0.0012689509
-0.00098699679
0.0012269069
0.0011521881
-0.0013342316
0.00092225188
0.0012513595
-0.00086369199
0.0019023014
0.00041074192
-0.0020343385
8.5563632e-05
0.00089516368
-0.00035905398
-0.00065164115
0.00017103012
0.001005305
-0.00025783636
0.00027155306
-0.0018877199
0.00062840914
0.0030481434
0.00063887636
0.0002663536
-0.00014931061
-0.0010590367
0.0012866135
-0.00055150477
-0.0018891416
-0.0011349912
-0.0016040097
-0.0026493615
0.00070138372
0.001097317
-0.00099583195
0.0011480141
0.0023396068
0.00020497265
0.0016581386
-0.00030826463
-0.00030827989
0.0012269088
0.0021469627
-0.003800826
-0.0040551693
-0.0040551499
-0.0038008655
0.0021469448
-0.0020343463
0.0015068765
0.0029260648
-0.0017383451
-0.00076144876
0.0012120124
-0.0014593594
-0.0021308161
-0.00090186725
0.00066079343
0.00066078605
-0.00090185216
-0.0011518162
0.00025932237
0.0011645707
0.001164572
0.00025934574
-0.0011518005
-0.0014593576
0.0029260673
0.0015068697
0.0010973088
-0.0021308154
0.0012120038
-0.00076143442
-0.0017383543
0.0016581621
-0.0021109591
-0.0015216683
0.0001434406
0.00069269261
0.00085447073
-2.6525986e-05
-0.0018805539
-0.0009715221
0.00086480663
0.0011729953
-0.0010388477
0.00076801307
-0.00043234812
0.0033887377
-0.0009072215
0.00075724764
0.00031625138
-0.0037369793
-0.0015434396
0.0019518014
-0.00041929927
-0.00031673337
0.0013274078
-0.00084028023
-0.00033044209
0.0015873943
0.0039500103
0.002640669
-0.0027778926
-0.00017915987
-2.077022e-05
-0.00066158839
0.0007915712
0.0013380276
-0.00046604256
-0.00097801382
-0.00098692115
-0.0012689309
-0.00092890609
0.00041077299
0.0019022996
-0.00086371512
0.001251348
0.00092222085
-0.0013342576
0.0011521681
0.00070133559
-0.0026493747
0.00020496514
0.0023396271
0.0011480136
-0.0016040206
-0.00099584061
0.00026636736
0.00063886535
0.0030481697
0.00062844215
-0.0011349912
-0.0018891965
-0.00055147987
0.0012866172
-0.0010590442
-0.00014929755
0.00027156118
-0.00035901541
0.00089514864
8.5559584e-05
-0.0018877351
-0.0002578108
0.0010053119
0.00017102348
-0.00065161774
-0.0018427592
-0.0014596065
-1.2104475e-05
-0.0004633166
0.0022325455
-0.00044124076
-1.2311891e-05
0.00094359236
0.00061047653
0.00056376866
0.0012974102
-0.0024394862
0.0010245767
0.0005859782
0.00096018818
-0.0013463588
6.6501463e-05
-0.00016566888
-0.0017964352
0.00077736348
0.0015818196
-0.0026996013
0.0008890555
0.0018118115
0.0019505682
0.0018328621
-0.00042443292
-0.002082008
0.0010467793
0.0023880756
-0.00083268836
-0.0020954072
-0.00019442067
-0.002014608
-0.00031155774
0.001503219
