FiniteElementSpace
FiniteElementCollection: ND_2D_P1
VDim: 1
Ordering: 0

0.00032459211
0.00053271956
0.00084333532
-0.0011196081
-0.00049541039
0.00098792865
-0.00046691997
-0.0023051355
-0.00071730229
-0.0010409358
-0.00025616913
0.0015231963
-0.0014655268
-0.00050581026
-0.00056754964
0.0018442096
-0.0013723766
0.00054772016
0.0023909172
-0.0005755669
0.00056902219
0.0012243901
-0.00051109554
0.0010013008
0.0018755836
-0.0013454242
-7.5363419e-05
0.00015210547
0.00044231814
0.00025356283
-0.00042762884
-0.00083244765
0.00053418563
-0.0012346903
-0.0017461144
-0.00037452175
0.00043181877
0.00032096751
-0.00029021218
0.0020736918
0.00033282447
0.00022671068
0.00034523625
-0.00027608145
-0.0014890968
6.858305e-05
-0.00049723188
-0.00033147484
0.0010961587
0.00036102377
-0.00075951856
0.00068799065
0.0012603382
-9.7090339e-07
-0.00022157894
0.00030934086
0.00059141011
0.00071374445
-0.00012106376
-0.00017492036
-0.00052476649
-0.00085615062
-0.00017632326
0.00026298481
0.00035934082
-0.00079708653
-0.00046111012
0.00066527599
0.00043323696
0.00052895529
0.00059333109
-0.0002641659
-0.00015956186
-0.00042340318
-0.00040662374
0.00019194079
-0.0010010202
-0.00021369079
0.00090247747
0.00018595449
-7.4489544e-05
0.00012358679
-0.00081448028
0.00029049269
0.00057244007
-0.00017690257
-0.000488675
-0.00023039346
-0.00047024857
-0.00067221735
-0.00028386265
-0.00043474555
0.00015361083
4.8474002e-05
0.0002476292
0.00065838607
0.00033778823
0.0005261387
0.00045040244
0.00019694976
-0.00019434636
-0.00050696855
-0.00062733189
-0.00093181174
-0.00042130373
0.00020123834
-0.00014549124
-0.0010449876
0.0004040439
0.00055354226
0.00073929785
0.0016628062
-0.0011196072
0.00084334704
0.00053266265
0.0015232273
-0.00025615635
-0.0010408997
-0.0007173001
-0.0023051653
-0.00046691972
0.00098796007
-0.0017461541
-0.0012346773
0.00053418212
0.0020737327
-0.00029022387
0.00032093917
0.00043181611
-0.00083249451
-0.00037451943
0.0018756239
0.0010012969
-0.00051111871
0.0012243833
-0.00042761503
0.00025359585
0.00044233061
0.00015213632
-7.5346905e-05
-0.0013454832
-0.00057557038
-0.00056755779
-0.00050577834
0.00056901245
0.0023909602
0.0005477184
-0.0013723967
-0.00081451231
0.00012357483
-7.4473134e-05
-0.0006721736
-0.00047024497
-0.00023039703
-0.00048867169
-0.0001769333
0.00057242912
0.00029052807
-0.00014553504
0.00020122344
-0.00042131439
0.0016628344
0.00073927119
0.00055352451
0.00040406895
-0.00093181579
-0.001044959
0.00045042575
0.00052613797
0.00033779364
0.00065837659
-0.00062731896
-0.00050696274
-0.00019436169
0.00018596031
0.0001969558
-0.00040665833
4.8488765e-05
-0.00043473184
-0.00028388126
0.00024762793
0.00068801123
0.00015362384
-0.00027607665
