FiniteElementSpace
FiniteElementCollection: ND_2D_P1
VDim: 1
Ordering: 0

0.00020497265
-0.00026623701
-0.00038929789
-0.0021109591
0.0011480141
0.001699906
0.0016718519
-0.0013516939
-0.0011138858
-0.0017443211
5.1611303e-05
0.00069269261
-0.0011349912
-0.0011556542
-0.0014240482
-0.00055150477
-0.0021431667
0.000407652
0.0021660948
0.00084642919
0.0029769541
0.00053517068
-0.0020661544
0.0011146053
0.001942347
-0.0021095979
0.0015078474
0.002645048
0.0012949992
0.00036186326
-0.00022941778
-0.003369212
0.0016870307
0.00085492651
-0.0010388477
-0.0028970739
-0.00084751886
-0.00046151413
-7.768049e-05
0.0033887377
3.8138194e-05
-0.0017187425
-0.0045697804
0.0039505814
0.0011603457
-0.0027435575
8.5221745e-05
-0.00034998489
-0.0012895415
0.0032430452
-0.00018893939
-5.4815147e-05
-0.0032245924
-0.00033505404
0.0027249855
-0.00066252688
0.0009561245
0.0015218034
-0.00049204589
0.0013444691
0.00086269156
-0.00081183941
0.00058660555
-0.00143144
-0.0001402547
-0.0011482093
-1.7827079e-05
0.00039935068
0.00014823253
9.0223459e-05
-0.0012149272
-0.00091054917
0.00051669446
0.000658445
-0.00029845562
-2.9868225e-05
-0.00032291102
-0.00095217735
0.0027047416
0.0024427835
0.00074578704
-0.0020378075
-0.0014777198
0.0011919365
0.00051010513
0.00018616909
0.00069232981
-0.0020612464
-0.00078439717
0.0014890442
0.00090591821
0.00058042376
0.0018511899
-0.0013777666
-0.0016565887
-0.0011174066
-0.0015882399
-1.1508001e-05
0.0005710534
-0.0012060249
-0.0020266324
0.0018675582
-1.2478513e-05
-0.0019564136
0
-0.00018109239
0
0.0029786399
-0.00016298346
-0.0021386305
0.001810289
0.0024701488
0
0.00058361482
0
-0.0025484424
-0.0011186954
-0.00089202159
0.00076438737
-0.0012916213
0.001621784
0.0022659627
0.0008192187
0.00052164679
0.00062894017
-0.001518439
0.0016025662
-0.00032516663
-0.0020777057
-0.00094588933
-9.891283e-05
-0.00052847302
-0.0011547763
-0.0010393796
-0.0028015801
0.0012843529
0
0.00040056654
0
0.0026822476
0.00095259703
0.0018161681
0.0024157151
0.0001592472
0
-0.0016487782
0
-0.0036133958
