FiniteElementSpace
FiniteElementCollection: ND_2D_P1
VDim: 1
Ordering: 0

-0.00097801382
0.0014258783
0.0014258652
-0.0009779643
0.0013380276
0.0011008091
-0.0018067765
-0.0028352033
-0.002835277
-0.0018067617
0.0011008596
0.0013379382
-0.0027778926
-0.0021460305
0.00038340317
0.0039500103
-0.001577926
0.00069740754
0.0015407378
-0.0021743025
0.00051521005
0.002813321
-0.0004810523
-0.0004811314
0.0028132615
-0.0022118471
0.0013472207
0.0026948054
0.0026948008
0.0013471502
-0.0022118847
-0.0021742565
0.00038338396
-0.0021460637
-0.0027777941
0.00051523826
0.0015408017
0.00069747851
-0.0015779588
0.0039499569
-0.0017383543
0.00014349143
-0.0015216559
-0.0021109251
0.0012120038
0.0011729804
0.00086480241
-0.00097139836
-0.0018805433
-2.6527552e-05
0.00085445567
0.00069261059
-0.0011518005
-0.00066158166
-2.076388e-05
0.001164572
-0.00046606777
-0.00017919184
0.00079158407
0.001327418
-0.00031671579
-0.00041933264
0.0019517323
0.002640675
0.0015873994
-0.00033048973
-0.00084033703
-0.0037369163
-0.00043238323
0.00076809814
-0.0010388051
-0.0015434443
0.00031619484
0.0007572969
-0.00090724362
0.0033886122
-0.00038927979
-0.00026624575
0.00020496514
5.1573326e-05
-0.0017443021
-0.0011138583
-0.0013516553
0.0016718859
0.0016998483
0.0011480136
0.00085495244
0.0016870476
-7.7678201e-05
-0.00046153348
-0.00084751633
-0.0033691594
-0.0028970185
0.0019422703
0.0011145616
-0.0020661305
0.00053511912
-0.00022940087
0.0003618105
0.001294972
0.0026449503
0.0015078434
-0.0021094983
0.00084642161
-0.0014240751
-0.0011556037
-0.0011349912
0.0029768938
0.002166014
0.00040761722
-0.0021430518
-0.00055147987
0.0003565549
0.0023531479
0.0010245767
-0.00017253063
-0.0034780481
-0.0018017423
-0.002456981
-0.00065655635
0.0029118207
0.00096018818
-0.00091490036
0.002122998
-0.00036728949
-0.00074264787
-0.00033145479
-0.0018732818
-0.00049490282
0.0012493414
-0.001232027
-0.003140924
0.0019286035
-0.0012212764
0.0015817325
0.00242156
0.0021929518
0.0035037086
-0.0011269942
-0.00058227461
0.00097203472
-0.0024805481
-0.0026996013
0.0034723371
0.0015665675
-0.0016803856
-0.0024967276
0.0018118115
0.00079651362
0.0018894472
-0.0032536169
0.0025849203
-0.0012701684
-0.002194298
-0.0012400736
-0.0026169446
0.00071033138
0.0014770979
-0.0015522382
0.0012110064
-0.0020306254
-0.0014293979
0.00068023393
-0.0019974136
0.0016240039
0.0022770935
-0.0016692055
-0.00079677919
-0.00022382106
0.00050933895
0.0019997028
-0.0012386905
0.0017403718
0.00028461072
-0.00086983535
0.001917834
0.0017665936
-0.0028925428
-0.00030833196
0.0015020098
0.00060504937
0.0003235926
-0.0011286444
-0.0003919576
