FiniteElementSpace
FiniteElementCollection: ND_2D_P1
VDim: 1
Ordering: 0

-0.00090724362
-0.00016958425
-0.00098717026
-0.0045697191
0.00031619484
0.0044154156
6.7178395e-05
-0.0026719234
-0.00020220728
-0.00053197184
-0.0004813673
0.0032429943
-0.00084033703
0.0001808303
0.001778592
0.0015873994
-0.0032536169
-0.0024926854
0.0014770979
-0.0015316736
0.001035862
0.0016740308
-0.0019118876
-0.001379054
0.00014556499
-0.00030833196
0.0026367606
-0.0003919576
0.001250895
0.0010166386
-0.00078686807
0.00065445923
0.00058383692
-0.00065550503
-0.0012149104
0.00086054832
0.00030529857
-0.00066175228
9.0283169e-06
-2.9878161e-05
-0.001718685
3.8164697e-05
-7.7678201e-05
-0.0012895311
-0.0003500001
8.5210486e-05
-0.0027435574
0.0011603193
0.003950579
-0.00084751633
9.020486e-05
0.0001482464
-0.0002984383
0.00065841781
0.00051667218
0.00039936495
-0.00091054009
0.00086267942
0.0013444976
-0.00049202916
0.001521798
-1.7809538e-05
-0.0011481933
-0.00014028635
-0.001431518
0.00058658257
-0.00081179208
-0.00066257937
-5.4776844e-05
-0.00018886387
-0.00022940087
0.00095609029
0.0027249395
-0.00033507959
-0.0032245576
0.001294972
0.00076444794
-0.00089202862
-0.0011187127
-0.0015184242
0.00062894956
0.00052168623
0.00081922644
0.0022659659
0.0016217389
-0.0012916347
0.0024156656
0.0018161632
0.00095255645
-0.0036133746
0
-0.0016487278
0
0.0026822281
0.00015927358
-0.0028015855
-0.0010394074
-0.0011547312
-0.00052847266
0
0.00040055901
0
-0.0025484161
0.0012843582
0.001810269
-0.00094588224
-0.0003251228
0.0016025893
-9.8972879e-05
-0.0020612872
-0.0020777039
0.0024428133
0.0027047618
-0.00095217617
-0.0003229315
0.00069234981
0.00018618016
0.00051009981
0.0011919556
-0.0014777533
-0.0020378266
0.0007457618
-0.0021386223
-0.00016299232
0
0.00058361611
0
0.0029786018
0.0024701624
-0.0020266232
-0.0012060753
0.00057107004
-1.1505513e-05
0
-0.00018106085
0
-0.0019563562
-1.2414444e-05
0.0018675011
-0.0011174199
0.00090594854
0.0014890833
-0.00078440716
-0.0015882389
-0.0016566155
-0.0013777882
0.0018511973
0.00058041675
0.0006626139
0.00082308604
-0.00036728949
-0.00088704514
-0.00089926269
-5.6144164e-05
-0.0026979295
-0.0015478182
0.0034473671
-0.00033145479
-0.0027204381
-0.00022316648
0.0012609764
0.0026094726
0.002303006
-0.00049214383
-0.00081563629
-0.00014819395
0.0021700204
-0.00039554327
-0.0021049449
0.0009367643
0.0010904859
-0.0018167035
0.0022343379
-0.00013309156
-0.0012212764
-0.00012234681
0.0012654037
-0.0018677286
-0.0028114939
0.00242156
