FiniteElementSpace
FiniteElementCollection: ND_2D_P1
VDim: 1
Ordering: 0

0.00054387667
-0.0024175159
-0.0024174825
0.00054383759
-0.0012622783
-0.0010152824
0.0028271033
0.0026152474
0.0026152723
0.002827094
-0.0010153028
-0.0012622217
0.0029675299
0.0026464017
-0.0013429968
-0.0030224347
0.0013172542
0.00051515937
-0.0015839582
0.00071485936
-0.0015236378
-0.0021132097
0.0012496774
0.0012497279
-0.0021132036
0.0010067558
-0.0015519871
-0.00032977113
-0.00032970581
-0.0015519243
0.0010067193
0.00071488091
-0.0013429568
0.0026464072
0.0029674971
-0.001523658
-0.0015839877
0.00051512555
0.0013173061
-0.0030224093
-0.00043916085
-0.00057107707
-0.00057119542
-0.00043918036
0.0014463073
0.0013779157
-0.00028361745
-0.00094363631
-0.00094363208
-0.00028364018
0.0013778609
0.0014463942
-0.001671003
0.00059473902
0.0014405866
0.00017999308
0
-0.0028668175
0
0.0008669501
0.0013136908
-0.0001670658
-0.0024935746
-0.0024935615
-0.00016708857
0
0.0020372178
0
0
0.0020372312
0
0.00086700908
0.0014405836
0.00059477898
-0.0016710428
0.0013136584
0
-0.0028667815
0
0.00017994768
-0.0014795353
-0.0018173657
0.00035805697
0.00020824666
0.001378363
-0.001172359
0.00080128472
0.0014877576
-4.2074628e-05
0.0021170621
0.0013670115
-0.0018367585
0.0015127549
-0.00020715592
-0.00026741329
-0.0010780847
-0.0014144903
0.0010507514
0.0020004182
-0.0015546786
0
0.0029475284
0
-0.0013312589
0.0008693389
0.0023640947
-0.0020638034
-0.0011890534
0
-0.0029759985
0
0.0010044439
0.0016083372
-0.0018606194
0.00076429486
0.0025559006
-0.00074174098
-0.0021091798
0.0010461835
-0.00073157996
5.5562681e-05
0.00073348723
0.00016497866
-0.00046044451
-9.0144935e-05
0.0010187445
-0.0033491584
-0.00030654731
0.0033235873
0.00039076532
-0.00050714494
-0.00076142051
0.00010322624
0.0028530896
0.0028147947
-0.003089917
0
0.0011965411
0
-0.0023530098
0.00052747893
0.00092301973
-0.0015218613
-0.0021718047
0
-0.00087634264
0
0.0028562237
-0.0017357699
-0.0022337501
0.00032183506
0.0026333364
0.0017390361
-0.0033995849
0.00098153805
0.0020248626
-0.00085884828
0.0016175736
0.0020769638
-0.0030510766
-0.00045073281
0.0017325498
-0.0011641891
-0.0011372157
-0.00012965437
0.0009139603
-0.00087011629
-0.0010192863
0.00019730256
-0.0006561041
0.00083769625
0.00060870949
0
0.00076093597
0
-0.0028620067
-0.00035572919
0.0014351688
0.0008039606
-0.0010850447
0
-0.00090610264
0
0.0025060205
