FiniteElementSpace
FiniteElementCollection: ND_2D_P1
VDim: 1
Ordering: 0

0.00042545877
-4.5914206e-05
0.00047684599
-0.0013723766
-0.0019962872
0.001089449
-0.00053403623
-0.0017223942
0.0013408808
-4.2048727e-05
-0.00060044785
0.0023909172
0.00096422298
0.00027790302
-0.00041342534
0.00026885544
-0.00050409611
0.00047018432
0.0013561051
7.6757979e-05
0.00029854714
-0.0010510382
-0.0015116866
0.000560547
0.0011970821
-0.0014243473
-0.00036090034
0.00031774016
0.00030934086
0.0013468642
0.0012603382
-0.00029131373
0.00104531
-0.00077504244
-0.0013454242
0.00027291789
-0.0014890968
-0.0011494551
0.00033282447
0.00015210547
-0.0013723967
0.00047686936
-4.5920997e-05
0.0023909602
-0.00060044606
-4.2053175e-05
0.0013408776
-0.0017224594
-0.00053404816
0.0010894969
-0.0013454832
-0.00077504311
0.0010453498
0.00015213632
0.00033282267
-0.0011495018
-0.0014891072
-0.00029136398
0.00027292282
0.0011971481
0.00056054435
-0.0015117209
-0.0010510393
0.0012603329
0.0013469116
0.00030934878
0.00031776574
-0.00036089544
-0.0014243658
7.6761603e-05
-0.00041342741
0.00027791057
0.00029855253
0.0013561416
0.00047018547
-0.00050411927
-1.7427029e-05
0.00017551378
0.00035766197
-2.4331251e-05
0.00054261299
-0.00034987374
-0.0014530473
-0.00059359035
-0.00073787684
0.00058269228
-0.00095671573
-0.00036450666
-0.00035399619
0.0010958059
-0.00074208564
0.00024079093
0.0012160199
-0.00052500988
0.00064876715
0.00053029364
-0.0011339677
0.00022766953
0.0011043344
-0.00047320094
-0.00017742135
-0.00054968395
0.00030998074
0.0012535903
-0.0001627891
0.00018546492
0.0012891698
-0.00032031898
0.0002730416
0.00057885731
-0.0011228845
-0.001125345
0.0003266556
-1.4507974e-05
0.00059141011
-0.0008329454
-0.00064294909
1.2509959e-05
-0.0010594335
0.00023282022
0.0012224274
-0.00012106376
-0.00065731265
5.4688691e-05
0.00064016699
0.00050936108
0.00029492298
0.00063993591
-0.00023530309
-4.2343319e-05
0.00062660742
-0.00010296196
0.0010474529
-0.00097712385
-4.1073844e-06
0.00014845923
-0.0012638514
-0.00039788174
0.0006806042
-0.00063553489
-7.5941895e-05
6.5934995e-05
-0.00079708653
0.00032921028
0.0010078863
-0.00013374173
-0.0014524862
0.00066527599
0.00035766409
0.00017554575
0.00058270556
-0.00073793924
-0.00059358827
-0.0014530719
-0.0003498761
0.00054265987
-0.00032031505
0.0012892321
-0.0011253476
-0.0011229678
0.00057883743
0.00018543053
0.0002729996
0.0011043687
0.00022767829
-0.0011340558
0.00053030626
-0.0001627889
0.0012536564
0.00030998575
-0.00054966638
-0.0001773925
-0.00047324183
-0.00052499709
-0.00035401128
-0.00036456434
0.00064884089
0.0012160623
0.00024079487
-0.00074211711
