FiniteElementSpace
FiniteElementCollection: ND_2D_P1
VDim: 1
Ordering: 0

-0.0011196081
-0.0019295339
-0.0014231138
0.00066032663
0.0015231963
0.0004974496
-0.00014294517
-0.0028922227
-0.0030744784
0.0024639736
0.0016544799
0.0014998888
-0.0017461144
0.0011806991
-7.3697214e-05
0.0020736918
-0.001888977
0.0006576332
0.0036141533
-0.0004756752
-0.0016631592
0.0017374477
0.00077294936
-0.00053808721
0.0051312727
-0.0042951201
0.00037286482
0.0029234962
-0.00059258961
0.0018758077
-0.0011293768
-0.0042598528
-0.0014043014
0.0018437502
-0.0052323005
-0.00026107333
0.0037647655
-0.0015504635
-0.0022705262
0.0054568031
0.0036776185
0.0036776065
0.0006603568
0.0007537538
-0.0039235563
-0.0049747332
-0.0049747621
-0.0039235148
0.00075377236
0.0014998873
-0.0044780285
0.00010968504
-0.0034707039
0.0030666511
0.0041784751
-0.0015251804
0.00084315972
0.0049109442
0.0017998259
0.0017997878
0.004910985
-0.0021147675
-0.0012169481
0.00067317124
0.00067310193
-0.0012169523
-0.0021147395
-0.001525257
0.00010962835
-0.0044780052
-0.0052323506
0.00084316655
0.0041784773
0.0030666629
-0.0034707116
0.0054568831
-0.00075532432
0.0016193646
-0.0017532906
-0.0032288605
0.0022601012
-0.00073306927
-0.0021210521
0.0012011434
0.00068501183
-0.00082600716
0.002460953
-0.00094774131
0.00034168591
-0.00049666514
-0.0010640789
0.00090998731
0.0024899116
0.0022965201
0.00034016362
-0.001563723
-3.641456e-07
0.0010836228
0.0021942104
-0.0024852007
-0.00053836565
0.00016946923
-0.0027035491
-0.0007814197
0.0029381295
-0.0014051938
-0.0002107647
-0.00023134589
-5.9534294e-05
-0.0011186109
-0.00015845149
-0.00026127045
-0.0014230563
-0.0019295199
-0.0011196072
0.0016544941
0.0024639444
-0.0030745163
-0.0028922368
-0.00014297952
0.00049742522
0.0015232273
0.0018436954
-0.0014042953
-0.0022705516
-0.0015504443
0.0037647772
-0.0042598946
-0.00026105957
0.0051313073
-0.00053809796
0.00077295044
0.0017374663
-0.0011293953
0.0018758217
-0.00059253588
0.0029235769
0.00037288203
-0.0042951772
-0.00047569427
-7.3703407e-05
0.0011806712
-0.0017461541
-0.0016631536
0.0036141479
0.00065764473
-0.0018889705
0.0020737327
0.00046445746
-0.0011673613
-0.00081451231
0.00040880161
0.0010072915
-0.00046291959
-0.0039168064
-0.0014161645
0.0022842777
-0.0006721736
-0.00091459246
0.00035572966
-0.00060544028
-0.0022553757
0.0012692428
-0.0012376256
0.0013182621
0.0036465222
-0.00016682124
-0.0010321195
0.00048732065
-0.00025324649
0.003312665
4.324903e-05
0.00059398003
-0.0010499572
-0.0023506105
-0.00081483842
0.00037903631
0.00066194771
-0.00014553504
-0.00079162664
0.003118894
0.00079136562
-0.0027063327
0.0016628344
