FiniteElementSpace
FiniteElementCollection: ND_2D_P1
VDim: 1
Ordering: 0

-0.0020306027
0.0018347864
0.001834865
-0.0020306254
0.00068025365
0.00096860148
-0.0021166247
-0.00036627293
-0.00036624263
-0.0021166229
0.00096860669
0.00068023393
0.00050931747
-0.0028138183
0.0012875528
-0.0012386861
-0.0013191059
0.00082158869
-0.00055946503
0.001486759
0.0016022995
-0.00041090344
2.7585328e-05
2.7577348e-05
-0.00041090355
0.0014893246
-0.00099744394
-0.00047668347
-0.00047664996
-0.00099745779
0.0014893063
0.0014868249
0.0012875372
-0.0028138795
0.00050933895
0.0016023224
-0.00055942869
0.00082158539
-0.0013191074
-0.0012386905
-0.00051369959
-0.0042449007
-0.0042448569
-0.00051371724
0.0002152987
0.0001987655
0.0041629072
-4.1887288e-05
-4.1882973e-05
0.004162917
0.00019876483
0.0002153056
-1.0202416e-05
0.0043081952
-0.0018090078
0.00093601848
0
-0.00095870152
0
-0.0008858679
-0.0020394314
0.00047554378
-0.00055021229
-0.0005502158
0.00047554395
0
0.00062770709
0
0
0.00062767358
0
-0.00088587116
-0.0018089937
0.0043082063
-1.0248257e-05
-0.0020394271
0
-0.0009587118
0
0.00093603
-0.0027091364
0.0018980612
0.0013158884
-0.001204529
-0.0016000261
-0.0003892922
0.0010360412
0.0032698428
-5.3214737e-05
-0.0007657785
0.0025531368
0.00038628137
0.0020754273
-0.0004366909
-0.0043829653
-0.00037054884
0.0039284888
0.00095850928
0.00075289116
-0.0037911278
0
-0.0011942206
0
0.00024021136
-0.0032326844
-0.0025449877
0.00026739001
0.0020131385
0
0.0031110281
0
-0.0001694432
-0.0011286444
-0.0010572978
0.0023181285
0.0013506075
0.00060504937
-0.0012046658
-0.0017758448
0.00059448667
0.00022225789
0.0013528097
-7.7879415e-05
-0.0019930929
-0.00086983535
0.0020872514
0.0018698584
0.0017403718
-0.0019974361
-0.0014010393
-0.0031314585
0.001106755
0.0028309661
-0.0011727624
-0.0015281843
0.0013360307
0
-0.0030841507
0
0.001595982
-0.0027969489
-0.0031529445
0.0018845467
0.0025253735
0
0.0040248042
0
-0.0015821549
9.0283169e-06
0.00086528505
0.00075056434
0.00076444794
0.00030529857
-0.00037736213
-0.0011018494
0.0014015122
0.0003509992
-2.9206725e-05
-0.0006606034
-0.0015184242
-0.00078686807
0.00068628411
0.0022734307
0.001250895
-0.0028730377
-0.0012114298
-0.0013608559
0.0010810093
0.001612797
-0.0017075514
-0.0031715353
0.0022699249
0
-0.0030314686
0
0.0030135727
-0.0016840576
-0.0016978768
0.0024156656
0.0021446141
0
0.0029517814
0
-0.0036133746
