FiniteElementSpace
FiniteElementCollection: ND_2D_P1
VDim: 1
Ordering: 0

-0.00011869354
0.00017700266
0.00094575994
-0.0010973439
0.00090779015
0.00083879083
0.00011059516
-0.0012761516
-0.0010910485
-0.0015073279
0.00012131148
0.00019450301
-0.001537658
-0.0010802749
-0.00075988919
0.0014686022
-0.0015528132
0.0010463616
0.00090215359
-0.0012684466
0.00079264322
0.0017539641
-8.4021385e-05
0.0012171933
0.00050267838
0.00044347177
-0.00075185429
-0.0011126714
0.00096325505
-0.00013278933
-0.0013352682
0.00070851122
0.00079904863
-0.00098988425
-0.00038528872
-0.00043297529
0.0011084893
0.00064587086
-0.00066634079
0.00062504824
0.00027756082
0.00051877505
0.00034344103
-0.00081393741
0.00035999525
-7.8569615e-05
0.0011877492
0.0009085267
0.00024783222
-0.0017432328
-0.00032249206
-0.0010245115
0.00044996983
-0.0015057849
-0.0013237911
-0.0020193238
0
0.00083538132
0
0.0018707991
0.0024497124
-0.00095596514
-0.0008365312
0.0014839555
-0.0003735962
0
9.2627737e-05
0
-0.00064144927
-0.0014025481
0.0013271107
-0.00066479047
0.0014415039
0.00045372175
0.0012120315
-0.0021277422
-0.0013897515
0.00013234562
0.00052903095
0.0002975834
-0.0010393655
0.00078862213
-0.00071012123
0.00056288211
0.0015098139
-0.00064271564
0.00018103562
-3.3063376e-05
-0.00033196311
0.0003705304
0.00016874114
-0.00040682032
0.002147429
-0.00071954297
-0.0020843834
0.00029610204
0.00072744832
-4.4516218e-05
-0.00089240198
-0.0021575448
-0.0011960339
0.0016544724
0.00027592235
0.00072899988
-7.5166602e-05
0.00063309951
0.00022866635
-0.0002826214
0.001357839
-0.00038393379
-0.00057390182
-4.312448e-05
0.00044793528
0.0011558366
0.00030299158
0.00063191345
-0.0022565601
-0.0011338077
2.1914787e-05
0.00038620502
-0.00019319397
0.0009860809
0.00017508749
0.0018632937
-0.0012288957
-0.00025511614
0.00042338994
4.0675613e-05
-0.0013017573
0.00039652512
0.0013114912
-0.00070677188
0.00019081241
0.00082501323
-0.0010597005
-0.0010343018
-0.0011094816
-0.00015109242
9.8558723e-05
0.0012627329
-0.0010869716
-0.0021553941
-0.00095049816
0.0024230311
0.00066305783
0.00096412675
-0.00034317833
-0.00055196522
-0.0014138148
-0.0014079782
0.0006746214
0.0018609266
0.00026671237
0.0017758305
0.0013647484
-0.0013042612
0.0018180443
-0.0008706723
0
-0.00020012762
0
-0.0004912336
-0.0005492098
-0.00072023353
-0.00040107757
0.00067537494
-0.00074180908
0
-0.0002352584
0
0.00085396084
8.4029532e-05
0.00011589541
0.00026178159
-0.00036628533
0.001467319
-0.001083373
-0.0010564585
-0.00038185747
0.0014626969
