FiniteElementSpace
FiniteElementCollection: ND_2D_P1
VDim: 1
Ordering: 0

-1.2137255e-05
-0.0014596308
-0.001842783
0.00017103012
0.0005637682
0.00061049907
0.00094358434
-1.2299758e-05
-0.00044125731
0.0022325198
-0.00046331295
-0.00025783636
-0.00083264351
0.0023880681
0.001046802
0.0015031593
-0.00031155854
-0.0020146286
-0.0001943914
-0.0020819661
-0.0020953377
0.0015817877
0.00077731144
-0.0017964371
-0.00016566444
-0.00042449788
0.001832931
0.0019505189
0.0018117123
0.00088911747
-0.0026995455
-0.001346399
-0.0024394371
0.0012974443
-0.00014931061
6.6444379e-05
0.0009601331
0.00058593829
0.0010245915
0.0012866135
0.002353173
0.00035656057
-0.0021431667
0.0029118355
-0.00065658234
-0.0024570032
-0.001801752
-0.0034780508
-0.00017254125
0.0021660948
-0.0024805482
0.00097210837
-0.0024967373
-0.0016804542
0.0015665898
-0.00058225263
0.0034723953
0.0019286051
-0.0031409649
-0.0012320388
0.0012493406
-0.0011269692
0.0035037398
0.0021929566
0.0024215534
0.0015817898
-0.0012212523
-0.0018733068
0.0021229964
-0.00091490662
-0.0021095979
-0.00049492841
-0.00033146811
-0.00074269071
-0.00036725037
0.002645048
0.00020328326
-0.0012345304
-0.0013505639
-0.00074623091
0.00016126541
0.0006234267
0.0017191361
0.00017581038
0.00054529099
0.0001814923
0.00034798333
0.00067263722
0.00013184791
0.0011322255
-0.00055267945
-0.0010562306
0
-0.0014271824
0
4.9911314e-05
0.001419556
-0.00097786609
-0.0032099147
-0.0011493312
-6.1473699e-05
0
0.0011593982
0
0.00043887969
0.0038495155
-0.00071992066
-0.0008855551
0.001889049
0.0024141841
-0.00034018331
-0.00098493637
-0.00074458658
-0.0039248341
0.0011171778
0.00065140772
0.004520085
-0.00082177503
-0.0014064619
0.0010502531
-0.0003763521
-0.00032984996
-0.00093310805
-0.0036822423
-0.00030244567
0.0015505353
-0.0041135794
4.4516801e-05
0
-2.8729709e-05
0
0.0011964439
0.0037980774
0.00015042858
-0.0022130894
6.5026528e-06
7.5498575e-05
0
0.0016677167
0
-4.9887754e-05
5.655584e-05
0.00058341247
-0.00052618263
0.0023926675
0.0003725869
-0.00082832493
-0.0011043097
-0.00054154373
-0.00097262025
-0.0005809657
0.00036323612
-1.4696631e-05
0.0027893897
0.0020084256
1.3855503e-05
0.0011913743
-0.00066758425
-0.0018638599
-0.00098696007
-0.0045893617
0.00044849642
-0.00092553714
-0.0043971893
-0.0016390131
0.00029236992
0.0023240948
0.001122055
0.0043892343
5.0079149e-05
-0.0027525827
0.0020391063
0.0017707677
-0.00043192009
0.00080212971
0.00077987602
0.00072541506
-0.0011148409
0.003832579
-0.001853888
-0.0015792719
-0.0012762605
-0.00079613259
-0.00076740674
