FiniteElementSpace
FiniteElementCollection: ND_2D_P1
VDim: 1
Ordering: 0

0.0014626969
8.5131553e-05
-0.0014052566
0.00035504097
-0.0010564585
0.00020156627
0.00091686598
2.2223595e-05
0.00031168808
0.00087874959
-0.0010660427
0.00024274049
0.00011589541
0.00071754624
-0.00040160501
0.00085396084
0
0.00017678755
0
-0.00057600728
-0.00086221525
0.00037961315
0.00046004545
2.3944847e-05
-0.00013851997
0
-3.3049608e-06
0
0
4.2482098e-05
0
9.112734e-05
-0.00088581834
0.00073896125
-0.00017710456
-0.00020216341
0
-2.1435983e-05
0
-0.00050746759
-0.00034317833
-0.00023205914
0.0022095722
0.0017071292
0.00066305783
-0.0014921413
-0.0013509771
0.00023974482
-0.00031691528
-0.000331655
0.00076678759
-0.0012153369
9.8558723e-05
-0.00052757273
-0.00016861515
-0.0011094816
0.0012610277
0.0013421143
-0.00014437637
-0.00076468634
0.00093217734
0.00055324804
0.00075764041
-0.0010634592
0
-0.00060523914
0
0.00023477121
9.0970571e-05
-0.0014961763
-0.00016378082
0.0005280536
0
0.00089982628
0
0.00055930855
-0.00066634079
-0.00054843542
0.00048706316
0.00019280601
0.0011084893
-0.00074565219
0.00061077879
-0.00021972874
-0.0011633337
-0.00050520515
0.00095705147
-0.0007602745
-0.0013352682
-0.00018024672
-0.0011936043
0.00096325505
0.00030299158
0.000471396
0.0009860809
-0.00024514382
0.00039483721
0.00083210661
0.00012182512
0.0010063478
0.000788023
-0.00095049816
0.00030772854
-0.00055196522
-0.00036136876
-0.0010249949
8.3029294e-05
-0.00026954345
0.00058416139
5.0712642e-05
-5.4603948e-05
-0.000885589
0.00097672645
0.00036560739
-0.0012479072
0.0007191905
-0.0010893963
-0.00096815786
0.00018127707
-0.00090769246
0.0012024016
0.0016321003
-2.3654034e-05
0.00091590034
0.00089880209
-0.0013324582
0.0011231249
1.5423646e-05
-0.0016253518
-0.00013542804
-0.00013540554
-0.00047986735
-0.00068162005
-0.0013030133
-0.0010107645
0.0019024664
0
5.5287111e-05
0
-0.00034526601
8.3149036e-05
0.0016336024
0.0012467927
-0.00033416688
0
-0.00099560497
0
-0.00059002026
0.00047002749
0.000481356
0.0011509821
0.0013099332
-0.0008276278
-6.3618431e-05
-0.0023897488
-0.00016604253
0.00080699352
0.00072943734
-0.00040800058
0.00048822937
0.00080457743
0.00040778753
0.0019990545
0.00023176951
-0.0004793099
-0.00064269122
-0.001681802
-0.00046615617
0.00055446017
-0.0016750736
-0.00072989296
-0.00080516874
0
0.0012801609
0
0.0018161672
-0.00078088016
-0.0013762171
-0.00075854797
0.0030001792
0
-0.000255056
0
-0.0019223503
