FiniteElementSpace
FiniteElementCollection: ND_2D_P1
VDim: 1
Ordering: 0

-0.0012918509
-1.3924822e-05
0.00019679769
3.776098e-05
0.0016000753
-0.00061151309
0.00020031454
0.00066747149
-0.00094325671
-0.0010503036
0.0018813109
-0.00048570467
-0.00087956123
-0.00066549345
-0.00011221365
-0.00047587626
0.00040218357
-0.00051968029
-0.00086082438
6.048759e-05
0.0014341277
-0.00012765107
-0.0017103785
-0.00094696561
-0.00037661914
0.00079467788
0.0006406484
-4.7713894e-05
0.00062502814
0.0017456956
-0.0003852972
0.00024403201
0.0019527984
0.00041885046
0.00048954178
0.00014295577
0.00019454132
-0.0019005282
-0.0010973534
-0.00029099491
3.7741515e-05
0.00019677539
-1.3949607e-05
-0.00048567257
0.0018813312
-0.0010502897
-0.00094326566
0.00066744301
0.00020031555
-0.00061147519
0.00048959268
0.00041887185
0.0019527837
-0.000290989
-0.0010973439
-0.0019005295
0.00019450301
0.00024402006
0.00014296251
-0.0003766095
-0.00094696037
-0.001710381
-0.00012763716
-0.00038528872
0.0017456795
0.00062504824
-4.7694364e-05
0.0006406628
0.00079468716
6.0444521e-05
-0.00011216542
-0.00066544041
0.001434109
-0.00086083653
-0.00051970491
0.00040215044
0.00047563886
0.00073296688
0.00032466909
0.00084287332
-0.00050901417
0.00056912249
0.00095039352
-0.00031073748
-0.001813331
0.00048057986
-0.00078147936
-0.00097360724
-0.00041568532
-0.000991312
0.00047005193
-0.00061605074
-0.00082768148
0.00058231666
0.002196792
-0.00038938303
-0.0019451149
-0.00045006729
-0.00081454775
0.00080457225
0.0010372653
0.00023181108
0.00071919485
0.00094199598
-5.4569437e-05
-0.00010291035
0.0019276637
0.00059627568
-0.00083244826
-0.00076027133
-0.0013880977
0.00019275619
0.00048705531
-0.00054843248
-0.00066637458
0.00095708339
-0.00050521474
-0.001163313
-0.00021969664
0.00061082084
-0.00074561734
0.0011085037
5.071429e-05
0.00058418774
-0.001247896
0.00036557341
0.00097671415
-0.00026955141
-0.00088563149
0.00078801217
0.0010063551
0.00012178796
0.00083208361
8.3040226e-05
-0.0010249552
-0.00036135901
-0.00055194752
0.00030773101
-0.00095048534
-0.00024512602
-0.0011936454
-0.00018028394
-0.0013352254
0.00039487826
0.00098608454
0.00047139023
0.00030299305
0.00096321703
0.00032469581
0.00073292546
0.00048057028
-0.0018133124
-0.00031073978
0.00095038091
0.00056915503
-0.0005089957
0.00059631057
0.0019276886
0.00019280601
-0.0013881418
-0.0007602745
-0.00010290672
-0.00083247591
-0.00081454898
-0.00045004175
-0.0019451289
-0.00038938482
-5.4603948e-05
0.0009420489
0.0007191905
0.00023176951
0.0010372411
0.00080457743
0.00058230274
-0.00041570453
-0.00097361125
0.0021968113
-0.0008276278
-0.00061604029
0.00047002749
