FiniteElementSpace
FiniteElementCollection: ND_2D_P1
VDim: 1
Ordering: 0

-0.0010640974
0.00023568868
0.0017198401
0.001320361
0.0024899146
-0.0022207356
0.00038851958
0.0014968912
-0.0016940829
-0.0020667674
0.0018175463
-0.0028662414
-0.0024851665
-0.0010338477
-0.0010496739
0.00016941146
0.00089884165
0.00030115526
-0.00066385095
-6.3186845e-05
0.0010920835
0.0013129941
0.00070248587
0.0011052879
-0.0015719871
0.0025115145
-0.00081630851
-0.0036416246
-0.0011372157
-0.0020478249
-0.00045073281
0.002736291
0.0013934619
-0.00087761822
0.0023623101
-0.00023655693
0.0017390361
0.00099538823
-0.0017357699
-0.0016546965
-0.0020436756
-0.00018965093
-0.00071299132
0.00039040106
0.0011781462
-0.0015481446
0.0026968936
0.00074542162
-0.00027198856
0.0029507121
0.0016605561
-0.0025390285
0.00069762423
0.00073510148
0.0029553262
0.0021581908
0.0013164376
-0.0035844605
-0.0034938116
0.0018883369
0.0021536146
-0.0030013371
-0.00083030943
-0.0011694155
-0.0022661438
0.0022215048
0.0040227446
-0.00081003468
0.0031117646
0.0015837546
-0.001997837
-0.0012347782
-0.0026749747
-0.0041433655
-0.00020089883
-0.00067434359
0.0026333364
0.00049823484
0.0024105704
-0.0030510766
0.0008934848
-0.0025551222
-0.0026109922
0.0020642375
-0.00047195844
-0.0014950893
0.0008039606
0.00031743662
0.00019174068
0.0025060205
0
0.00078653909
0
-0.0026623468
-0.00085757416
-0.00073880349
-0.0026237721
-0.00064488015
0.0007789619
0
-0.0016623887
0
0.0032514096
0.0048189923
-0.00024846914
0.0020104055
0.0016757856
-0.001820615
0.002682509
-0.0011147953
-0.0029996516
0.00090882046
0.0020403547
0.0014022337
0.0031720919
-0.0014978663
-0.0034687758
-0.001464695
-0.0015207356
0.0010037973
-0.00052597104
6.5083565e-05
-0.0014931104
0.00066297137
0
0.0037035901
0
-0.0017728664
-0.0037041044
0.0017737092
0.0042091923
0.00066861572
0.002228631
0
-0.0042156746
0
-7.4925458e-05
-3.5939201e-05
-0.0018248265
0.0004464776
-0.0029961936
-0.0017659213
-0.0033751605
0.0023734936
0.0035247323
0.0019773973
-0.0011512152
0.0015415721
0.00039555538
-0.0027808316
0.00079743368
-0.0015394025
0.00062147138
0.0014020397
0.0015820927
0.0023730196
0.00019657404
0.0010401743
-5.7188329e-05
-0.0010823122
0.0013416944
0.0034315987
-0.00041858603
-0.0039086489
0.00023234165
0.00070779379
0.0014700617
-0.0001256751
-0.0033589138
-0.0010213471
0.0044948123
-0.0024257029
-0.00026319658
0.0031034226
-0.00095039209
-0.0011692818
-0.0015533039
-0.00164524
-0.00084427105
-0.00054322088
