FiniteElementSpace
FiniteElementCollection: ND_2D_P1
VDim: 1
Ordering: 0

-0.0022705262
0.0033005898
-0.0030989315
-0.00075532432
0.0037647655
-2.4995375e-05
0.00098056013
0.003658424
-0.0032279577
-0.0014145592
0.0010754313
-0.0032288605
-0.0011293768
-0.003534615
0.002315993
-0.00059258961
0.0006888622
-0.0019901358
-0.0037877725
0.0006740832
0.001646521
0.0020795537
0.0017704633
-0.002525845
-0.0030402741
0.0030456345
0.003026662
-6.3615149e-05
-0.00067441882
-0.0028017994
-0.0019977734
0.00035076855
-0.0013576857
0.0025467424
0.002460953
-0.00071960696
0.0029506883
0.0013495015
-0.00071297799
-0.00049666514
-0.00018964316
-0.0020437315
0.0013203523
-0.00027198632
0.00074546845
0.002696943
-0.0015481068
0.0011781641
0.00039038643
-0.0028662693
0.0015837714
0.0031117562
-0.00020089345
-0.0041433885
-0.0026749945
-0.00081000692
-0.0012347735
0.0021535835
0.0018883202
-0.0034938199
-0.0035844981
0.0040227583
0.002221488
-0.0022661597
-0.0011694299
-0.00083030162
-0.0030013144
0.0021582169
-0.0025390204
0.0016606233
0.0023623749
0.0013164158
0.0029553013
0.00073505724
0.00069766078
-0.0016547637
0.0031721016
0.0014022002
0.0020403216
0.00090885815
6.5121044e-05
-0.00052601825
0.0010038329
-0.0015206738
-0.0014646882
-0.00346874
-0.0014978707
-0.0011148451
-0.0033751885
-0.0017658913
-0.0029961938
0.0015415608
-0.0011511774
0.0019773895
0.0035246685
0.00044648127
0.0023734716
0.0022286248
0.00066865141
0.0042091842
0.0017736641
-0.0018248041
-3.5913955e-05
-7.4935502e-05
0
-0.0042157222
0
-0.0017728475
0.00066293437
-0.0014930892
-0.0002484224
-0.0037041142
0
0.0037036284
0
0.0032513701
0.0024106062
0.00049819587
0.0026333751
-0.001495132
-0.0004719268
0.0020642861
-0.0026109663
-0.0025551201
0.00089346353
-0.0030511148
-0.0018206272
0.0016757627
-0.0029996441
0.0020104008
0.0026825205
0.00077894006
-0.00064487301
-0.0026237633
-0.00073886853
0.0048189756
0
-0.0016624085
0
-0.0026622861
0.00019174195
0.00031748358
0.00080401207
-0.00085759634
0
0.00078655174
0
0.0025059374
