FiniteElementSpace
FiniteElementCollection: ND_2D_P1
VDim: 1
Ordering: 0

-0.00081448028
-0.0011673885
0.00046445599
-0.001888977
-0.00067221735
0.0022842742
-0.0014161565
-0.0039167795
-0.00046284333
0.0010073238
0.00040875357
0.0036141533
-0.00014549124
0.00066198015
0.00037904929
0.0016628062
-0.0027063228
0.0007913378
0.0031188566
-0.00081487298
-0.00079164666
0.0004872988
-0.0010321572
-0.00016683692
0.0036464464
-0.0023505537
-0.0010499714
0.00059393619
4.3273227e-05
0.0033127113
-0.00025324568
-0.001237531
0.00035570589
-0.0009145938
-0.0042951201
0.0013182859
0.001269208
-0.0022553768
-0.00060538237
0.0029234962
0.0033030433
0.00016600711
0.0006888622
-0.0015387013
-0.00038469621
0.0029748163
-0.0013821516
-0.0015685104
-0.00070014136
-0.0037877725
-0.0032340197
0.00075232538
0.0015075454
0.00082378969
-0.0028806875
0.00057778116
3.9141591e-05
0.0013996627
0.0037271187
0.00040730495
-0.0024219366
0.0022883374
2.4079318e-05
-8.5096788e-05
-0.00054321732
-0.0048590923
-0.00095038842
0.00060411736
-0.0023943521
-0.00079483731
0.0030456345
-0.00075558176
0.0010401775
0.0045330281
0.0007974516
-6.3615149e-05
0.0010471744
0.0013428215
0.00030657174
-0.0013547863
-0.0013851753
0.001491022
-0.00063016935
-0.00097630821
0.0010453489
-0.0014889137
-0.00075722863
0.0020225624
0.00073782728
-0.0011183692
0.00029341435
0.00025697796
0
-0.0006772667
0
7.3638019e-05
0.001843431
-0.0010572218
-0.0030833086
-0.00079532063
-1.7330126e-05
0
0.00078927471
0
0.0010456565
0.0024406961
0.0010089412
0.00070089178
0.0023031489
0.00013625883
-0.0013924986
0.00050672134
-0.0012633182
-0.0028801587
0.00056669069
-0.0007808227
0.00088391631
-0.001203904
0.002234165
-0.00087561687
-0.0015739985
0.00055466184
-0.00038430517
0.0036473519
-0.002271616
-0.0014708076
0.00092634756
0.0020404991
0
0.0011734959
0
0.0001112072
-0.0053721341
0.0016767701
0.0076668855
0.00063061788
0.00016436498
0
-0.0021804483
0
-0.0030451985
-0.0055370049
-0.00084438231
-0.00041089292
-0.0071383942
-0.00083487049
-0.00021421056
0.0011708749
0.00261905
0.0064223278
0.00066570794
0.00069475562
-0.00054076219
0.001998227
-0.0015973178
-0.00042194234
-0.0021649523
4.8791952e-05
0.0029978755
-0.00032493271
0.00139166
-0.00089931447
0.0017311709
-0.0013024177
0.00041791515
-0.0012511404
0.0013138065
0.0024068315
-0.0018472458
-0.00028951175
0.0054092773
0.001222384
-0.00099163339
-0.00049863899
-0.0032496003
-0.0065516065
0.001470414
-0.0011128115
-0.0042026166
0.00048138371
-0.0011310319
0.00051860447
0.00518319
0.0002058103
