FiniteElementSpace
FiniteElementCollection: ND_2D_P1
VDim: 1
Ordering: 0

0.00012175184
0.00010853828
0.00038141632
-0.00074208564
-0.00072565693
0.0005077469
-0.0002286843
-0.000755635
0.00057000037
-0.00054025206
5.9861149e-05
0.0012160199
3.1400725e-05
3.9635246e-06
-0.00021947886
0.00069388984
0
-0.00011843318
0
-0.00087018116
0.00050146653
-0.00027480587
-0.0017227662
-0.00025890874
5.6973629e-05
0
7.9865527e-05
0
0.0014218039
0.0018341344
-2.8568518e-05
0.0006424459
0.0013642233
-0.00031313202
-0.00047320094
0.00046475047
-0.00063248946
-0.0015073622
4.7326886e-05
-0.00054968395
0.00063854028
0.00031675906
0.00064016699
-0.00025312154
-0.0012376347
-0.00058780083
-0.00028613145
0.00063227732
-0.0002974042
0.00029492298
-0.00013848183
0.00054385749
0
0.00088788579
0
-0.00090596203
-0.0016375386
0.00074184976
0.0015277887
-1.5853932e-05
0.00043526698
0
-0.0013791402
0
-0.00022253591
8.8102946e-05
-0.00083046986
0.00072673492
-0.001268564
-0.00076017207
-0.00097712385
0.0012012232
0.0013521735
0.00065609888
-0.00012387649
0.00014845923
0.00049669558
0.00070094755
0.0015381841
-0.0014442353
-0.00010883391
0.00081268356
-0.0013943609
-0.00067447093
0.00058987631
-0.0019355293
-0.0010505396
-0.00046782713
0
0.00067604967
0
0.0005093853
0.00030488286
0.00037793325
0.0009292434
0.00040554572
0.00050469084
0
-6.9032502e-05
0
-0.00033879522
-0.0011891673
8.893277e-05
-0.0012300376
-0.0005123501
-0.00021914866
0.00035117387
-0.00089749343
0.00057817906
0.0017433766
-0.00083507836
0.0013110069
-0.0017766785
-0.00060329658
-0.0013619339
0.00099914425
0.00088742008
-0.00042869726
0.00010024182
0.00077069321
0.00035361347
0.00057129409
0.00048581632
9.2967124e-05
0
-0.00013127885
0
0.00015610304
0.00022908743
1.6427638e-05
-0.00035350571
-0.00015301814
0.00017658724
0
0.0001602096
0
0
0.00012011506
0
-0.00016867068
0.00036389956
0.00075094128
-0.00032036357
-0.00018042768
0
-0.00098830375
0
0.00043238719
-0.00034871263
-0.00099195239
-1.3308097e-05
-0.00050033051
-0.00077664124
0.0013195759
-0.0013617426
-0.001424662
0.00070575881
0.0017910635
-0.00024277002
0.0018487903
0.00070129176
0.0016254446
0.0017204326
0.00022089661
-0.00077086788
-0.00056444838
-0.0018815513
-7.2851066e-05
0.00053614497
-0.0011924206
0.00056772934
-0.00028185862
0
0.0010391287
0
0.00026893883
-0.0012857555
-0.0010832325
-0.0012414018
0.0021424548
0
5.0029274e-05
0
-0.00034571269
0.0013495641
-0.00070926138
0.0012558985
0.0008367222
-0.00083773992
-0.0002617443
-0.00019821087
-0.0013892551
0.00020557405
0.00012167111
-0.00080843455
0.00025560983
-0.00072203012
0.00078171837
-0.0011447899
0.0013302849
0.0012372122
-0.00071957003
-0.00096124345
0.00074404378
0.0010616768
0.0018932153
0.0012146033
-0.0011021467
0
-0.0012633687
0
-0.00024110419
-0.00064722585
-0.0013705019
-0.00062322679
-0.00041997533
0
0.0018238031
0
0.00087085371
