FiniteElementSpace
FiniteElementCollection: ND_2D_P1
VDim: 1
Ordering: 0

-0.0027063327
-0.00049011082
-0.00068814964
-0.00092987715
0.003118894
0.00057250056
2.0636876e-05
0.00065494209
-0.0020256138
0.00011303998
0.0019324134
-0.00093347836
-0.0023506105
0.00069324734
0.0023462242
0.00059398003
-0.00054073329
-0.0036433975
-0.00042195012
-0.00042608714
-3.4357321e-05
0.001998991
0.00038631745
-0.0026202303
-0.0015140634
0.0017311917
0.002742306
-0.0012511889
-0.00078078945
-0.0007007529
-0.0013925185
0.00118025
-0.00056667873
-0.00020738575
0.0013182433
0.0014455221
0.0020225962
0.00054860098
-0.0013548233
-0.0008057222
0.0022341536
-0.0012039271
0.00088395437
0.00056671721
-0.0014708114
-0.0022716361
0.0036473331
-0.00038432443
0.00055466724
-0.0015739884
-0.0008756167
-0.0012633325
-0.00021417633
-0.00083483503
-0.0071383927
0.00069470427
0.00066572404
0.006422342
0.0026190513
-0.00041087806
0.0011708644
0.0001643205
0.00063059543
0.0076668817
0.0016767896
-0.00084440162
-0.0055370104
-0.0030451923
0
-0.0021803935
0
0.00011120626
0.0020405292
0.00092633245
0.001008945
-0.0053721082
0
0.0011734417
0
0.0010456366
0.00030652409
0.0013428315
0.0010471802
-0.00075726122
-0.0014889086
0.0010453556
-0.00097630115
-0.00063014674
0.0014910523
-0.0013851849
0.00013631367
0.0023031496
-0.0028802024
0.0007008751
0.00050669307
-1.7329122e-05
-0.00079533117
-0.0030833389
-0.0010572185
0.0024407143
0
0.00078930275
0
7.363149e-05
0.00029341208
-0.0011183844
0.0007378333
0.0018434422
0
-0.00067728867
0
0.00025700615
-0.00069003524
0.00056607071
0.00073927119
-0.00098477327
-0.0011275348
-4.673107e-05
0.00076157369
0.0015219262
0.00058292906
0.00040406895
0.00095971751
0.00029826292
0.0008892217
0.00042101036
0.00036027753
0.0011541781
-0.0013754954
-0.0015435992
0.00064598562
-0.0001518951
0.00081593657
-0.00077117055
-0.0011772895
-0.00027123451
-0.0019599445
0.00037422376
0.0016326928
-8.6589034e-05
-0.0004587712
-0.00053231383
-0.00062731896
0.0012453904
-0.00030054358
-0.00058622768
-0.00031777221
-0.00019436169
-0.0011528965
-0.00032079152
-0.00034054572
0.00028262366
-0.0003526879
0.0010612602
0.0016660949
-0.00090239628
0.0017301499
-0.00055809501
0
0.00085081356
0
-0.0011600531
-0.0017754722
-0.00030087732
0.00039918789
0.00037037002
0.00029817826
0
-0.0016814524
0
0.00087086803
0.0013031435
-0.00062320529
0.00039573137
-0.00082171384
0.00074190757
0.00022962683
0.00025558536
-0.00071700917
0.00083673612
