FiniteElementSpace
FiniteElementCollection: L2_T1_2D_P1
VDim: 1
Ordering: 0

1.6371863e-55
-1.9593234e-55
-7.0512619e-56
-5.6468679e-55
1.8797745e-55
-1.4344536e-54
-1.3688532e-54
9.0191569e-55
7.3764024e-57
-6.3324743e-56
7.4691914e-58
-1.1505462e-57
1.8206073e-57
-1.2143261e-56
-1.9888005e-58
3.2702034e-57
-5.6850886e-58
-6.2978466e-57
1.0903846e-57
9.8890478e-59
1.2437325e-58
-5.6497277e-58
6.601819e-59
2.3789482e-58
2.5766862e-58
-1.0755847e-57
-1.0550053e-58
8.1866827e-58
-9.1183264e-58
-1.5568419e-57
1.1411251e-57
1.1031146e-57
4.1745973e-59
1.7012064e-59
8.9512342e-59
1.0888255e-58
1.9963807e-59
-1.2907914e-59
-2.0692024e-59
7.9314652e-59
1.0974577e-57
3.4429512e-58
2.3128279e-57
-1.8336306e-58
1.252169e-58
-5.4350045e-60
-6.5434137e-59
-1.771912e-60
4.1519414e-58
9.578429e-59
-1.8658488e-58
-5.7934719e-59
3.3678884e-58
-3.3070443e-59
3.5962427e-58
-1.301156e-58
-3.595565e-61
7.9272546e-62
-6.9164708e-62
3.5305958e-62
-4.3600662e-60
-1.6253752e-60
-2.4519406e-60
-3.0410142e-61
-1.6953244e-60
-1.1687951e-61
-5.7971626e-61
1.0396203e-61
4.0015504e-58
-2.0300794e-58
1.5452562e-58
-1.5783485e-58
-5.1780723e-60
-1.9425533e-60
-5.3216018e-60
6.7466703e-61
-5.328559e-60
9.3734163e-61
-3.7007607e-60
9.0236158e-61
