FiniteElementSpace
FiniteElementCollection: L2_T1_2D_P1
VDim: 1
Ordering: 0

0.95440276
0.90818104
0.69041302
0.55017061
0.90818104
0.8128104
0.55017061
0.393651
0.55017061
0.393651
0.13984986
0.071343505
0.69041302
0.55017061
0.23929695
0.13984986
0.77986958
0.69041302
0.35597984
0.23929695
0.8128104
0.58938271
0.393651
0.2187356
0.071343505
0.027639731
0.0038001075
0.00098256446
5.33002e-05
9.0166047e-06
1.8704867e-07
2.0498956e-08
0.35597984
0.23929695
0.059358757
0.027695192
0.059358757
0.027695192
0.002876236
0.0008938305
0.23929695
0.13984986
0.027695192
0.011050769
0.13984986
0.071343505
0.011050769
0.0038001075
0.011050769
0.0038001075
0.00023580433
5.33002e-05
0.027695192
0.011050769
0.0008938305
0.00023580433
0.0008938305
0.00023580433
7.4164557e-06
1.2742946e-06
0.00023580433
5.33002e-05
1.2742946e-06
1.8704867e-07
1.2742946e-06
1.8704867e-07
1.6894096e-09
1.6000347e-10
7.4164557e-06
1.2742946e-06
1.5214306e-08
1.6894096e-09
0.002876236
0.0008938305
3.6511876e-05
7.4164557e-06
3.6511876e-05
7.4164557e-06
1.156771e-07
1.5214306e-08
