FiniteElementSpace
FiniteElementCollection: L2_T1_2D_P1
VDim: 1
Ordering: 0

0.093654943
0.023085648
0.25998818
0.09351597
0.25998818
0.09351597
0.5119544
0.25399546
0.51271521
0.25998818
0.76022
0.5119544
0.5119544
0.25399546
0.74269695
0.43340985
0.023085648
0.0010131496
0.0037978469
8.4389382e-05
0.0010131496
1.4646825e-05
8.4389382e-05
6.0457743e-07
0.0037978469
8.4389382e-05
0.00040298784
4.5244325e-06
1.4646825e-05
6.7682629e-08
6.0457743e-07
1.3683946e-09
6.7682629e-08
9.8302134e-11
1.3683946e-09
9.6680197e-13
0.00040298784
4.5244325e-06
2.4651768e-05
1.4625045e-07
0.023085648
0.0037978469
0.09351597
0.022553617
0.0037978469
0.00040298784
0.022553617
0.0032151896
0.022553617
0.0032151896
0.0791689
0.011906009
0.09351597
0.022553617
0.25399546
0.0791689
0.00040298784
2.4651768e-05
0.0032151896
0.00021273578
2.4651768e-05
6.8841675e-07
0.00021273578
5.0792476e-06
0.00021273578
5.0792476e-06
0.000662464
1.1445683e-05
0.0032151896
0.00021273578
0.011906009
0.000662464
0.25399546
0.0791689
0.43340985
0.13408354
0.0791689
0.011906009
0.13408354
0.016312163
