FiniteElementSpace
FiniteElementCollection: L2_T1_2D_P1
VDim: 1
Ordering: 0

-4.1208642e-64
2.584937e-64
5.2055408e-64
-2.8179364e-64
-5.0470156e-63
1.7800115e-63
5.2346711e-63
-1.451612e-63
-3.2427676e-62
2.7194708e-63
2.8492361e-62
-2.108802e-64
-1.1681951e-61
-2.2277235e-62
8.7872568e-62
2.3482817e-62
-1.4472138e-65
1.2910969e-65
2.5897177e-65
-1.9496848e-65
6.4696023e-67
-4.7333337e-67
-1.6816995e-67
1.110969e-67
1.803333e-63
5.311035e-64
3.3651573e-66
-8.0701635e-65
6.1472571e-64
9.1558127e-66
-4.8414018e-65
-2.1833214e-65
1.6039976e-66
-4.0304885e-67
-3.829284e-66
1.351439e-67
7.6935679e-66
5.784385e-67
-1.2578959e-65
-2.9448254e-66
1.1799622e-64
-3.0576587e-65
-1.6907312e-65
1.438234e-66
1.2249973e-65
-6.4183338e-66
-2.4284684e-66
1.034297e-66
3.963062e-69
-6.0602648e-69
-6.375639e-68
3.5155642e-68
1.569687e-67
-9.6791467e-68
-6.6714243e-67
1.9805672e-67
-8.8922458e-69
2.4793727e-69
3.4620196e-69
-8.0717758e-70
-8.8735553e-70
4.7430866e-70
3.784718e-70
-1.9266386e-70
1.3284014e-72
-6.6146513e-73
8.8158458e-73
-4.8758331e-73
1.1337037e-71
-2.1649174e-72
9.6441889e-72
-3.1180613e-72
-4.8918477e-68
7.1464663e-70
1.6726468e-68
9.7475713e-70
4.7132904e-71
7.4822226e-72
5.9852695e-71
-4.5784538e-72
