FiniteElementSpace
FiniteElementCollection: L2_T1_2D_P1
VDim: 1
Ordering: 0

1.31441e-51
3.0318559e-53
1.0617036e-51
-6.1271419e-51
-1.9473053e-54
-3.2063041e-55
-3.63276e-54
9.586557e-54
-1.4294503e-53
2.3778902e-52
2.9141532e-52
-2.2115104e-52
-8.1156379e-54
1.2489156e-53
3.4504385e-54
2.2645553e-53
1.3264808e-55
6.0203901e-55
-2.2666029e-55
-2.4705467e-55
-8.5960637e-54
4.7657554e-53
5.4813447e-53
-1.1621509e-53
4.2009046e-52
1.3482504e-52
7.5028711e-52
-2.1028611e-51
5.3246384e-53
6.4751645e-53
1.9056628e-52
-3.0792897e-52
3.1650541e-52
-2.7745143e-52
1.8762698e-52
-1.1521108e-51
2.3404845e-51
-1.3503417e-50
-1.5423224e-50
4.1400181e-51
7.0903327e-52
-1.7979698e-51
-1.2754089e-51
-1.4154561e-51
2.9017453e-54
2.8710106e-54
-2.1403557e-55
1.5129825e-54
2.9860896e-55
7.2414045e-55
-1.6484847e-55
-1.3448093e-55
5.0756324e-54
-4.7672244e-54
7.415587e-55
6.567931e-54
-1.0664888e-54
-2.7575468e-53
7.474645e-54
1.4172708e-53
1.544315e-54
4.6223847e-55
1.7947634e-55
1.708633e-54
7.8346427e-55
1.0351873e-54
-2.6773059e-55
3.5864973e-55
1.6509252e-55
3.4020503e-55
-6.8648062e-56
-1.6317283e-56
2.8064552e-57
2.1227602e-56
-5.9882343e-57
-1.2078133e-56
-3.4071981e-57
4.5040959e-57
-1.4199514e-57
-5.7019456e-57
