FiniteElementSpace
FiniteElementCollection: L2_T1_2D_P1
VDim: 1
Ordering: 0

1.1907941e-09
1.0927445e-11
8.1323873e-13
4.8642498e-15
1.0927445e-11
2.484319e-14
4.8642498e-15
7.1498764e-18
4.8642498e-15
7.1498764e-18
5.9161083e-19
5.6128612e-22
7.1498764e-18
2.5363325e-21
5.6128612e-22
1.2801846e-25
5.6128612e-22
1.2801846e-25
1.1919262e-26
1.7464007e-30
5.9161083e-19
5.6128612e-22
1.9491762e-23
1.1919262e-26
3.4545665e-11
8.1323873e-13
9.8244239e-15
1.5221329e-16
8.1323873e-13
4.8642498e-15
1.5221329e-16
5.9161083e-19
1.5221329e-16
5.9161083e-19
7.7370479e-21
1.9491762e-23
9.8244239e-15
1.5221329e-16
7.6250377e-19
7.7370479e-21
9.5346525e-07
7.1428743e-07
2.293306e-09
1.4548876e-09
0.0001036759
5.0211123e-05
7.1428743e-07
2.6509106e-07
5.0211123e-05
9.1000341e-06
2.6509106e-07
3.3497271e-08
2.6509106e-07
3.3497271e-08
3.9901491e-10
3.4545665e-11
7.1428743e-07
2.6509106e-07
1.4548876e-09
3.9901491e-10
1.4548876e-09
3.9901491e-10
8.5333329e-13
1.6788241e-13
3.9901491e-10
3.4545665e-11
1.6788241e-13
9.8244239e-15
1.6788241e-13
9.8244239e-15
1.9481766e-17
7.6250377e-19
8.5333329e-13
1.6788241e-13
1.4134737e-16
1.9481766e-17
1.664592e-12
8.5333329e-13
3.5641111e-16
1.4134737e-16
