FiniteElementSpace
FiniteElementCollection: L2_T1_2D_P1
VDim: 1
Ordering: 0

-8.3270852e-62
-1.0416699e-61
3.6442669e-64
1.0249074e-62
1.1534515e-59
-4.2408206e-60
-8.7585824e-61
1.8563195e-61
-5.1652109e-63
2.9303697e-63
4.2686558e-64
-1.8430194e-64
7.9683251e-65
-7.5712596e-65
-6.2265183e-65
2.2497277e-65
-2.0072323e-66
2.0878775e-67
3.3867619e-67
3.8085558e-67
3.8984939e-67
4.785008e-68
-2.7599532e-68
-3.6561004e-68
-2.5563194e-65
1.6636307e-65
5.7250345e-66
-1.9797142e-66
-2.4773119e-61
1.4014953e-61
1.1807127e-61
-1.6608949e-62
4.2392535e-63
1.1058856e-63
3.6643835e-64
-1.5666874e-63
-5.898496e-64
-4.9448898e-64
-4.0905701e-65
1.454517e-64
6.2236576e-62
-2.5114855e-62
-1.0753565e-62
1.3886859e-63
6.9880288e-58
-1.5634889e-58
-1.978306e-58
1.8737539e-58
1.7143453e-59
-4.6143012e-60
6.9486957e-60
-2.3403719e-60
8.4450323e-61
-1.4611036e-60
-4.8480681e-60
1.5608538e-59
-4.3633224e-58
2.9210348e-58
-1.0256063e-57
1.0445399e-57
-2.1924272e-61
1.9076016e-61
-4.7257672e-61
2.5392398e-61
8.553251e-62
-2.7802862e-62
5.7400329e-62
-1.7325811e-62
3.1383369e-62
-1.7684527e-62
2.5915755e-62
7.2665147e-62
-2.6985302e-61
2.2127842e-61
-1.4941818e-60
1.1383914e-61
2.1130296e-60
1.7502456e-59
5.0805441e-60
1.4258972e-59
