MFEM mesh v1.0

#
# MFEM Geometry Types (see fem/geom.hpp):
#
# POINT       = 0
# SEGMENT     = 1
# TRIANGLE    = 2
# SQUARE      = 3
# TETRAHEDRON = 4
# CUBE        = 5
# PRISM       = 6
#

dimension
2

elements
20
1 3 9 3 11 28
1 3 28 11 7 12
1 3 3 10 29 11
1 3 29 13 4 14
1 3 11 29 14 7
1 3 14 4 15 30
1 3 30 15 2 16
1 3 0 17 31 13
1 3 13 31 18 4
1 3 8 19 32 21
1 3 4 18 33 15
1 3 18 8 21 33
1 3 33 21 5 22
1 3 15 33 22 2
1 3 2 22 34 25
1 3 22 5 23 34
1 3 25 34 24 6
1 3 5 20 35 23
1 3 20 1 26 35
1 3 36 25 6 27

boundary
32
1 1 1 26
3 1 9 3
3 1 3 10
3 1 28 9
3 1 7 12
3 1 12 28
3 1 10 29
3 1 13 0
3 1 29 13
3 1 14 7
3 1 30 14
3 1 2 16
3 1 16 30
3 1 0 17
3 1 17 31
3 1 18 8
3 1 31 18
3 1 8 19
3 1 19 32
3 1 32 21
3 1 20 1
3 1 5 20
3 1 21 5
3 1 25 2
3 1 23 34
3 1 34 24
3 1 24 6
3 1 35 23
3 1 26 35
3 1 36 25
3 1 6 27
3 1 27 36

vertices
37
2
0.154508 0.475529
-0.0954915 1.24495
-0.25 0.769421
0.077254 0.2377645
-0.047746 0.622475
-0.17274575 1.0071855
-0.452254 0.9163655
-0.125 0.38471075
0.029508375 0.86023925
0.038627 0.11888225
0.115881 0.35664675
-0.023873 0.31123762
-0.163627 0.26582862
0.053381 0.549002
-0.086373 0.50359288
-0.148873 0.695948
-0.288627 0.650539
0.19313525 0.594411
-0.0091188125 0.74135712
0.068135562 0.97912137
-0.13411862 1.1260678
-0.071618688 0.93371238
-0.21137288 0.88830325
-0.27387281 1.0806579
-0.41362694 1.0352479
-0.351127 0.84289325
-0.19661863 1.3184225
-0.49088113 0.79748387
-0.0625 0.19235544
0.014754 0.43011981
-0.1875 0.57706594
0.092008219 0.66788406
-0.032991531 1.0525946
-0.11024584 0.81483019
-0.31249991 0.96177556
-0.23524572 1.1995402
-0.38975406 0.72401144
