FiniteElementSpace
FiniteElementCollection: L2_T1_2D_P1
VDim: 1
Ordering: 0

0.76024952
0.51271543
0.91656561
0.76024994
0.76024952
0.91656561
0.96403865
0.99333374
0.99333374
0.99913988
0.99959015
0.99765008
0.96403865
0.99333374
0.99805402
0.99959015
0.99765008
0.98434794
0.95870758
0.85557703
0.95870758
0.85557703
0.73999856
0.48728274
0.99805402
0.99959015
0.99886514
0.99204522
0.99959015
0.99765008
0.99204522
0.95870758
0.99204522
0.95870758
0.90633668
0.73999856
0.99886514
0.99204522
0.97655554
0.90633668
0.76024952
0.96403865
0.76015521
0.96355874
0.96403865
0.99805402
0.96355874
0.99630649
0.76015521
0.96355874
0.75489759
0.94603977
0.99805402
0.99886514
0.99630649
0.99346855
0.99886514
0.97655554
0.99346855
0.96225756
0.99346855
0.96225756
0.90818104
0.8128104
0.99630649
0.99346855
0.95440276
0.90818104
0.97655554
0.90633668
0.81518679
0.58938814
0.90633668
0.73999856
0.58938814
0.32664288
0.73999856
0.48728274
0.32664288
0.13041596
