MFEM mesh v1.0

#
# MFEM Geometry Types (see fem/geom.hpp):
#
# POINT       = 0
# SEGMENT     = 1
# TRIANGLE    = 2
# SQUARE      = 3
# TETRAHEDRON = 4
# CUBE        = 5
# PRISM       = 6
#

dimension
2

elements
20
1 3 8 10 25 13
1 3 10 3 11 25
1 3 25 11 1 12
1 3 13 25 12 4
1 3 26 13 4 14
1 3 14 4 15 27
1 3 27 15 9 16
1 3 17 27 16 7
1 3 4 12 28 15
1 3 12 1 18 28
1 3 28 18 5 19
1 3 15 28 19 9
1 3 9 19 29 22
1 3 19 5 20 29
1 3 29 20 0 21
1 3 22 29 21 6
1 3 7 16 30 24
1 3 16 9 22 30
1 3 30 22 6 23
1 3 24 30 23 2

boundary
20
1 1 1 18
1 1 18 5
1 1 5 20
1 1 20 0
1 1 0 21
1 1 21 6
1 1 6 23
1 1 23 2
1 1 3 11
1 1 11 1
14 1 10 3
14 1 8 10
14 1 13 8
14 1 26 13
14 1 14 26
14 1 27 14
14 1 17 27
14 1 7 17
14 1 24 7
14 1 2 24

vertices
31
2
-1.61803 0
-1.21352 0.293893
-1.21352 -0.293892
-1.0112685 0.440839
-1.011268 0.1469465
-1.415775 0.1469465
-1.415775 -0.146946
-1.011268 -0.146946
-0.80901525 0.29389275
-1.2135215 2.5e-07
-0.91014187 0.36736587
-1.1123942 0.367366
-1.112394 0.22041975
-0.91014162 0.22041963
-0.910142 0.07347325
-1.1123947 0.073473375
-1.1123947 -0.073472875
-0.910142 -0.073473
-1.3146475 0.22041975
-1.3146482 0.073473375
-1.5169025 0.07347325
-1.5169025 -0.073473
-1.3146482 -0.073472875
-1.3146475 -0.220419
-1.112394 -0.220419
-1.0112679 0.29389281
-0.80901531 0.14694644
-1.0112684 1.875e-07
-1.2135211 0.14694656
-1.4157754 1.875e-07
-1.2135211 -0.14694594
