FiniteElementSpace
FiniteElementCollection: L2_T1_2D_P1
VDim: 1
Ordering: 0

0.049653884
0.0090257009
0.0031212149
0.00030669238
0.16711431
0.049653884
0.019811829
0.0031212149
0.23975005
0.083435107
0.035957794
0.00666416
0.083435107
0.019811829
0.00666416
0.00081603961
0.00666416
0.00081603961
0.00018025733
1.1045121e-05
0.035957794
0.00666416
0.0019127874
0.00018025733
0.019811829
0.0031212149
0.00081603961
6.5173285e-05
0.0031212149
0.00030669238
6.5173285e-05
3.2930024e-06
6.5173285e-05
3.2930024e-06
4.37225e-07
1.1027129e-08
0.00081603961
6.5173285e-05
1.1045121e-05
4.37225e-07
1.1045121e-05
4.37225e-07
4.7723234e-08
9.2515562e-10
4.37225e-07
1.1027129e-08
9.2515562e-10
1.1450748e-11
9.2515562e-10
1.1450748e-11
6.1057578e-13
3.6743568e-15
4.7723234e-08
9.2515562e-10
6.4761182e-11
6.1057578e-13
0.0019127874
0.00018025733
3.3776636e-05
1.5813206e-06
0.00018025733
1.1045121e-05
1.5813206e-06
4.7723234e-08
1.5813206e-06
4.7723234e-08
4.3964113e-09
6.4761182e-11
3.3776636e-05
1.5813206e-06
1.914301e-07
4.3964113e-09
0.48728274
0.23975005
0.13041596
0.035957794
0.13041596
0.035957794
0.01331253
0.0019127874
