FiniteElementSpace
FiniteElementCollection: L2_T1_2D_P1
VDim: 1
Ordering: 0

0.99685243
0.99950889
0.99934894
0.99491145
0.99934894
0.99491145
0.98434794
0.93029085
0.98434794
0.93029085
0.85557703
0.65004105
0.85557703
0.65004105
0.48728274
0.23975005
0.96677736
0.84411641
0.80239802
0.51035715
0.80239802
0.51035715
0.42906983
0.16532604
0.99950889
0.99709075
0.99491145
0.97057187
0.99709075
0.96677736
0.97057187
0.88080994
0.97057187
0.88080994
0.78885988
0.54904606
0.99491145
0.97057187
0.93029085
0.78885988
0.96677736
0.80239802
0.88080994
0.64888082
0.80239802
0.42906983
0.64888082
0.29579158
0.64888082
0.29579158
0.28057894
0.08677585
0.88080994
0.64888082
0.54904606
0.28057894
0.54904606
0.28057894
0.16711431
0.049653884
0.28057894
0.08677585
0.049653884
0.0090257009
0.93029085
0.78885988
0.65004105
0.38597972
0.78885988
0.54904606
0.38597972
0.16711431
0.38597972
0.16711431
0.083435107
0.019811829
0.65004105
0.38597972
0.23975005
0.083435107
