MFEM mesh v1.0

#
# MFEM Geometry Types (see fem/geom.hpp):
#
# POINT       = 0
# SEGMENT     = 1
# TRIANGLE    = 2
# SQUARE      = 3
# TETRAHEDRON = 4
# CUBE        = 5
# PRISM       = 6
#

dimension
2

elements
20
1 3 7 2 8 24
1 3 24 8 4 9
1 3 2 10 25 8
1 3 10 0 11 25
1 3 25 11 3 12
1 3 8 25 12 4
1 3 4 12 26 15
1 3 12 3 13 26
1 3 26 13 1 14
1 3 9 4 15 27
1 3 28 16 5 17
1 3 2 17 29 10
1 3 17 5 18 29
1 3 10 29 19 0
1 3 0 20 30 11
1 3 30 21 6 22
1 3 11 30 22 3
1 3 3 22 31 13
1 3 13 31 23 1
1 3 0 19 32 20

boundary
24
9 1 24 7
9 1 7 2
9 1 9 24
9 1 26 15
9 1 1 14
9 1 14 26
9 1 27 9
9 1 15 27
9 1 28 16
9 1 16 5
9 1 17 28
9 1 2 17
9 1 5 18
9 1 18 29
9 1 29 19
9 1 20 30
9 1 30 21
9 1 21 6
9 1 6 22
9 1 22 31
9 1 31 23
9 1 23 1
9 1 19 32
9 1 32 20

vertices
33
2
0.5 0
0.654509 0.475529
0.25 0
0.5772545 0.2377645
0.32725425 0.2377645
0.32725425 -0.2377645
0.82725475 0.2377645
0.125 0
0.28862712 0.11888225
0.20225413 0.2377645
0.375 0
0.53862725 0.11888225
0.45225437 0.2377645
0.61588175 0.35664675
0.52950875 0.475529
0.36588138 0.35664675
0.20225412 -0.2377645
0.28862712 -0.11888225
0.45225437 -0.2377645
0.53862725 -0.11888225
0.625 0
0.78862738 0.11888225
0.70225463 0.2377645
0.77950925 0.475529
0.16362706 0.11888225
0.41362719 0.11888225
0.49088156 0.35664675
0.24088119 0.35664675
0.16362706 -0.11888225
0.41362719 -0.11888225
0.66362731 0.11888225
0.74088194 0.35664675
0.66362731 -0.11888225
