MFEM mesh v1.0

#
# MFEM Geometry Types (see fem/geom.hpp):
#
# POINT       = 0
# SEGMENT     = 1
# TRIANGLE    = 2
# SQUARE      = 3
# TETRAHEDRON = 4
# CUBE        = 5
# PRISM       = 6
#

dimension
2

elements
20
1 3 9 12 27 15
1 3 12 4 13 27
1 3 27 13 1 14
1 3 15 27 14 5
1 3 28 15 5 16
1 3 11 28 16 3
1 3 16 5 17 29
1 3 29 17 10 18
1 3 19 29 18 8
1 3 5 14 30 17
1 3 14 1 20 30
1 3 30 20 6 21
1 3 17 30 21 10
1 3 10 21 31 24
1 3 21 6 22 31
1 3 31 22 0 23
1 3 24 31 23 7
1 3 18 10 24 32
1 3 32 24 7 25
1 3 26 32 25 2

boundary
24
1 1 1 20
1 1 20 6
1 1 6 22
1 1 22 0
1 1 0 23
1 1 23 7
1 1 7 25
1 1 25 2
1 1 4 13
1 1 13 1
6 1 3 11
6 1 12 4
6 1 9 12
6 1 15 9
6 1 11 28
6 1 28 15
6 1 16 3
6 1 29 16
6 1 19 29
6 1 18 8
6 1 8 19
6 1 32 18
6 1 26 32
6 1 2 26

vertices
33
2
1.30902 -0.951057
0.809019 -0.951057
1.15451 -0.475529
0.654509 -0.475529
0.559018 -0.951057
0.731764 -0.713293
1.0590195 -0.951057
1.231765 -0.713293
0.9045095 -0.475529
0.48176325 -0.713293
0.9817645 -0.713293
0.52950875 -0.475529
0.52039062 -0.832175
0.6840185 -0.951057
0.7703915 -0.832175
0.60676363 -0.713293
0.6931365 -0.594411
0.85676425 -0.713293
0.943137 -0.594411
0.77950925 -0.475529
0.93401925 -0.951057
1.020392 -0.832175
1.1840198 -0.951057
1.2703925 -0.832175
1.1067647 -0.713293
1.1931375 -0.594411
1.0295097 -0.475529
0.64539106 -0.832175
0.56813619 -0.594411
0.81813675 -0.594411
0.89539175 -0.832175
1.1453923 -0.832175
1.0681373 -0.594411
