MFEM mesh v1.0

#
# MFEM Geometry Types (see fem/geom.hpp):
#
# POINT       = 0
# SEGMENT     = 1
# TRIANGLE    = 2
# SQUARE      = 3
# TETRAHEDRON = 4
# CUBE        = 5
# PRISM       = 6
#

dimension
2

elements
20
1 3 8 1 9 24
1 3 24 9 3 10
1 3 10 3 11 25
1 3 25 11 2 12
1 3 4 13 26 16
1 3 16 26 15 0
1 3 1 14 27 9
1 3 14 4 17 27
1 3 27 17 7 18
1 3 9 27 18 3
1 3 4 16 28 17
1 3 16 0 19 28
1 3 28 19 5 20
1 3 17 28 20 7
1 3 7 20 29 22
1 3 20 5 21 29
1 3 3 18 30 11
1 3 18 7 22 30
1 3 30 22 6 23
1 3 11 30 23 2

boundary
20
1 1 15 0
1 1 0 19
1 1 19 5
1 1 5 21
13 1 8 1
13 1 24 8
13 1 10 24
13 1 25 10
13 1 2 12
13 1 12 25
13 1 1 14
13 1 4 13
13 1 14 4
13 1 13 26
13 1 26 15
13 1 29 22
13 1 21 29
13 1 22 6
13 1 6 23
13 1 23 2

vertices
31
2
-0.809017 -0.587785
-0.404508 -0.293893
-0.25 -0.76942
-0.327254 -0.5316565
-0.6067625 -0.440839
-0.7317625 -0.8255475
-0.452254 -0.916365
-0.52950825 -0.678602
-0.303381 -0.22041975
-0.365881 -0.41277475
-0.226127 -0.4581835
-0.288627 -0.65053825
-0.148873 -0.69594725
-0.70788887 -0.36736575
-0.50563525 -0.367366
-0.91014275 -0.51431175
-0.70788975 -0.514312
-0.56813537 -0.5597205
-0.42838113 -0.60512925
-0.77038975 -0.70666625
-0.63063537 -0.75207475
-0.69313525 -0.94442875
-0.49088113 -0.7974835
-0.351127 -0.8428925
-0.264754 -0.33930162
-0.1875 -0.57706537
-0.80901581 -0.44083875
-0.46700819 -0.48624762
-0.66926256 -0.63319338
-0.59200819 -0.87095612
-0.38975406 -0.72401088
