FiniteElementSpace
FiniteElementCollection: L2_T1_2D_P1
VDim: 1
Ordering: 0

-1.7304136e-60
3.6105937e-61
-2.7669235e-60
-3.0835659e-62
7.3248485e-62
7.433655e-62
6.7069624e-62
1.0523391e-61
1.3702542e-61
5.3398334e-62
-3.5485655e-61
2.9317648e-61
-2.6869947e-60
5.2118673e-61
-3.2836472e-60
-2.7512604e-60
1.0776684e-59
6.3525991e-60
-5.2556188e-59
3.3121761e-59
-1.5207108e-57
7.1237802e-58
-5.9394072e-57
1.1417601e-57
-7.3332855e-59
4.2974537e-59
-6.5568635e-59
6.2367557e-59
-5.4370498e-59
5.4864831e-59
-1.615833e-59
4.2993819e-59
-7.2110764e-57
3.1702376e-58
-3.0809723e-57
-8.7302986e-57
-5.017138e-60
-2.1317407e-60
-2.5528056e-60
-8.0834008e-60
-3.7248396e-61
3.4603801e-61
-8.7780992e-61
6.0436595e-61
-6.7526541e-61
6.3833109e-61
-1.7929731e-60
5.4598591e-61
-7.126636e-60
-5.844479e-60
1.6063383e-59
-2.10799e-59
9.9507414e-60
-2.1072126e-59
6.1923608e-59
-4.5281762e-59
-1.9016683e-60
6.6366083e-61
-3.6423918e-60
3.770912e-61
-4.1385195e-60
9.2435685e-61
-3.7438536e-60
-1.4968005e-60
4.6487678e-59
-4.8521921e-59
1.651202e-58
-6.302391e-59
-2.0489223e-59
1.1980861e-59
-2.0348187e-59
1.393549e-58
3.9671708e-59
9.733153e-59
3.3014503e-60
4.0752391e-58
2.6542286e-57
-1.8302407e-56
5.8499522e-56
-4.1015267e-56
