MFEM mesh v1.0

#
# MFEM Geometry Types (see fem/geom.hpp):
#
# POINT       = 0
# SEGMENT     = 1
# TRIANGLE    = 2
# SQUARE      = 3
# TETRAHEDRON = 4
# CUBE        = 5
# PRISM       = 6
#

dimension
2

elements
20
1 3 0 9 27 11
1 3 11 27 10 2
1 3 0 11 28 13
1 3 13 28 12 4
1 3 6 14 29 16
1 3 16 29 15 3
1 3 4 12 30 18
1 3 12 6 16 30
1 3 30 16 3 17
1 3 18 30 17 1
1 3 13 4 19 31
1 3 31 19 7 20
1 3 21 31 20 5
1 3 4 18 32 19
1 3 7 22 33 23
1 3 5 20 34 24
1 3 20 7 23 34
1 3 21 5 25 35
1 3 5 24 36 25
1 3 25 36 26 8

boundary
32
16 1 0 9
16 1 9 27
16 1 27 10
16 1 10 2
16 1 2 11
16 1 11 28
16 1 13 0
16 1 12 6
16 1 28 12
16 1 6 14
16 1 14 29
16 1 29 15
16 1 15 3
16 1 3 17
16 1 17 1
16 1 1 18
16 1 31 13
16 1 21 31
16 1 19 7
16 1 18 32
16 1 32 19
16 1 7 22
16 1 22 33
16 1 33 23
16 1 34 24
16 1 23 34
16 1 35 21
16 1 25 35
16 1 8 25
16 1 24 36
16 1 36 26
16 1 26 8

vertices
37
2
0 0
-0.404508 0.293893
0.077254 0.2377645
-0.327254 0.531657
-0.202254 0.1469465
-0.202254 -0.1469465
-0.125 0.38471075
-0.404508 0
-0.125 -0.3847105
0.125 0
0.20225413 0.2377645
0.038627 0.11888225
-0.163627 0.26582862
-0.101127 0.07347325
-0.086373 0.50359288
-0.288627 0.650539
-0.226127 0.45818388
-0.365881 0.412775
-0.303381 0.22041975
-0.303381 0.07347325
-0.303381 -0.07347325
-0.101127 -0.07347325
-0.505635 0.07347325
-0.505635 -0.07347325
-0.303381 -0.22041975
-0.163627 -0.2658285
-0.226127 -0.4581835
0.16362706 0.11888225
-0.0625 0.19235544
-0.1875 0.57706594
-0.264754 0.33930181
-0.202254 0
-0.404508 0.1469465
-0.606762 0
-0.404508 -0.1469465
-0.0625 -0.19235537
-0.264754 -0.33930162
