FiniteElementSpace
FiniteElementCollection: L2_T1_2D_P1
VDim: 1
Ordering: 0

0.74269695
0.43340985
0.77479347
0.39206549
0.91520514
0.74269695
0.95755281
0.77479347
0.98014513
0.91520514
0.99537321
0.95755281
0.99685243
0.98014513
0.99950889
0.99537321
0.43340985
0.13408354
0.39206549
0.089300491
0.39206549
0.089300491
0.15963968
0.021094157
0.99950889
0.99537321
0.99709075
0.97647026
0.99537321
0.95755281
0.97647026
0.84266291
0.97647026
0.84266291
0.84411641
0.51547596
0.99709075
0.97647026
0.96677736
0.84411641
0.95755281
0.77479347
0.84266291
0.50548922
0.77479347
0.39206549
0.50548922
0.15963968
0.50548922
0.15963968
0.17362442
0.027196756
0.84266291
0.50548922
0.51547596
0.17362442
0.51547596
0.17362442
0.17392341
0.0277341
0.17362442
0.027196756
0.0277341
0.0019068634
0.0277341
0.0019068634
0.0019101393
5.4534136e-05
0.17392341
0.0277341
0.027458467
0.0019101393
0.84411641
0.51547596
0.51035715
0.17392341
0.51035715
0.17392341
0.16532604
0.027458467
