MFEM mesh v1.0

#
# MFEM Geometry Types (see fem/geom.hpp):
#
# POINT       = 0
# SEGMENT     = 1
# TRIANGLE    = 2
# SQUARE      = 3
# TETRAHEDRON = 4
# CUBE        = 5
# PRISM       = 6
#

dimension
2

elements
20
1 3 6 8 24 11
1 3 8 2 9 24
1 3 24 9 1 10
1 3 11 24 10 3
1 3 25 11 3 12
1 3 2 13 26 9
1 3 1 14 27 16
1 3 4 15 28 17
1 3 12 3 18 29
1 3 29 18 7 19
1 3 3 10 30 18
1 3 10 1 16 30
1 3 30 16 4 20
1 3 18 30 20 7
1 3 7 20 31 22
1 3 20 4 17 31
1 3 31 17 0 21
1 3 22 31 21 5
1 3 19 7 22 32
1 3 32 22 5 23

boundary
24
1 1 0 21
1 1 21 5
1 1 5 23
7 1 8 2
7 1 6 8
7 1 11 6
7 1 9 1
7 1 25 11
7 1 12 25
7 1 2 13
7 1 13 26
7 1 26 9
7 1 1 14
7 1 14 27
7 1 27 16
7 1 4 15
7 1 16 4
7 1 15 28
7 1 28 17
7 1 17 0
7 1 29 12
7 1 19 29
7 1 32 19
7 1 23 32

vertices
33
2
1.15451 -0.475529
0.654509 -0.475529
0.4045085 -0.475529
0.5772545 -0.2377645
0.9045095 -0.475529
1.077255 -0.2377645
0.32725425 -0.2377645
0.82725475 -0.2377645
0.36588137 -0.35664675
0.52950875 -0.475529
0.61588175 -0.35664675
0.45225437 -0.2377645
0.53862725 -0.11888225
0.44313587 -0.594411
0.6931365 -0.594411
0.943137 -0.594411
0.77950925 -0.475529
1.0295097 -0.475529
0.70225463 -0.2377645
0.78862738 -0.11888225
0.86588212 -0.35664675
1.1158825 -0.35664675
0.95225488 -0.2377645
1.0386275 -0.11888225
0.49088156 -0.35664675
0.41362719 -0.11888225
0.56813619 -0.594411
0.81813675 -0.594411
1.0681373 -0.594411
0.66362731 -0.11888225
0.74088194 -0.35664675
0.99088231 -0.35664675
0.91362744 -0.11888225
