MFEM mesh v1.0

#
# MFEM Geometry Types (see fem/geom.hpp):
#
# POINT       = 0
# SEGMENT     = 1
# TRIANGLE    = 2
# SQUARE      = 3
# TETRAHEDRON = 4
# CUBE        = 5
# PRISM       = 6
#

dimension
2

elements
20
1 3 0 9 25 10
1 3 0 10 26 13
1 3 26 11 6 12
1 3 13 26 12 4
1 3 6 14 27 16
1 3 16 27 15 3
1 3 4 12 28 18
1 3 12 6 16 28
1 3 28 16 3 17
1 3 18 28 17 1
1 3 0 13 29 8
1 3 13 4 19 29
1 3 8 29 20 2
1 3 4 18 30 19
1 3 18 1 21 30
1 3 30 21 5 22
1 3 19 30 22 7
1 3 1 17 31 24
1 3 17 3 23 31
1 3 3 15 32 23

boundary
24
10 1 8 0
10 1 2 8
10 1 0 9
10 1 9 25
10 1 25 10
10 1 10 26
10 1 26 11
10 1 11 6
10 1 6 14
10 1 14 27
10 1 27 15
10 1 19 29
10 1 7 19
10 1 29 20
10 1 20 2
10 1 1 21
10 1 21 5
10 1 5 22
10 1 22 7
10 1 31 24
10 1 24 1
10 1 23 31
10 1 15 32
10 1 32 23

vertices
33
2
0 0
0.154508 -0.475529
0.25 0
-0.047746 -0.6224745
0.077254 -0.2377645
0.4045085 -0.475529
-0.125 -0.3847105
0.32725425 -0.2377645
0.125 0
-0.101127 0.07347325
-0.101127 -0.07347325
-0.163627 -0.2658285
-0.023873 -0.3112375
0.038627 -0.11888225
-0.226127 -0.4581835
-0.148873 -0.69594725
-0.086373 -0.5035925
0.053381 -0.54900175
0.115881 -0.35664675
0.20225412 -0.2377645
0.28862712 -0.11888225
0.27950825 -0.475529
0.36588137 -0.35664675
-0.0091188125 -0.74135675
0.19313525 -0.594411
-0.202254 0
-0.0625 -0.19235537
-0.1875 -0.57706537
0.014754 -0.43011963
0.16362706 -0.11888225
0.24088119 -0.35664675
0.092008219 -0.66788388
-0.11024584 -0.81482963
