FiniteElementSpace
FiniteElementCollection: L2_T1_2D_P1
VDim: 1
Ordering: 0

1.2149302e-47
2.2235676e-47
2.7202368e-47
-7.882336e-47
1.2767825e-46
-1.4410426e-46
-1.5123519e-46
-3.7207104e-46
1.5922343e-46
-1.5931896e-45
-1.7177813e-45
1.1499948e-45
-4.4523391e-45
-3.107783e-45
-3.1941476e-45
2.2017509e-44
-2.7775224e-44
4.724791e-44
4.7216985e-44
6.4501329e-44
-3.4762559e-45
-3.1148583e-45
-4.6467894e-45
1.8635208e-44
5.9584907e-48
1.7072269e-47
2.4636869e-47
-4.7048923e-47
1.0982667e-46
-1.0440651e-46
-7.9423718e-47
-3.597776e-46
2.1439987e-46
-1.1182174e-45
-1.2267763e-45
3.5308154e-46
6.4359863e-47
-3.9719896e-47
-1.0107847e-48
-2.4416408e-46
1.9478716e-51
-2.7871127e-51
-1.0747747e-51
-5.8249331e-51
5.5562666e-51
-1.108927e-50
-8.8378933e-51
-1.2328507e-50
-1.6777759e-50
-9.7124399e-50
-1.2721673e-49
1.9457087e-49
-2.9520057e-49
9.2769052e-50
-1.1067799e-49
1.2366912e-48
-5.9271192e-52
-4.7426105e-50
-6.3189625e-50
5.8708843e-50
-1.006043e-49
-1.535881e-50
-1.4110926e-49
4.8123704e-49
-1.0338735e-48
2.4740162e-48
2.2495843e-48
1.8113138e-48
1.0462197e-48
9.3284195e-48
1.3315776e-47
-1.5560556e-47
-4.3751198e-49
6.9585416e-49
3.8816816e-49
1.2257892e-48
-1.6373606e-50
-1.9290264e-50
-5.3076529e-50
9.5611754e-50
