MFEM mesh v1.0

#
# MFEM Geometry Types (see fem/geom.hpp):
#
# POINT       = 0
# SEGMENT     = 1
# TRIANGLE    = 2
# SQUARE      = 3
# TETRAHEDRON = 4
# CUBE        = 5
# PRISM       = 6
#

dimension
2

elements
20
1 3 25 12 8 13
1 3 14 25 13 6
1 3 12 26 15 8
1 3 8 15 27 17
1 3 15 4 11 27
1 3 27 11 1 16
1 3 17 27 16 5
1 3 6 13 28 19
1 3 13 8 17 28
1 3 28 17 5 18
1 3 19 28 18 0
1 3 2 14 29 10
1 3 14 6 20 29
1 3 29 20 9 21
1 3 10 29 21 3
1 3 6 19 30 20
1 3 19 0 22 30
1 3 30 22 7 23
1 3 20 30 23 9
1 3 21 9 24 31

boundary
22
1 1 1 16
1 1 16 5
1 1 5 18
1 1 18 0
1 1 0 22
1 1 22 7
11 1 10 2
11 1 3 10
11 1 4 11
11 1 11 1
11 1 14 25
11 1 2 14
11 1 25 12
11 1 12 26
11 1 15 4
11 1 26 15
11 1 21 3
11 1 7 23
11 1 23 9
11 1 9 24
11 1 31 21
11 1 24 31

vertices
32
2
0.309017 -0.951057
-0.0954915 -1.24495
0.154508 -0.475529
0.4045085 -0.475529
-0.17274575 -1.007185
0.10676275 -1.0980035
0.2317625 -0.713293
0.559018 -0.951057
0.029508375 -0.860239
0.48176325 -0.713293
0.27950825 -0.475529
-0.13411862 -1.1260675
-0.0091188125 -0.74135675
0.13063544 -0.786766
0.19313525 -0.594411
-0.071618688 -0.933712
0.005635625 -1.1714768
0.068135562 -0.97912125
0.20788988 -1.0245302
0.27038975 -0.832175
0.35676287 -0.713293
0.44313587 -0.594411
0.4340175 -0.951057
0.52039062 -0.832175
0.60676363 -0.713293
0.092008219 -0.66788388
-0.11024584 -0.81482963
-0.032991531 -1.0525944
0.16926266 -0.90564813
0.31813556 -0.594411
0.39539019 -0.832175
0.56813619 -0.594411
