FiniteElementSpace
FiniteElementCollection: L2_T1_2D_P1
VDim: 1
Ordering: 0

4.8467697e-59
-1.9830826e-59
2.7877124e-59
-1.8731242e-59
1.9042272e-60
-1.1270477e-60
-1.3584523e-60
7.0546138e-61
2.1249963e-59
-6.7014214e-60
-1.2853886e-59
3.2177806e-60
-4.0635463e-62
2.0039804e-62
-2.9582312e-63
3.2296812e-63
1.1055705e-60
2.7930735e-60
-2.1648847e-60
2.9653124e-60
5.9258591e-60
1.035918e-59
3.0462356e-60
3.5584183e-60
5.0744204e-62
9.5834971e-62
-1.070195e-61
7.2060517e-63
1.5994384e-59
-1.5592456e-59
-4.1531928e-61
1.586387e-59
-1.6508551e-59
-5.2814925e-59
1.9170686e-59
3.9611108e-59
1.1744004e-63
3.0836263e-64
-1.9086827e-63
-1.3459975e-63
3.49776e-60
-2.2751329e-60
7.3919511e-61
-7.9869093e-61
1.1972433e-61
-9.8563632e-62
-1.6451551e-62
7.8343678e-63
7.5001531e-64
-8.633973e-64
-1.6717977e-63
1.4725916e-63
7.74359e-62
-6.4932039e-62
-7.2284952e-62
5.3218068e-62
1.5496536e-63
-1.4310405e-63
-8.7320734e-64
7.5253946e-64
3.0787269e-66
-2.9414934e-66
-7.5680232e-66
7.108391e-66
-2.7294382e-67
2.5582806e-67
5.4892757e-68
-5.0949834e-68
-1.8631742e-65
1.5028472e-65
-1.0657511e-65
1.0544628e-65
-2.3516435e-63
1.6632023e-63
1.3302377e-64
-3.7526813e-66
-6.3685234e-65
5.3907756e-65
1.5466787e-65
-1.1192835e-65
