FiniteElementSpace
FiniteElementCollection: L2_T1_2D_P1
VDim: 1
Ordering: 0

0.092228606
0.0066468208
0.021547838
0.0010441032
0.0066468208
0.00012851946
0.0010441032
1.3254186e-05
0.00012851946
6.2739268e-07
1.3254186e-05
4.1991975e-08
1.3254186e-05
4.1991975e-08
5.1797476e-07
1.0625866e-09
0.0010441032
1.3254186e-05
6.2426265e-05
5.1797476e-07
6.2426265e-05
5.1797476e-07
1.1984957e-06
6.4767117e-09
5.1797476e-07
1.0625866e-09
6.4767117e-09
8.5865695e-12
6.4767117e-09
8.5865695e-12
2.3858503e-11
2.0408824e-14
1.1984957e-06
6.4767117e-09
6.7985675e-09
2.3858503e-11
0.0019342676
6.2426265e-05
5.6166485e-05
1.1984957e-06
5.6166485e-05
1.1984957e-06
4.8471277e-07
6.7985675e-09
9.1000341e-06
4.8471277e-07
3.3497271e-08
1.1907941e-09
4.8471277e-07
6.7985675e-09
1.1907941e-09
1.0927445e-11
3.3497271e-08
1.1907941e-09
3.4545665e-11
8.1323873e-13
6.7985675e-09
2.3858503e-11
1.0927445e-11
2.484319e-14
2.3858503e-11
2.0408824e-14
2.484319e-14
1.3693075e-17
2.484319e-14
1.3693075e-17
7.1498764e-18
2.5363325e-21
0.092228606
0.059358757
0.0066468208
0.002876236
0.0066468208
0.002876236
0.00012851946
3.6511876e-05
0.00012851946
3.6511876e-05
6.2739268e-07
1.156771e-07
