MFEM mesh v1.0

#
# MFEM Geometry Types (see fem/geom.hpp):
#
# POINT       = 0
# SEGMENT     = 1
# TRIANGLE    = 2
# SQUARE      = 3
# TETRAHEDRON = 4
# CUBE        = 5
# PRISM       = 6
#

dimension
2

elements
20
1 3 25 10 1 11
1 3 12 25 11 4
1 3 3 13 26 16
1 3 13 4 14 26
1 3 26 14 8 15
1 3 16 26 15 7
1 3 4 11 27 14
1 3 11 1 17 27
1 3 27 17 5 18
1 3 14 27 18 8
1 3 8 18 28 21
1 3 18 5 19 28
1 3 28 19 0 20
1 3 21 28 20 6
1 3 7 15 29 23
1 3 15 8 21 29
1 3 29 21 6 22
1 3 23 29 22 2
1 3 9 3 16 30
1 3 30 16 7 24

boundary
20
1 1 1 17
1 1 17 5
1 1 5 19
1 1 19 0
1 1 0 20
1 1 20 6
1 1 6 22
1 1 22 2
1 1 10 1
12 1 9 3
12 1 12 25
12 1 25 10
12 1 4 12
12 1 13 4
12 1 3 13
12 1 23 7
12 1 2 23
12 1 30 9
12 1 7 24
12 1 24 30

vertices
31
2
-0.5 -1.53884
-0.654508 -1.06331
-0.0954915 -1.24495
-0.25 -0.76942
-0.452254 -0.916365
-0.577254 -1.301075
-0.29774575 -1.391895
-0.17274575 -1.007185
-0.37499987 -1.15413
-0.148873 -0.69594725
-0.69313525 -0.94442875
-0.553381 -0.9898375
-0.49088113 -0.7974835
-0.351127 -0.8428925
-0.41362694 -1.0352475
-0.27387281 -1.0806575
-0.21137288 -0.8883025
-0.615881 -1.1821925
-0.47612694 -1.2276025
-0.538627 -1.4199575
-0.39887288 -1.4653675
-0.33637281 -1.2730125
-0.19661863 -1.3184225
-0.13411862 -1.1260675
-0.071618688 -0.933712
-0.59200819 -0.87095612
-0.31249991 -0.961775
-0.51475397 -1.10872
-0.43749991 -1.346485
-0.23524572 -1.19954
-0.11024584 -0.81482963
