MFEM mesh v1.0

#
# MFEM Geometry Types (see fem/geom.hpp):
#
# POINT       = 0
# SEGMENT     = 1
# TRIANGLE    = 2
# SQUARE      = 3
# TETRAHEDRON = 4
# CUBE        = 5
# PRISM       = 6
#

dimension
2

elements
20
1 3 11 1 13 26
1 3 26 13 4 14
1 3 12 26 14 7
1 3 14 4 15 27
1 3 1 10 28 19
1 3 10 3 17 28
1 3 19 28 18 5
1 3 3 9 29 17
1 3 9 2 16 29
1 3 5 18 30 20
1 3 1 19 31 13
1 3 19 5 21 31
1 3 31 21 8 22
1 3 13 31 22 4
1 3 5 20 32 21
1 3 20 0 23 32
1 3 32 23 6 24
1 3 21 32 24 8
1 3 4 22 33 15
1 3 22 8 25 33

boundary
26
1 1 0 23
1 1 23 6
17 1 9 2
17 1 3 9
17 1 10 3
17 1 1 10
17 1 11 1
17 1 7 12
17 1 26 11
17 1 12 26
17 1 14 7
17 1 27 14
17 1 15 27
17 1 2 16
17 1 17 28
17 1 28 18
17 1 29 17
17 1 16 29
17 1 18 30
17 1 30 20
17 1 20 0
17 1 6 24
17 1 24 8
17 1 8 25
17 1 33 15
17 1 25 33

vertices
34
2
-0.809017 0.587785
-0.404508 0.293893
-0.25 0.769421
-0.327254 0.531657
-0.606762 0.1469465
-0.6067625 0.440839
-1.0112685 0.440839
-0.404508 0
-0.80901525 0.29389275
-0.288627 0.650539
-0.365881 0.412775
-0.303381 0.22041975
-0.303381 0.07347325
-0.505635 0.22041975
-0.505635 0.07347325
-0.707889 0.07347325
-0.351127 0.84289325
-0.42838113 0.60512963
-0.56813537 0.55972062
-0.50563525 0.367366
-0.70788975 0.514312
-0.70788887 0.36736587
-0.70788862 0.22041963
-0.91014275 0.514312
-0.91014187 0.36736587
-0.91014162 0.22041963
-0.404508 0.1469465
-0.606762 0
-0.46700819 0.48624781
-0.38975406 0.72401144
-0.66926256 0.63319344
-0.60676194 0.29389281
-0.80901581 0.44083894
-0.80901531 0.14694644
