FiniteElementSpace
FiniteElementCollection: L2_T1_2D_P1
VDim: 1
Ordering: 0

1.0874907e-57
1.4955707e-57
8.1936402e-57
1.6369806e-57
2.9433327e-57
7.5283955e-57
7.6934234e-57
1.617253e-57
1.294975e-58
-1.5310778e-58
6.554317e-59
-1.0157599e-58
8.1739518e-57
1.01405e-57
6.1374412e-57
1.1442438e-58
-3.7290755e-60
8.6767914e-61
-1.7659731e-60
4.1758881e-61
-1.5497676e-60
3.8869303e-61
-3.4041009e-61
1.1305994e-61
6.1109548e-57
2.1014939e-58
2.9073417e-57
7.9004465e-59
7.0026733e-59
-1.0313312e-58
3.2398935e-59
-4.867067e-59
2.6252306e-59
-4.2278065e-59
3.0306367e-60
-8.7377747e-60
2.5915918e-57
1.6375347e-59
6.1941724e-58
-6.3202803e-59
5.5668534e-56
4.0962487e-56
-1.2061169e-55
-4.5671907e-56
4.0682484e-56
1.7698089e-56
-5.4159044e-56
-1.865892e-56
-2.8730456e-55
-8.8218936e-56
-5.7955386e-55
-2.8504824e-55
1.8736306e-56
3.4683134e-57
-2.118759e-56
-1.4275267e-57
5.1728817e-57
-2.0109675e-58
-4.156657e-57
1.378994e-57
-6.4423962e-57
2.143569e-57
-1.7669529e-56
6.3461871e-57
-3.6172651e-56
3.3113812e-58
-9.9150487e-56
-9.3155753e-58
4.5598466e-58
-5.3911148e-59
2.1792567e-59
-6.9143537e-60
1.8831183e-60
-6.2855365e-60
-1.0881889e-61
-2.1684364e-61
-2.4746142e-61
8.5328045e-62
-1.0125378e-62
5.2515517e-63
