FiniteElementSpace
FiniteElementCollection: L2_T1_2D_P1
VDim: 1
Ordering: 0

2.1159767e-16
1.4274046e-20
6.4293109e-19
2.0918407e-23
2.9574813e-25
1.8773238e-30
2.0868831e-28
6.3705462e-34
1.4274046e-20
2.9574813e-25
2.0918407e-23
2.0868831e-28
2.0918407e-23
2.0868831e-28
1.9506537e-26
9.3664383e-32
2.0868831e-28
6.3705462e-34
9.3664383e-32
1.3743597e-37
9.3664383e-32
1.3743597e-37
2.6633263e-35
1.8822676e-41
1.9506537e-26
9.3664383e-32
1.1456358e-29
2.6633263e-35
6.0757256e-15
6.4293109e-19
2.423673e-17
1.2427564e-21
6.4293109e-19
2.0918407e-23
1.2427564e-21
1.9506537e-26
1.2427564e-21
1.9506537e-26
1.4923642e-24
1.1456358e-29
2.423673e-17
1.2427564e-21
5.847675e-20
1.4923642e-24
8.4389382e-05
6.0457743e-07
4.5244325e-06
1.6023078e-08
6.0457743e-07
1.3683946e-09
1.6023078e-08
1.7717561e-11
1.6023078e-08
1.7717561e-11
2.6357533e-10
1.446258e-13
1.7717561e-11
6.0757256e-15
1.446258e-13
2.423673e-17
1.446258e-13
2.423673e-17
6.8272477e-16
5.847675e-20
2.6357533e-10
1.446258e-13
2.3499456e-12
6.8272477e-16
4.5244325e-06
1.6023078e-08
1.4625045e-07
2.6357533e-10
1.4625045e-07
2.6357533e-10
2.3613562e-09
2.3499456e-12
2.4651768e-05
1.4625045e-07
6.8841675e-07
2.3613562e-09
