FiniteElementSpace
FiniteElementCollection: L2_T1_2D_P1
VDim: 1
Ordering: 0

0.58938814
0.32664288
0.19307316
0.061567652
0.81518679
0.58938814
0.42234505
0.19307316
0.32664288
0.13041596
0.061567652
0.01331253
0.061567652
0.01331253
0.0042156439
0.00046728814
0.01331253
0.0019127874
0.00046728814
3.3776636e-05
0.00046728814
3.3776636e-05
5.3614023e-06
1.914301e-07
0.0042156439
0.00046728814
9.6945207e-05
5.3614023e-06
0.42234505
0.19307316
0.098408208
0.025037627
0.19307316
0.061567652
0.025037627
0.0042156439
0.025037627
0.0042156439
0.001135722
9.6945207e-05
0.098408208
0.025037627
0.0084820549
0.001135722
0.97655554
0.81518679
0.96225756
0.78673642
0.81518679
0.42234505
0.78673642
0.39136629
0.78673642
0.39136629
0.58938271
0.24828522
0.96225756
0.78673642
0.8128104
0.58938271
0.42234505
0.098408208
0.39136629
0.084979581
0.098408208
0.0084820549
0.084979581
0.0065634523
0.084979581
0.0065634523
0.043563772
0.002602968
0.39136629
0.084979581
0.24828522
0.043563772
0.58938271
0.24828522
0.2187356
0.068094265
