MFEM mesh v1.0

#
# MFEM Geometry Types (see fem/geom.hpp):
#
# POINT       = 0
# SEGMENT     = 1
# TRIANGLE    = 2
# SQUARE      = 3
# TETRAHEDRON = 4
# CUBE        = 5
# PRISM       = 6
#

dimension
2

elements
20
1 3 26 11 8 12
1 3 11 27 14 8
1 3 8 14 28 17
1 3 14 4 15 28
1 3 28 15 0 16
1 3 17 28 16 5
1 3 6 12 29 19
1 3 12 8 17 29
1 3 29 17 5 18
1 3 19 29 18 1
1 3 30 20 9 21
1 3 3 10 31 20
1 3 10 2 13 31
1 3 31 13 6 22
1 3 20 31 22 9
1 3 9 22 32 24
1 3 22 6 19 32
1 3 32 19 1 23
1 3 24 32 23 7
1 3 33 24 7 25

boundary
26
1 1 1 23
1 1 23 7
1 1 7 25
1 1 4 15
1 1 15 0
1 1 0 16
1 1 16 5
1 1 5 18
1 1 18 1
5 1 10 2
5 1 3 10
5 1 2 13
5 1 26 11
5 1 12 26
5 1 6 12
5 1 13 6
5 1 11 27
5 1 14 4
5 1 27 14
5 1 20 3
5 1 30 20
5 1 9 21
5 1 21 30
5 1 24 9
5 1 33 24
5 1 25 33

vertices
34
2
1.30902 0.951057
0.809019 0.951057
0.654509 0.475529
0.4045085 0.475529
1.231765 0.713293
1.0590195 0.951057
0.731764 0.713293
0.559018 0.951057
0.9817645 0.713293
0.48176325 0.713293
0.52950875 0.475529
0.943137 0.594411
0.85676425 0.713293
0.6931365 0.594411
1.1067647 0.713293
1.2703925 0.832175
1.1840198 0.951057
1.020392 0.832175
0.93401925 0.951057
0.7703915 0.832175
0.44313587 0.594411
0.35676287 0.713293
0.60676363 0.713293
0.6840185 0.951057
0.52039062 0.832175
0.4340175 0.951057
0.81813675 0.594411
1.0681372 0.594411
1.1453923 0.832175
0.89539175 0.832175
0.31813556 0.594411
0.56813619 0.594411
0.64539106 0.832175
0.39539019 0.832175
