FiniteElementSpace
FiniteElementCollection: L2_T1_2D_P1
VDim: 1
Ordering: 0

0.76024952
0.76015521
0.34995592
0.34978171
0.34995592
0.34978171
0.069705369
0.069583319
0.76024952
0.34995592
0.51271543
0.14442127
0.51271543
0.14442127
0.25999842
0.041291453
0.0023388171
4.4095543e-05
0.00022945423
2.1513008e-06
0.00022945423
2.1513008e-06
1.4646825e-05
6.7682629e-08
0.25999842
0.041291453
0.093654943
0.0079518048
0.041291453
0.0023388171
0.0079518048
0.00022945423
0.0079518048
0.00022945423
0.0010131496
1.4646825e-05
0.093654943
0.0079518048
0.023085648
0.0010131496
0.51271543
0.25999842
0.76024994
0.51271521
0.76024994
0.51271521
0.91656522
0.76022
0.91656561
0.76024994
0.98018373
0.91656522
0.25999842
0.093654943
0.51271521
0.25998818
0.76022
0.5119544
0.91520514
0.74269695
0.98018373
0.91656522
0.99685243
0.98014513
0.91656522
0.76022
0.98014513
0.91520514
0.91656561
0.98018373
0.99333374
0.99913988
0.98018373
0.99685243
0.99913988
0.99934894
0.99913988
0.99934894
0.99765008
0.98434794
