FiniteElementSpace
FiniteElementCollection: L2_T1_2D_P1
VDim: 1
Ordering: 0

5.8924348e-52
7.5488764e-53
-6.3057208e-52
-1.9721247e-51
1.1071189e-51
-3.4548217e-51
-3.7176784e-51
-7.5485011e-52
-2.6487615e-51
-1.5061994e-50
-7.3055048e-51
1.9994672e-50
-1.185452e-49
-4.9859081e-51
1.0862598e-49
4.1689439e-49
-1.4887657e-50
-5.3114038e-50
-2.902274e-50
1.0329583e-49
-3.1331519e-49
1.2477324e-49
3.1584131e-49
1.0479121e-48
-5.6850997e-49
2.8286953e-48
2.7547274e-48
-6.6101702e-49
9.2353439e-48
1.8032829e-47
1.0812896e-47
-5.394335e-47
-9.7187176e-49
5.5361605e-48
5.5552187e-48
-2.1680688e-48
-3.2754497e-50
-1.0481084e-49
-8.0331823e-50
2.4380022e-49
-4.9915391e-49
2.9109236e-49
4.1041776e-49
1.7176615e-48
-4.9250847e-49
2.7045076e-49
1.7426783e-49
1.8437548e-48
-1.3742908e-48
6.6827783e-48
7.0512366e-48
-1.9718033e-48
-1.4654089e-48
5.1315126e-48
5.3836754e-48
3.8860029e-49
1.3712147e-47
2.2644158e-47
1.962911e-47
-8.1533894e-47
1.0540598e-46
-1.146858e-46
-1.4420056e-46
-2.9617567e-46
9.2178332e-47
-1.6358479e-45
-1.6317045e-45
1.4201371e-45
-4.6480882e-55
1.4880916e-53
-8.610876e-53
3.4798228e-53
-6.4817911e-53
6.1761477e-53
-2.4335789e-52
-9.2248659e-54
-3.039668e-52
4.3734511e-53
-4.9824143e-52
-2.5396194e-52
