FiniteElementSpace
FiniteElementCollection: L2_T1_2D_P1
VDim: 1
Ordering: 0

7.8117801e-71
-7.505191e-72
1.8113422e-71
-3.2908121e-72
-1.7204104e-68
1.4794924e-68
-3.0398244e-69
3.2410115e-69
5.0769977e-65
-3.0452486e-65
1.7882005e-66
-1.4775581e-66
-4.1880445e-67
-6.8954846e-68
-2.2870545e-68
9.3094451e-70
-1.2451221e-68
9.0955641e-70
8.3911436e-70
1.2051272e-71
8.8240719e-67
-7.8807064e-67
-7.7448883e-68
5.6375628e-68
-2.1386605e-69
2.3583156e-69
-5.6233901e-71
1.0035256e-70
1.3281813e-71
-2.5551791e-72
6.1471702e-73
-1.8146731e-73
3.2593149e-73
-1.0099017e-73
-2.3346879e-74
6.6278222e-75
-2.5951413e-71
5.2358437e-71
2.5025498e-72
-3.9061715e-72
-5.7629707e-73
-6.9466766e-73
-5.1193563e-73
5.8577244e-73
-5.546689e-75
3.4600594e-75
3.3184603e-75
-6.7381972e-76
1.6146942e-75
-6.9381609e-76
-3.0064185e-76
5.2453042e-77
-2.2617468e-74
2.3960702e-73
5.1174951e-74
-5.4046755e-74
-5.4681127e-69
1.5530168e-68
1.2485071e-68
-7.7173996e-69
2.9301409e-70
-1.0293693e-70
-1.0715153e-70
-1.5024522e-71
-6.9892189e-71
1.3016869e-71
9.386696e-72
1.7429366e-72
3.562622e-69
-4.129068e-69
-1.1746785e-69
6.9451818e-70
1.2223677e-63
1.5761971e-63
1.0734107e-64
4.0634842e-65
6.2682569e-65
1.75788e-65
-3.3614445e-66
-2.1333884e-66
