MFEM mesh v1.0

#
# MFEM Geometry Types (see fem/geom.hpp):
#
# POINT       = 0
# SEGMENT     = 1
# TRIANGLE    = 2
# SQUARE      = 3
# TETRAHEDRON = 4
# CUBE        = 5
# PRISM       = 6
#

dimension
2

elements
20
1 3 23 8 2 9
1 3 10 23 9 3
1 3 24 10 3 11
1 3 12 24 11 1
1 3 8 25 13 2
1 3 2 13 26 14
1 3 1 11 27 18
1 3 11 3 16 27
1 3 27 16 7 17
1 3 18 27 17 6
1 3 3 9 28 16
1 3 9 2 14 28
1 3 28 14 4 19
1 3 16 28 19 7
1 3 7 19 29 21
1 3 19 4 15 29
1 3 29 15 0 20
1 3 21 29 20 5
1 3 17 7 21 30
1 3 30 21 5 22

boundary
20
1 1 0 20
1 1 20 5
1 1 5 22
15 1 10 23
15 1 23 8
15 1 12 24
15 1 24 10
15 1 1 12
15 1 8 25
15 1 25 13
15 1 13 26
15 1 26 14
15 1 14 4
15 1 4 15
15 1 15 0
15 1 18 1
15 1 17 6
15 1 6 18
15 1 30 17
15 1 22 30

vertices
31
2
-1.21352 -0.293892
-0.404508 -0.293893
-0.809016 0
-0.606762 -0.1469465
-1.011268 -0.146946
-1.0112685 -0.4408385
-0.6067625 -0.440839
-0.80901525 -0.2938925
-0.707889 0.07347325
-0.707889 -0.07347325
-0.505635 -0.07347325
-0.505635 -0.22041975
-0.303381 -0.22041975
-0.910142 0.07347325
-0.910142 -0.073473
-1.112394 -0.220419
-0.70788863 -0.2204195
-0.70788887 -0.36736575
-0.50563525 -0.367366
-0.91014162 -0.22041925
-1.1123942 -0.36736525
-0.91014187 -0.3673655
-0.91014275 -0.51431175
-0.606762 0
-0.404508 -0.1469465
-0.80901531 0.14694644
-1.0112684 1.875e-07
-0.60676194 -0.29389275
-0.80901531 -0.14694625
-1.0112679 -0.29389225
-0.80901581 -0.44083875
