FiniteElementSpace
FiniteElementCollection: L2_T1_2D_P1
VDim: 1
Ordering: 0

0.34995592
0.069705369
0.14442127
0.015651218
0.14442127
0.015651218
0.041291453
0.0023388171
0.069705369
0.0050768179
0.015651218
0.00058570952
0.00058570952
7.1796822e-06
4.4095543e-05
2.6721914e-07
0.015651218
0.00058570952
0.0023388171
4.4095543e-05
4.4095543e-05
2.6721914e-07
2.1513008e-06
6.398858e-09
2.1513008e-06
6.398858e-09
6.7682629e-08
9.8302134e-11
0.00012456199
9.8794495e-07
7.1796822e-06
2.8044871e-08
7.1796822e-06
2.8044871e-08
2.6721914e-07
5.1060414e-10
3.0416557e-13
5.6081781e-17
1.7197464e-15
1.5322176e-19
2.6721914e-07
5.1060414e-10
6.398858e-09
5.9555226e-12
5.1060414e-10
3.0416557e-13
5.9555226e-12
1.7197464e-15
5.9555226e-12
1.7197464e-15
4.4421085e-14
6.2049508e-18
6.398858e-09
5.9555226e-12
9.8302134e-11
4.4421085e-14
9.8302134e-11
4.4421085e-14
9.6680197e-13
2.1159767e-16
4.4421085e-14
6.2049508e-18
2.1159767e-16
1.4274046e-20
9.6680197e-13
2.1159767e-16
6.0757256e-15
6.4293109e-19
6.2049508e-18
2.6675112e-22
1.4274046e-20
2.9574813e-25
2.6675112e-22
3.5184682e-27
2.9574813e-25
1.8773238e-30
1.3683946e-09
9.6680197e-13
1.7717561e-11
6.0757256e-15
