FiniteElementSpace
FiniteElementCollection: L2_T1_2D_P1
VDim: 1
Ordering: 0

2.9337077e-55
-2.7382275e-54
-2.9791807e-54
1.8863001e-54
-5.447425e-54
-3.9521654e-54
-8.1091924e-54
3.0539976e-53
-6.8962885e-54
-4.7752599e-54
-2.5779531e-54
3.4848004e-53
-2.7571483e-53
5.8411421e-53
8.2911825e-53
3.1667274e-53
6.8265703e-53
5.7865729e-52
5.7773177e-52
-9.8085484e-52
-4.473034e-53
8.1728456e-53
8.5571992e-53
1.0062805e-52
1.6682965e-53
5.4003156e-52
6.3338144e-52
-7.4338368e-52
2.0053095e-51
-7.9276091e-53
1.0684369e-53
-8.6897292e-51
8.5446874e-51
-2.2156877e-50
-2.237592e-50
-1.1257417e-50
-2.9979458e-53
5.1707448e-53
3.1899191e-53
7.7701517e-53
-1.1452034e-55
-2.5052298e-56
-2.8852145e-55
-8.116242e-56
-1.9480192e-54
-5.0842831e-55
2.8598868e-54
2.3764497e-55
-6.6427708e-55
-4.5644936e-56
6.5928789e-55
-1.66186e-55
4.6941248e-54
-1.7869571e-55
1.2392684e-53
1.7767068e-54
6.4533278e-53
2.8423054e-52
1.8318998e-52
-5.3783319e-52
3.8065111e-51
-1.2995403e-50
-1.4409042e-50
-1.0923728e-52
1.5641117e-51
1.5390596e-53
-1.027258e-51
-6.0152021e-51
7.4896248e-51
-2.340655e-50
-2.5794523e-50
-3.4479425e-51
-3.5145602e-50
-1.2621913e-49
-1.3558338e-49
3.0203568e-49
2.2305985e-53
-1.0241428e-54
-8.7080967e-54
1.1201965e-53
