FiniteElementSpace
FiniteElementCollection: L2_T1_2D_P1
VDim: 1
Ordering: 0

0.0046159082
0.0027962894
0.0001036759
5.0211123e-05
0.069705369
0.069583319
0.0050768179
0.0050493893
0.0050493893
0.0046159082
0.00012273825
0.0001036759
0.0050768179
0.0050493893
0.00012456199
0.00012273825
0.0050768179
0.00012456199
0.00058570952
7.1796822e-06
0.00012456199
0.00012273825
9.8794495e-07
9.5346525e-07
0.00012273825
0.0001036759
9.5346525e-07
7.1428743e-07
9.8794495e-07
9.5346525e-07
2.4748335e-09
2.293306e-09
2.4748335e-09
2.293306e-09
1.9276338e-12
1.664592e-12
2.293306e-09
1.4548876e-09
1.664592e-12
8.5333329e-13
1.9276338e-12
1.664592e-12
4.605958e-16
3.5641111e-16
9.8794495e-07
2.4748335e-09
2.8044871e-08
3.4366262e-11
2.8044871e-08
3.4366262e-11
5.1060414e-10
3.0416557e-13
2.4748335e-09
1.9276338e-12
3.4366262e-11
1.3083503e-14
1.9276338e-12
4.605958e-16
1.3083503e-14
1.5369587e-18
1.3083503e-14
1.5369587e-18
5.6081781e-17
3.1851159e-21
3.4366262e-11
1.3083503e-14
3.0416557e-13
5.6081781e-17
5.6081781e-17
3.1851159e-21
1.5322176e-19
4.1959528e-24
1.5322176e-19
4.1959528e-24
2.6675112e-22
3.5184682e-27
1.7197464e-15
1.5322176e-19
6.2049508e-18
2.6675112e-22
