FiniteElementSpace
FiniteElementCollection: L2_T1_2D_P1
VDim: 1
Ordering: 0

0.76015521
0.75489759
0.34978171
0.34342214
0.34978171
0.34342214
0.069583319
0.06665671
0.75489759
0.67955699
0.34342214
0.28310066
0.67955699
0.39208306
0.28310066
0.12922433
0.28310066
0.12922433
0.048219328
0.016712805
0.34342214
0.28310066
0.06665671
0.048219328
0.06665671
0.048219328
0.0046159082
0.0027962894
0.048219328
0.016712805
0.0027962894
0.00071079894
0.0027962894
0.00071079894
5.0211123e-05
9.1000341e-06
0.069583319
0.06665671
0.0050493893
0.0046159082
0.96355874
0.99630649
0.94603977
0.95440276
0.75489759
0.94603977
0.67955699
0.77986958
0.94603977
0.95440276
0.77986958
0.69041302
0.67955699
0.77986958
0.39208306
0.35597984
0.39208306
0.092228606
0.12922433
0.021547838
0.021547838
0.0010441032
0.0019342676
6.2426265e-05
0.12922433
0.021547838
0.016712805
0.0019342676
0.016712805
0.0019342676
0.00071079894
5.6166485e-05
0.00071079894
5.6166485e-05
9.1000341e-06
4.8471277e-07
0.39208306
0.35597984
0.092228606
0.059358757
