FiniteElementSpace
FiniteElementCollection: L2_T1_2D_P1
VDim: 1
Ordering: 0

0.24828522
0.043563772
0.068094265
0.0085706149
0.043563772
0.002602968
0.0085706149
0.00035876447
0.0085706149
0.00035876447
0.0005015496
1.404181e-05
0.068094265
0.0085706149
0.0058954229
0.0005015496
0.2187356
0.068094265
0.027639731
0.0058954229
0.393651
0.2187356
0.071343505
0.027639731
0.027639731
0.0058954229
0.00098256446
0.00013878402
0.00098256446
0.00013878402
9.0166047e-06
8.3011313e-07
0.0038001075
0.00098256446
5.33002e-05
9.0166047e-06
0.0058954229
0.0005015496
0.00013878402
7.770686e-06
0.0005015496
1.404181e-05
7.770686e-06
1.4248081e-07
7.770686e-06
1.4248081e-07
3.0202501e-08
3.5894855e-10
0.00013878402
7.770686e-06
8.3011313e-07
3.0202501e-08
8.3011313e-07
3.0202501e-08
1.2201689e-09
2.8654385e-11
3.0202501e-08
3.5894855e-10
2.8654385e-11
2.1949794e-13
2.8654385e-11
2.1949794e-13
6.5355086e-15
3.2160664e-17
1.2201689e-09
2.8654385e-11
4.3284021e-13
6.5355086e-15
9.0166047e-06
8.3011313e-07
2.0498956e-08
1.2201689e-09
2.0498956e-08
1.2201689e-09
1.1298619e-11
4.3284021e-13
1.8704867e-07
2.0498956e-08
1.6000347e-10
1.1298619e-11
