FiniteElementSpace
FiniteElementCollection: L2_T1_2D_P1
VDim: 1
Ordering: 0

-1.0453156e-61
8.9559819e-62
-1.3622623e-62
5.1248447e-62
-4.494239e-63
4.7314846e-62
5.5969783e-63
2.9040945e-62
4.1773742e-63
2.990193e-62
2.1782946e-63
1.4079026e-62
2.6780606e-63
1.2022396e-62
1.5370355e-63
2.2298398e-63
-1.5379762e-67
-3.9451875e-68
4.390709e-68
1.5860417e-68
8.9135367e-71
5.4286205e-71
2.1525174e-70
4.0756188e-71
1.9180928e-63
-1.3201126e-64
1.3499166e-63
-5.0209516e-64
5.3238782e-66
-1.2094117e-65
-4.8088626e-66
-4.6517662e-66
-5.7979971e-66
-3.9020795e-66
-4.9477299e-66
-1.9987246e-66
1.2901836e-63
-5.377506e-64
8.3754107e-64
-4.0644453e-64
-1.5352595e-67
5.1793647e-68
-7.7837862e-68
5.1393875e-68
1.4445752e-70
1.8903131e-70
2.468061e-70
1.5116474e-71
2.5588681e-70
-1.9490326e-72
1.8566404e-70
-1.7168128e-71
-7.0135367e-68
5.1185052e-68
-4.1398223e-68
3.5265604e-68
-4.298252e-68
3.557704e-68
-2.0304698e-68
1.6872369e-68
1.856274e-70
-1.4497226e-71
8.8147175e-71
-7.0019311e-72
8.5380339e-64
-4.0390137e-64
4.0355147e-64
-1.9205271e-64
-4.826089e-66
-2.1362443e-66
-2.3023256e-66
-1.0020806e-66
-2.1016058e-66
-8.1829132e-67
-5.6132854e-67
-1.0535385e-67
3.4919073e-64
-1.714886e-64
7.0677967e-65
-4.1325209e-65
