MFEM mesh v1.0

#
# MFEM Geometry Types (see fem/geom.hpp):
#
# POINT       = 0
# SEGMENT     = 1
# TRIANGLE    = 2
# SQUARE      = 3
# TETRAHEDRON = 4
# CUBE        = 5
# PRISM       = 6
#

dimension
2

elements
20
1 3 12 29 11 3
1 3 4 10 30 14
1 3 30 12 3 13
1 3 14 30 13 1
1 3 14 1 15 31
1 3 1 13 32 18
1 3 13 3 16 32
1 3 18 32 17 5
1 3 5 17 33 21
1 3 17 8 19 33
1 3 21 33 20 0
1 3 18 5 22 34
1 3 34 22 9 23
1 3 5 21 35 22
1 3 21 0 24 35
1 3 35 24 6 25
1 3 22 35 25 9
1 3 25 6 26 36
1 3 36 26 2 27
1 3 28 36 27 7

boundary
32
1 1 20 0
1 1 0 24
1 1 24 6
1 1 6 26
1 1 26 2
4 1 4 10
4 1 12 29
4 1 29 11
4 1 11 3
4 1 10 30
4 1 14 4
4 1 30 12
4 1 31 14
4 1 1 15
4 1 15 31
4 1 18 1
4 1 3 16
4 1 16 32
4 1 17 8
4 1 32 17
4 1 8 19
4 1 19 33
4 1 33 20
4 1 34 18
4 1 9 23
4 1 23 34
4 1 25 9
4 1 36 25
4 1 28 36
4 1 2 27
4 1 27 7
4 1 7 28

vertices
37
2
0.309017 0.951057
0.154508 0.475529
-0.0954915 1.24495
0.4045085 0.475529
0.077254 0.2377645
0.2317625 0.713293
0.10676275 1.0980035
-0.17274575 1.0071855
0.48176325 0.713293
0.029508375 0.86023925
0.20225413 0.2377645
0.52950875 0.475529
0.36588138 0.35664675
0.27950825 0.475529
0.115881 0.35664675
0.053381 0.549002
0.44313587 0.594411
0.35676287 0.713293
0.19313525 0.594411
0.52039062 0.832175
0.4340175 0.951057
0.27038975 0.832175
0.13063544 0.78676612
-0.0091188125 0.74135712
0.20788988 1.0245302
0.068135562 0.97912137
0.005635625 1.1714768
-0.13411862 1.1260678
-0.071618688 0.93371238
0.49088156 0.35664675
0.24088119 0.35664675
0.014754 0.43011981
0.31813556 0.594411
0.39539019 0.832175
0.092008219 0.66788406
0.16926266 0.90564819
-0.032991531 1.0525946
