FiniteElementSpace
FiniteElementCollection: L2_T1_2D_P1
VDim: 1
Ordering: 0

0.011906009
0.000662464
0.016312163
0.00064057688
0.000662464
1.1445683e-05
0.00064057688
7.2755828e-06
0.00064057688
7.2755828e-06
0.00017915109
1.2595745e-06
0.016312163
0.00064057688
0.0072140711
0.00017915109
0.13408354
0.016312163
0.089300491
0.0072140711
0.089300491
0.0072140711
0.021094157
0.00098074148
0.021094157
0.00098074148
0.0017532419
4.1475807e-05
0.15963968
0.021094157
0.027196756
0.0017532419
0.0072140711
0.00017915109
0.00098074148
1.4184555e-05
0.00017915109
1.2595745e-06
1.4184555e-05
5.8821985e-08
1.4184555e-05
5.8821985e-08
3.2200968e-07
7.4793996e-10
0.00098074148
1.4184555e-05
4.1475807e-05
3.2200968e-07
4.1475807e-05
3.2200968e-07
5.7564699e-07
2.1869693e-09
3.2200968e-07
7.4793996e-10
2.1869693e-09
2.6639368e-12
2.1869693e-09
2.6639368e-12
4.7622361e-12
2.7969017e-15
5.7564699e-07
2.1869693e-09
2.8197033e-09
4.7622361e-12
0.027196756
0.0017532419
0.0019068634
5.3475234e-05
0.0017532419
4.1475807e-05
5.3475234e-05
5.7564699e-07
5.3475234e-05
5.7564699e-07
6.2609439e-07
2.8197033e-09
0.0019068634
5.3475234e-05
5.4534136e-05
6.2609439e-07
