MFEM mesh v1.0

#
# MFEM Geometry Types (see fem/geom.hpp):
#
# POINT       = 0
# SEGMENT     = 1
# TRIANGLE    = 2
# SQUARE      = 3
# TETRAHEDRON = 4
# CUBE        = 5
# PRISM       = 6
#

dimension
2

elements
20
1 3 9 3 10 26
1 3 3 12 27 10
1 3 12 0 13 27
1 3 27 13 4 14
1 3 10 27 14 8
1 3 8 14 28 17
1 3 14 4 15 28
1 3 28 15 1 16
1 3 17 28 16 5
1 3 11 8 17 29
1 3 29 17 5 18
1 3 2 18 30 21
1 3 18 5 19 30
1 3 21 30 20 7
1 3 5 16 31 19
1 3 16 1 22 31
1 3 31 22 6 23
1 3 9 32 24 3
1 3 3 24 33 12
1 3 12 33 25 0

boundary
26
1 1 1 22
1 1 22 6
1 1 25 0
1 1 0 13
1 1 13 4
1 1 4 15
1 1 15 1
8 1 26 9
8 1 10 26
8 1 8 10
8 1 11 8
8 1 29 11
8 1 18 29
8 1 2 18
8 1 21 2
8 1 19 30
8 1 30 20
8 1 20 7
8 1 7 21
8 1 31 19
8 1 6 23
8 1 23 31
8 1 9 32
8 1 32 24
8 1 24 33
8 1 33 25

vertices
34
2
1 0
1.15451 0.475529
0.654509 0.475529
0.75 0
1.077255 0.2377645
0.9045095 0.475529
1.231765 0.713293
0.731764 0.713293
0.82725475 0.2377645
0.625 0
0.78862738 0.11888225
0.70225463 0.2377645
0.875 0
1.0386275 0.11888225
0.95225488 0.2377645
1.1158825 0.35664675
1.0295097 0.475529
0.86588212 0.35664675
0.77950925 0.475529
0.943137 0.594411
0.85676425 0.713293
0.6931365 0.594411
1.1931375 0.594411
1.1067647 0.713293
0.78862738 -0.11888225
1.0386275 -0.11888225
0.66362731 0.11888225
0.91362744 0.11888225
0.99088231 0.35664675
0.74088194 0.35664675
0.81813675 0.594411
1.0681372 0.594411
0.66362731 -0.11888225
0.91362744 -0.11888225
