FiniteElementSpace
FiniteElementCollection: L2_T1_2D_P1
VDim: 1
Ordering: 0

-6.6349265e-67
6.131739e-67
3.8009257e-67
-3.3419533e-67
-1.2754991e-69
1.2119924e-69
2.5787772e-69
-2.4229874e-69
6.3584958e-71
-5.9632097e-71
-9.4281425e-72
8.7463824e-72
5.8397694e-69
-4.9133268e-69
3.3085018e-69
-3.2037028e-69
-4.2028999e-68
9.0073257e-68
5.4919203e-67
-4.8611795e-67
1.5587602e-68
-1.3366318e-68
-5.6189897e-69
4.5499099e-69
-3.4182611e-71
2.5311129e-71
-6.4899592e-71
5.7050077e-71
-4.4201846e-70
1.4389216e-70
-3.0853635e-69
2.3306705e-69
1.4439085e-70
-1.3282187e-70
-8.296236e-71
7.4059254e-71
3.4637518e-73
-3.2687954e-73
-4.4293612e-73
4.1611088e-73
-5.6878528e-75
5.3365923e-75
-4.6232372e-77
5.0015342e-77
-7.7881547e-73
6.8112255e-73
-4.416959e-73
4.1568305e-73
-1.0110216e-74
9.229762e-75
5.8911168e-75
-5.3233751e-75
-3.1895954e-77
3.0000034e-77
2.4516199e-77
-2.3033315e-77
7.305184e-80
-6.8669875e-80
3.7133389e-80
-3.4899847e-80
1.9666537e-77
-1.7853594e-77
1.0131755e-77
-9.2009391e-78
-4.5505911e-71
3.3497667e-71
2.091086e-71
-1.5042528e-71
-1.0738062e-72
9.1974731e-73
5.3884887e-73
-4.544571e-73
1.9079647e-75
-1.6194698e-75
1.0161357e-75
-8.654735e-76
7.5143728e-74
-5.4233481e-74
4.3107702e-74
-3.1773828e-74
