FiniteElementSpace
FiniteElementCollection: L2_T1_2D_P1
VDim: 1
Ordering: 0

-1.4359918e-60
-7.269396e-60
1.6912085e-60
3.1476876e-60
-1.4111235e-59
-1.9498875e-59
4.4759429e-60
-3.8567873e-60
-7.4728365e-60
-1.3598096e-59
4.0672881e-60
3.0139313e-60
-2.1556642e-62
-1.5117556e-61
5.0500456e-62
1.1769328e-61
-1.1959322e-61
-3.7010529e-61
1.2711042e-61
1.5804191e-61
5.0466644e-64
-7.733799e-64
6.1361054e-64
1.6969546e-63
6.1617462e-64
1.9525661e-64
-4.4461031e-65
6.7434219e-64
1.6001051e-62
1.7793241e-62
4.4770454e-63
1.7627434e-62
3.2295872e-62
-3.1229206e-62
1.034379e-62
4.9833757e-62
4.8089955e-64
5.5186407e-64
-1.0540875e-64
4.8705809e-65
1.1139244e-64
3.8748268e-64
-6.6745933e-65
-4.1023332e-65
1.1902222e-61
4.9328858e-61
2.9057648e-62
-1.4251406e-62
6.5689583e-61
2.1770813e-61
-1.4837201e-61
2.0597005e-61
8.8430374e-63
1.2858624e-62
-3.1437714e-63
-4.231909e-63
1.148038e-62
1.2003208e-62
-5.8433143e-63
5.089201e-63
9.2327035e-65
1.4526202e-64
-8.6902779e-65
-7.4326876e-65
1.289727e-65
1.0325709e-64
-1.0019436e-65
-6.8795864e-65
-1.1621002e-63
6.6891615e-63
-4.9946204e-64
-1.7951112e-63
-2.9276049e-65
6.4163284e-66
-8.191906e-66
-1.3060183e-65
8.6811931e-66
-9.4946154e-66
-7.6935841e-66
-1.4907798e-65
