FiniteElementSpace
FiniteElementCollection: L2_T1_2D_P1
VDim: 1
Ordering: 0

-1.0673343e-55
-6.5161494e-56
1.1465372e-56
-1.4387378e-56
-1.5722783e-56
-1.6556927e-56
6.4617011e-57
3.0021901e-57
-9.2865474e-56
2.0459404e-55
4.1425766e-57
-1.5666334e-55
-4.1041495e-56
7.0490874e-57
-2.0459119e-56
-5.0687656e-56
-1.4480072e-56
-1.5369504e-56
5.9310869e-57
-2.0970772e-56
-8.9618092e-57
-1.0762237e-56
1.1725132e-57
-1.7042335e-57
-6.6855777e-58
-1.2903003e-57
3.4016939e-58
4.0986295e-58
4.2523684e-55
1.9951888e-54
-3.5365757e-55
1.6705257e-55
-4.2893945e-56
2.8053271e-55
-4.3755513e-56
-1.1184453e-55
2.7047218e-56
1.544195e-55
-4.1379177e-56
-4.773957e-56
-1.4649734e-56
6.0401205e-57
8.5447463e-58
-1.5283363e-56
-4.8076449e-58
4.4749746e-56
-1.6588266e-56
-3.7505581e-56
-2.1642802e-57
-1.654948e-57
-1.579552e-58
-1.9840665e-57
-1.2715477e-57
-1.6275077e-57
5.9205046e-58
-3.4214584e-58
-3.7890471e-59
-1.1880407e-58
4.3144354e-59
3.696526e-59
-1.2641227e-58
-2.5973213e-58
4.6877387e-59
1.835818e-59
1.0231301e-61
-1.9085147e-60
1.0356673e-60
1.744722e-60
-3.1216495e-58
-2.4778989e-58
6.2376939e-59
-1.3499269e-58
-3.407854e-58
1.0993045e-58
-9.3415517e-59
-5.6594465e-58
1.9168358e-61
-4.3981037e-61
2.0664819e-61
1.0651788e-60
