FiniteElementSpace
FiniteElementCollection: L2_T1_2D_P1
VDim: 1
Ordering: 0

-1.5099493e-55
2.6125313e-56
3.4541141e-56
-6.7935101e-56
-1.7924915e-56
1.0329893e-56
-1.5299939e-56
-2.9147383e-57
-1.6614732e-56
-2.6787062e-57
-2.6217537e-56
-2.7537619e-56
2.4418895e-56
-7.997911e-56
3.5215281e-55
-2.703504e-55
8.2768468e-55
-3.1218156e-55
3.2395161e-54
-4.6353945e-55
-5.102382e-58
1.1405806e-57
-1.6370965e-57
8.2167597e-58
-7.1943443e-57
2.2450363e-57
-6.8499491e-57
-4.0343496e-58
-7.7026352e-57
-7.8925473e-57
9.2100517e-57
-2.0010627e-56
3.8477674e-54
-1.3956021e-54
3.3950135e-54
1.8832675e-54
5.4529007e-54
1.3314967e-54
2.0991813e-55
9.7231209e-54
1.7069215e-55
-3.4644551e-55
1.0287191e-54
-2.2386219e-55
-5.9437496e-56
-1.9081039e-56
3.9677479e-56
-6.458701e-56
1.8292634e-56
-6.2165745e-56
3.0562579e-55
-1.674914e-55
1.0654259e-54
-3.5551187e-55
2.9088682e-54
2.2803341e-55
3.9987541e-54
-4.2997718e-55
2.4020762e-54
2.4390369e-54
2.840361e-55
-2.137374e-55
6.6559516e-55
-1.8413211e-55
6.668644e-55
-2.5825009e-55
1.2426086e-54
1.1798898e-55
4.2685505e-54
1.7757037e-54
-5.7593374e-54
9.3435625e-54
1.1254536e-53
9.4469974e-54
-3.3103328e-53
2.0280322e-53
-2.3838504e-53
2.5233343e-53
-1.4176793e-52
3.0452806e-53
