MFEM mesh v1.0

#
# MFEM Geometry Types (see fem/geom.hpp):
#
# POINT       = 0
# SEGMENT     = 1
# TRIANGLE    = 2
# SQUARE      = 3
# TETRAHEDRON = 4
# CUBE        = 5
# PRISM       = 6
#

dimension
2

elements
20
1 3 25 9 7 10
1 3 26 11 3 12
1 3 9 26 12 7
1 3 7 12 27 15
1 3 12 3 13 27
1 3 27 13 1 14
1 3 15 27 14 4
1 3 5 10 28 17
1 3 10 7 15 28
1 3 28 15 4 16
1 3 17 28 16 2
1 3 29 18 8 19
1 3 18 30 20 8
1 3 8 20 31 22
1 3 20 5 17 31
1 3 31 17 2 21
1 3 22 31 21 6
1 3 19 8 22 32
1 3 32 22 6 23
1 3 24 32 23 0

boundary
24
1 1 2 21
1 1 21 6
1 1 6 23
1 1 23 0
1 1 11 3
1 1 3 13
1 1 13 1
1 1 1 14
1 1 14 4
1 1 4 16
1 1 16 2
2 1 25 9
2 1 10 25
2 1 5 10
2 1 9 26
2 1 26 11
2 1 29 18
2 1 19 29
2 1 18 30
2 1 20 5
2 1 30 20
2 1 32 19
2 1 24 32
2 1 0 24

vertices
33
2
-0.809017 0.587785
-0.5 1.53884
-0.654508 1.06331
-0.29774575 1.391895
-0.577254 1.301075
-0.452254 0.9163655
-0.7317625 0.8255475
-0.37499987 1.1541303
-0.52950825 0.67860225
-0.27387281 1.0806579
-0.41362694 1.0352479
-0.19661863 1.3184225
-0.33637281 1.2730126
-0.39887288 1.4653675
-0.538627 1.4199575
-0.47612694 1.2276026
-0.615881 1.1821925
-0.553381 0.98983775
-0.42838113 0.60512963
-0.56813537 0.55972062
-0.49088113 0.79748387
-0.69313525 0.94442875
-0.63063537 0.75207487
-0.77038975 0.70666625
-0.70788975 0.514312
-0.31249991 0.96177556
-0.23524572 1.1995402
-0.43749991 1.3464851
-0.51475397 1.1087202
-0.46700819 0.48624781
-0.38975406 0.72401144
-0.59200819 0.87095631
-0.66926256 0.63319344
