MFEM mesh v1.0

#
# MFEM Geometry Types (see fem/geom.hpp):
#
# POINT       = 0
# SEGMENT     = 1
# TRIANGLE    = 2
# SQUARE      = 3
# TETRAHEDRON = 4
# CUBE        = 5
# PRISM       = 6
#

dimension
2

elements
8
1 3 5 6 13 9
1 3 6 2 7 13
1 3 13 7 1 8
1 3 9 13 8 3
1 3 4 10 14 12
1 3 10 5 9 14
1 3 14 9 3 11
1 3 12 14 11 0

boundary
12
1 1 3 11
1 1 11 0
1 1 2 7
1 1 7 1
1 1 1 8
1 1 8 3
5 1 4 10
5 1 6 2
5 1 0 12
5 1 10 5
5 1 5 6
5 1 12 4

vertices
15
2
-0.809017 -0.587785
-1.61803 0
-1.21352 0.293893
-1.21352 -0.293892
-0.404508 -0.293893
-0.809016 0
-1.011268 0.1469465
-1.415775 0.1469465
-1.415775 -0.146946
-1.011268 -0.146946
-0.606762 -0.1469465
-1.0112685 -0.4408385
-0.6067625 -0.440839
-1.2135215 2.500000000071889e-07
-0.80901525 -0.2938925
