MFEM mesh v1.0

#
# MFEM Geometry Types (see fem/geom.hpp):
#
# POINT       = 0
# SEGMENT     = 1
# TRIANGLE    = 2
# SQUARE      = 3
# TETRAHEDRON = 4
# CUBE        = 5
# PRISM       = 6
#

dimension
2

elements
8
1 3 2 6 13 9
1 3 6 4 7 13
1 3 13 7 1 8
1 3 9 13 8 0
1 3 2 9 14 12
1 3 9 0 10 14
1 3 14 10 3 11
1 3 12 14 11 5

boundary
12
1 1 1 8
1 1 8 0
1 1 0 10
1 1 10 3
12 1 2 6
12 1 12 2
12 1 7 1
12 1 3 11
12 1 6 4
12 1 5 12
12 1 4 7
12 1 11 5

vertices
15
2
-0.809017 0.587785
-0.654508 1.06331
-0.404508 0.293893
-1.21352 0.293893
-0.25 0.769421
-0.809016 0
-0.327254 0.531657
-0.452254 0.9163654999999999
-0.7317625 0.8255475
-0.6067625 0.440839
-1.0112685 0.440839
-1.011268 0.1469465
-0.606762 0.1469465
-0.52950825 0.67860225
-0.8090152499999999 0.29389275
