MFEM mesh v1.0

#
# MFEM Geometry Types (see fem/geom.hpp):
#
# POINT       = 0
# SEGMENT     = 1
# TRIANGLE    = 2
# SQUARE      = 3
# TETRAHEDRON = 4
# CUBE        = 5
# PRISM       = 6
#

dimension
2

elements
108
1 3 30 40 106 43
1 3 40 10 41 106
1 3 106 41 3 42
1 3 43 106 42 11
1 3 10 44 107 41
1 3 44 31 45 107
1 3 107 45 14 46
1 3 41 107 46 3
1 3 3 46 108 49
1 3 46 14 47 108
1 3 108 47 32 48
1 3 49 108 48 16
1 3 16 48 109 52
1 3 48 32 50 109
1 3 109 50 15 51
1 3 52 109 51 5
1 3 5 51 110 55
1 3 51 15 53 110
1 3 110 53 33 54
1 3 55 110 54 18
1 3 18 54 111 58
1 3 54 33 56 111
1 3 111 56 17 57
1 3 58 111 57 1
1 3 2 59 112 62
1 3 59 12 60 112
1 3 112 60 34 61
1 3 62 112 61 21
1 3 12 63 113 60
1 3 63 4 64 113
1 3 113 64 19 65
1 3 60 113 65 34
1 3 34 65 114 68
1 3 65 19 66 114
1 3 114 66 9 67
1 3 68 114 67 20
1 3 21 61 115 70
1 3 61 34 68 115
1 3 115 68 20 69
1 3 70 115 69 7
1 3 4 71 116 64
1 3 71 11 72 116
1 3 116 72 35 73
1 3 64 116 73 19
1 3 11 42 117 72
1 3 42 3 49 117
1 3 117 49 16 74
1 3 72 117 74 35
1 3 35 74 118 76
1 3 74 16 52 118
1 3 118 52 5 75
1 3 76 118 75 22
1 3 19 73 119 66
1 3 73 35 76 119
1 3 119 76 22 77
1 3 66 119 77 9
1 3 9 77 120 80
1 3 77 22 78 120
1 3 120 78 36 79
1 3 80 120 79 24
1 3 22 75 121 78
1 3 75 5 55 121
1 3 121 55 18 81
1 3 78 121 81 36
1 3 36 81 122 83
1 3 81 18 58 122
1 3 122 58 1 82
1 3 83 122 82 23
1 3 24 79 123 85
1 3 79 36 83 123
1 3 123 83 23 84
1 3 85 123 84 6
1 3 7 69 124 88
1 3 69 20 86 124
1 3 124 86 37 87
1 3 88 124 87 26
1 3 20 67 125 86
1 3 67 9 80 125
1 3 125 80 24 89
1 3 86 125 89 37
1 3 37 89 126 91
1 3 89 24 85 126
1 3 126 85 6 90
1 3 91 126 90 25
1 3 26 87 127 93
1 3 87 37 91 127
1 3 127 91 25 92
1 3 93 127 92 0
1 3 2 62 128 96
1 3 62 21 94 128
1 3 128 94 38 95
1 3 96 128 95 13
1 3 21 70 129 94
1 3 70 7 97 129
1 3 129 97 27 98
1 3 94 129 98 38
1 3 7 88 130 97
1 3 88 26 99 130
1 3 130 99 39 100
1 3 97 130 100 27
1 3 26 93 131 99
1 3 93 0 101 131
1 3 131 101 28 102
1 3 99 131 102 39
1 3 39 102 132 105
1 3 102 28 103 132
1 3 132 103 8 104
1 3 105 132 104 29

boundary
48
1 1 1 82
1 1 82 23
1 1 23 84
1 1 84 6
1 1 6 90
1 1 90 25
1 1 25 92
1 1 92 0
1 1 17 57
1 1 57 1
1 1 0 101
1 1 101 28
1 1 28 103
1 1 103 8
13 1 40 10
13 1 11 43
13 1 4 71
13 1 63 4
13 1 2 59
13 1 96 2
13 1 10 44
13 1 45 14
13 1 14 47
13 1 50 15
13 1 15 53
13 1 56 17
13 1 95 13
13 1 27 98
13 1 100 27
13 1 8 104
13 1 29 105
13 1 30 40
13 1 43 30
13 1 71 11
13 1 12 63
13 1 59 12
13 1 13 96
13 1 44 31
13 1 31 45
13 1 47 32
13 1 32 50
13 1 53 33
13 1 33 56
13 1 38 95
13 1 98 38
13 1 39 100
13 1 104 29
13 1 105 39

vertices
133
2
0.309017 -0.951057
-0.0954915 -1.24495
0.154508 -0.475529
-0.25 -0.76942
-0.047746 -0.6224745
-0.17274575 -1.007185
0.10676275 -1.0980035
0.2317625 -0.713293
0.559018 -0.951057
0.029508375 -0.860239
-0.288627 -0.65053825
-0.148873 -0.69594725
0.053381 -0.54900175
0.27950825 -0.475529
-0.351127 -0.8428925
-0.27387281 -1.0806575
-0.21137288 -0.8883025
-0.19661863 -1.3184225
-0.13411862 -1.1260675
-0.0091188125 -0.74135675
0.13063544 -0.786766
0.19313525 -0.594411
-0.071618688 -0.933712
0.005635625 -1.1714768
0.068135562 -0.97912125
0.20788988 -1.0245302
0.27038975 -0.832175
0.35676287 -0.713293
0.4340175 -0.951057
0.52039062 -0.832175
-0.1875 -0.57706537
-0.38975406 -0.72401088
-0.31249991 -0.961775
-0.23524572 -1.19954
0.092008219 -0.66788388
-0.11024584 -0.81482963
-0.032991531 -1.0525944
0.16926266 -0.90564813
0.31813556 -0.594411
0.39539019 -0.832175
-0.2380635 -0.61380181
-0.2693135 -0.70997913
-0.1994365 -0.73268362
-0.1681865 -0.63650631
-0.33919053 -0.68727456
-0.37044053 -0.78345169
-0.3005635 -0.80615625
-0.33181345 -0.90233375
-0.26193639 -0.92503875
-0.23068644 -0.82886125
-0.29318636 -1.0212163
-0.22330928 -1.0439212
-0.19205931 -0.94774375
-0.25455927 -1.1400987
-0.18468217 -1.1628038
-0.15343219 -1.0666263
-0.21593217 -1.2589813
-0.14605506 -1.2816862
-0.11480506 -1.1855087
0.1039445 -0.51226537
0.072694609 -0.60844281
0.14257173 -0.63114744
0.17382162 -0.53497
0.0028175 -0.58573812
-0.028432406 -0.68191563
0.041444703 -0.70462031
0.010194781 -0.80079787
0.080071906 -0.8235025
0.11132183 -0.72732494
0.18119897 -0.7500295
0.21244887 -0.653852
-0.0983095 -0.65921088
-0.12955942 -0.75538844
-0.059682328 -0.77809319
-0.16080936 -0.85156606
-0.12218222 -0.9704485
-0.090932266 -0.87427081
-0.021055156 -0.8969755
-0.052305109 -0.99315319
0.017572016 -1.0158578
0.048821969 -0.91968012
-0.083555078 -1.0893309
-0.044927938 -1.2082134
-0.013677953 -1.1120356
0.056199187 -1.1347401
0.087449156 -1.0385624
0.14994905 -0.84620706
0.2198262 -0.86891156
0.25107612 -0.772734
0.11869911 -0.94238469
0.15732631 -1.0612669
0.18857627 -0.96508919
0.25845344 -0.98779363
0.28970337 -0.891616
0.25563541 -0.594411
0.29882191 -0.53497
0.21700812 -0.475529
0.29426269 -0.713293
0.33744922 -0.653852
0.33288997 -0.832175
0.37607653 -0.772734
0.37151725 -0.951057
0.41470384 -0.891616
0.49651775 -0.951057
0.53970431 -0.891616
0.45789041 -0.832175
-0.21875 -0.67324272
-0.31987702 -0.74671541
-0.28124995 -0.8655975
-0.24262284 -0.98448
-0.20399573 -1.1033625
-0.16536862 -1.222245
0.12325812 -0.57170641
0.022131102 -0.64517922
0.060758305 -0.76406141
0.16188535 -0.69058847
-0.078995914 -0.71865203
-0.18012293 -0.79212484
-0.14149579 -0.91100728
-0.040368742 -0.83753434
-0.0017415703 -0.95641666
-0.10286865 -1.0298897
-0.064241508 -1.1487722
0.036885602 -1.075299
0.20051259 -0.80947053
0.099385508 -0.88294359
0.13801271 -1.0018258
0.23913982 -0.92835259
0.23632177 -0.53497
0.27494905 -0.653852
0.31357633 -0.772734
0.35220361 -0.891616
0.47720408 -0.891616
