MFEM mesh v1.0

#
# MFEM Geometry Types (see fem/geom.hpp):
#
# POINT       = 0
# SEGMENT     = 1
# TRIANGLE    = 2
# SQUARE      = 3
# TETRAHEDRON = 4
# CUBE        = 5
# PRISM       = 6
#

dimension
2

elements
8
1 3 2 6 13 9
1 3 6 0 7 13
1 3 13 7 3 8
1 3 9 13 8 5
1 3 5 8 14 12
1 3 8 3 10 14
1 3 14 10 1 11
1 3 12 14 11 4

boundary
12
1 1 3 10
1 1 10 1
1 1 1 11
1 1 11 4
1 1 0 7
1 1 7 3
9 1 9 2
9 1 6 0
9 1 4 12
9 1 5 9
9 1 12 5
9 1 2 6

vertices
15
2
0.309017 0.951057
-0.5 1.53884
0.154508 0.475529
-0.09549150000000001 1.24495
-0.654508 1.06331
-0.25 0.769421
0.2317625 0.713293
0.10676275 1.0980035
-0.17274575 1.0071855
-0.047746 0.622475
-0.29774575 1.391895
-0.5772539999999999 1.301075
-0.452254 0.9163654999999999
0.02950837499999999 0.8602392499999999
-0.374999875 1.15413025
