MFEM mesh v1.0

#
# MFEM Geometry Types (see fem/geom.hpp):
#
# POINT       = 0
# SEGMENT     = 1
# TRIANGLE    = 2
# SQUARE      = 3
# TETRAHEDRON = 4
# CUBE        = 5
# PRISM       = 6
#

dimension
2

elements
8
1 3 2 6 13 9
1 3 6 0 7 13
1 3 13 7 3 8
1 3 9 13 8 5
1 3 5 8 14 12
1 3 8 3 10 14
1 3 14 10 1 11
1 3 12 14 11 4

boundary
12
1 1 3 10
1 1 10 1
1 1 1 11
1 1 11 4
1 1 0 7
1 1 7 3
10 1 9 2
10 1 6 0
10 1 4 12
10 1 5 9
10 1 12 5
10 1 2 6

vertices
15
2
1 0
1.30902 0.951057
0.5 0
1.15451 0.475529
0.809019 0.951057
0.654509 0.475529
0.75 0
1.077255 0.2377645
0.9045095 0.475529
0.5772545 0.2377645
1.231765 0.713293
1.0590195 0.951057
0.7317640000000001 0.713293
0.82725475 0.2377645
0.9817645 0.713293
