MFEM mesh v1.0

#
# MFEM Geometry Types (see fem/geom.hpp):
#
# POINT       = 0
# SEGMENT     = 1
# TRIANGLE    = 2
# SQUARE      = 3
# TETRAHEDRON = 4
# CUBE        = 5
# PRISM       = 6
#

dimension
2

elements
8
1 3 0 6 13 9
1 3 6 2 7 13
1 3 13 7 5 8
1 3 9 13 8 4
1 3 4 8 14 12
1 3 8 5 10 14
1 3 14 10 3 11
1 3 12 14 11 1

boundary
12
1 1 3 11
1 1 11 1
3 1 0 6
3 1 2 7
3 1 9 0
3 1 10 3
3 1 1 12
3 1 6 2
3 1 7 5
3 1 5 10
3 1 4 9
3 1 12 4

vertices
15
2
0 0
0.309017 -0.951057
-0.404508 -0.293893
-0.09549150000000001 -1.24495
0.154508 -0.475529
-0.25 -0.76942
-0.202254 -0.1469465
-0.327254 -0.5316565
-0.047746 -0.6224745
0.077254 -0.2377645
-0.17274575 -1.007185
0.10676275 -1.0980035
0.2317625 -0.713293
-0.125 -0.3847105
0.029508375 -0.8602390000000001
