MFEM mesh v1.0

#
# MFEM Geometry Types (see fem/geom.hpp):
#
# POINT       = 0
# SEGMENT     = 1
# TRIANGLE    = 2
# SQUARE      = 3
# TETRAHEDRON = 4
# CUBE        = 5
# PRISM       = 6
#

dimension
2

elements
8
1 3 0 6 13 9
1 3 6 3 7 13
1 3 13 7 5 8
1 3 9 13 8 2
1 3 3 10 14 7
1 3 10 1 11 14
1 3 14 11 4 12
1 3 7 14 12 5

boundary
12
1 1 1 11
1 1 11 4
8 1 9 0
8 1 0 6
8 1 8 2
8 1 10 1
8 1 4 12
8 1 2 9
8 1 6 3
8 1 3 10
8 1 5 8
8 1 12 5

vertices
15
2
0 0
0.309017 -0.951057
0.5 0
0.154508 -0.475529
0.809019 -0.951057
0.654509 -0.475529
0.077254 -0.2377645
0.4045085 -0.475529
0.5772545 -0.2377645
0.25 0
0.2317625 -0.713293
0.559018 -0.951057
0.7317640000000001 -0.713293
0.32725425 -0.2377645
0.48176325 -0.713293
