1 1 4.26908 1 4.26908
2 1.37647 1.74495 0.688237 0.872473
3 2.85 2.36566 0.95 0.788554
4 4 3.52652 1 0.88163
5 4 3.52652 0.8 0.705304
1 1.09091 3.67827 1.09091 3.67827
2 0.9 1.54143 0.45 0.770713
3 0.915788 0.880691 0.305263 0.293564
4 0.931036 0.813824 0.232759 0.203456
5 0.701298 0.558372 0.14026 0.111674
6 0.227848 0.941447 0.0379747 0.156908
7 0.206897 2.66687 0.0295567 0.380981
8 0.178218 1.81008 0.0222772 0.22626
9 0.142857 1.42303 0.015873 0.158114
10 0.135338 1.3458 0.0135338 0.13458
11 0.235294 0.228547 0.0213904 0.020777
12 0.209302 0.203481 0.0174419 0.0169567
13 0.173077 0.166044 0.0133136 0.0127726
14 0.163636 0.158578 0.0116883 0.011327
15 0.151261 0.146923 0.010084 0.00979488
16 0.12766 0.122927 0.00797872 0.00768296
