FiniteElementSpace
FiniteElementCollection: RT_R2D_2D_P0
VDim: 1
Ordering: 0

0.0066850744
-0.0011762709
0.0067049355
-0.001196132
-0.0058289578
-0.0014260882
-0.0055791405
0.0010701711
-0.0055013251
0.00099235567
0.006361565
0.00064898523
0.0046570502
-0.0015328256
0.0045503128
-0.0034840919
-0.0016844352
-0.0033324822
0.0014752497
-0.0031725993
0.0013153668
0.0043051171
0.0038353047
-0.00060797672
0.0036362586
-0.00040893061
-0.0027738929
-0.00088973045
-0.0024921392
0.00076116296
-0.0022734142
0.00054243801
0.0032351487
0.00014132819
0.0078446244
-4.307845e-05
0.0079333943
-0.00013184837
-0.0074153912
-0.00048273628
-0.0069757334
-5.6336094e-05
-0.0069364851
-9.558434e-05
0.0073978129
-0.00063116568
-0.00053858995
0.0063057113
-0.00088176552
-0.0051581496
0.00052908181
-0.0050152565
0.00038618871
0.0058631865
2.1425956e-05
0.0057179489
0.00016666365
-0.0045848999
-0.0043614379
-8.2133776e-05
0.0051821714
-0.00061791127
0.00070659002
0.0073717835
0.00073261943
-0.0063965588
-0.0062444385
-0.00077003149
0.0067403166
-0.0014014984
-0.0066603797
0.0016231269
-0.0075508872
-0.0064092963
-0.0016525818
0.0058396271
-0.0026164545
0.0068034998
0.0018042535
0.0069846263
-0.005953362
0.0028396902
-0.0069887987
-0.0057813531
-0.0027884634
0.0047054342
-0.003838364
0.0057553348
0.0029096236
0.0058252683
-0.00051700829
-0.001180531
-0.00058922963
-0.0011083097
0.0012645638
-0.0011186466
0.0012026794
0.0012244952
0.0011846228
0.0012425518
-0.0006319598
0.0011998216
-0.0015900035
-0.0012326862
-0.0014741866
-0.0013485031
0.0019013665
-0.0010284844
0.0016971648
0.0011731126
0.0014849522
0.0013853252
-0.0013034786
0.0015560332
-0.0014116577
-0.0006671853
-0.0013764323
0.0011214682
0.0010381314
0.00163937
-0.00067746484
0.0016290905
-0.0020525398
-0.00081148738
-0.0018355427
0.00212448
-0.00054390038
0.001856893
0.00062013481
0.0015749759
0.00090205193
-0.0015644821
-0.0019311169
-0.00062996074
-0.001978621
-0.0017939529
0.00090096735
0.0020669134
0.0006956681
0.0022722126
-0.00052320346
0.0023789699
-0.0015863187
-0.0010958444
-0.001313637
0.0012122705
0.0014645458
0.00088865058
0.0017881658
-0.00081709682
-0.001987131
-0.00045924725
-0.0023449806
-0.001585662
0.00048718155
0.0016619385
0
0.00214912
0
0.0026083673
-0.0026380104
-0.00031745569
-0.0028437582
0.00040263824
0
0.0030110055
0
0.0033284612
0.0012539671
0.0065790451
0.0014152386
0.00061860429
-0.0056090757
-0.0009072439
-0.0053190654
-0.0011972542
0.0058546509
-0.0019216484
0.00036411292
0.00492768
-0.00015588748
-0.0038414375
5.3912149e-05
-0.0035167207
-0.00027080472
0.0042912408
-0.0004223769
0.0029686593
-0.00077168633
-0.0019241048
0.00079974297
-0.0016602518
0.00053589
0.0024866815
0.0007712941
-0.0012264385
0.00056506881
-0.0010202132
-3.3549952e-05
0.00011644377
0.00021301249
0.0015325217
0.00030263886
0.0012700918
-0.00061880478
0.0021407158
-0.00027283913
-0.0012588434
-0.00096345108
0.00097469951
0.0015893565
0.00042334023
-0.0013413091
0.0011811825
-0.00093313509
-0.0017249198
-0.00057984039
0.002226946
-0.00032324748
0.0019703531
0.00066347024
0.0014526409
-0.0018939243
0.00013363435
0.00029770919
0.00029022743
0.0023864516
-2.5871281e-05
-0.0029254394
-6.3975205e-05
-0.0028873354
0.00020854626
0
0.0035370075
0
0.0036009827
-0.0026543119
0.0002996018
-0.0022904435
-9.0223948e-05
0
0.0035107587
0
0.0032111569
0.0031299474
-0.00020154397
0.0025552348
0.00037316863
-0.0024482802
-0.0017166891
-0.0011594757
0.00089542738
0.0015801235
-7.9683913e-05
-0.0016242026
0.00081423566
-0.00085831475
-0.00049323478
0
0.0027179221
0
0.0019036865
0.0030546294
0.00050456409
0.0021124063
0.0014467872
-0.0024425502
-0.0010796714
0
0.0008240151
0
-0.0012883912
-0.0013330314
0.0025293652
-0.0024156094
0
-0.0026214226
0
-0.0036532214
0.0010317988
0.0034154105
0.0019178442
-0.0012050092
-0.0010068243
-0.00098457754
-0.0011885223
-0.00077775397
-0.0005247587
-0.00049806176
-0.00075207116
-0.00068751258
-0.00042922968
-0.00040627306
-0.00066632953
-0.001490871
-0.0013524895
-0.0013499879
-0.0014989768
-0.0011753552
-0.00096539958
-0.00094813989
-0.0011643484
-0.001154319
-0.00093163046
-0.0009146961
-0.0011440793
-0.001508577
-0.0013487175
-0.0013474786
-0.0015184537
-0.0016366139
-0.0016594352
-0.0017773875
-0.0017402033
-0.0018165461
-0.0018692979
-0.0019351419
-0.0018658628
0.00038800391
0.00061660931
0.00063193049
0.00040847176
0.00084459249
0.001008982
0.0010221017
0.00086270328
0.00043254495
0.00065113518
0.00067436095
0.00046051783
0.0011414468
0.0012403731
0.0012457324
0.001150176
0.0004925188
0.00070158669
0.00073266263
0.00052853107
0.00088480851
0.0010391685
0.0010596781
0.00091059355
0.00093966659
0.0010830716
0.0011087598
0.00097158863
0.00056842133
0.00076734124
0.00080530927
0.00061197097
-0.0015274194
-0.001345085
-0.0013403709
-0.0015343471
-0.0011324367
-0.00089616708
-0.00087489332
-0.0011182086
-0.00064342942
-0.00038151869
-0.00035400912
-0.00061775046
-6.0169148e-05
0.00019362436
0.00022550131
-2.5678966e-05
-0.00058829712
-0.00032290402
-0.00028752299
-0.00055419826
-0.00051477178
-0.00024738374
-0.00020221989
-0.00046960326
1.3178248e-05
0.00026151278
0.000301746
5.6573985e-05
0.00010451252
0.0003461492
0.00039456376
0.00015685853
-0.00041857449
-0.00015198571
-9.6824502e-05
-0.00036186289
-0.0010475745
-0.0007834379
-0.00074052208
-0.001010141
-0.00096369217
-0.00069054806
-0.00063368486
-0.0009083207
-0.0015004597
-0.0012352004
-0.0011835183
-0.0014638555
-0.0017411657
-0.0017439088
-0.0019647057
-0.0019497936
