FiniteElementSpace
FiniteElementCollection: ND_R2D_2D_P1
VDim: 1
Ordering: 0

0
0
0
0.087952933
0.12685592
0
0.04405904
0
0
0.041847047
0.069544363
0.019025545
0.14092078
0.10888677
0.0818017
0.10032082
0.035337121
0
0.02132316
0.056984309
0.066635145
0.031184572
0.030340475
0.06515161
0
0.0085790755
0
0
0.0083569359
0
0.019613771
0.11411165
0.042985489
0.028264117
0.084246275
0.048318729
0.014652622
0.0035144914
0.013857519
0.099853204
0.076811488
0.086390745
0.10859426
0.12922479
0.11508639
0.13543471
0.064698394
0.039784684
0.053506901
0.032159471
0.043139117
0.06402306
0.0178727
0
0.014074601
0
0.01046025
0.025004162
0.032904219
0.051011188
0.093373695
0.097741019
0.1192097
0.07155777
0.055919671
0.076232675
0.078132776
0.099502728
0.057977426
0.057282425
0.077333995
0.037888772
0.040065413
0.025166934
0.024821788
0.039536774
0.036403621
0.053926677
0.01808262
0.022953258
0
0.0070539832
0
0.0040115968
0.01160626
0.013744413
0.0059368584
0.0058646272
0.013559793
0
0.001546517
0
0
0.0015317432
0
0.0038666304
0.022018468
0.016863389
0.030768353
0.01114324
0
0.0065880215
0
0.0094759967
0.092269012
0.12159962
0.05785571
0.047733763
0.015755922
0.012137625
0.037657437
0.10587125
0.078303117
0.063247085
0.087442861
0.067241289
0.047579048
0.032051162
0.046375534
0.02764096
0.0086534973
0.0054336864
0.018079708
0.0095248487
0.0026707988
0.0006139154
0.002611656
0.026156819
0.017585062
0.0051546089
0.007952458
-0.024872199
-0.018154114
-0.023864594
-0.019999475
0.024820928
-0.015945785
0.023508196
0.014197671
0.02166045
0.016788497
-0.022408127
0.018937621
-0.025263063
-0.021575632
-0.024587267
-0.022914955
0.025029472
0.024212463
0.023011219
0.020758379
-0.02356896
0.022304214
-0.024876251
-0.013141889
-0.023000193
0.024920265
-0.0090953055
0.021801173
0.007164382
0.0187598
0.010963754
-0.020532561
-0.0093205389
-0.017960736
-0.012510982
-0.0059753785
0.016023684
0.0051420164
0.01356226
0.0080847367
-0.015477935
0.011056009
-0.016338318
-0.0027957363
-0.013732114
0.013549453
0
0.011269968
0
0.0092634948
0.0024122785
-0.011454836
-0.0021040286
-0.0094210517
-0.0044900291
0
0.0074747829
0
0.0058812623
0.0018361897
-0.0075956583
0.0039323113
-0.0070954175
-0.013135786
-0.009814589
0.011330772
0.0092982238
0.0062504226
-0.010949097
0.0087212462
-0.01976958
-0.022210477
-0.021526449
-0.017715464
0.021444178
0.016405471
0.019569213
0.018645216
-0.020536357
0.020598079
-0.015317555
-0.020565751
0.019454243
0.017113934
0.01386781
-0.018457919
-0.012512587
-0.016215004
-0.015073885
0.014774906
0.012504401
0.011255627
-0.013936749
0.0137569
-0.01742639
-0.018594341
-0.019539553
0.01747204
0.015242835
0.01614697
-0.016449779
0.018369358
-0.014824609
-0.014174246
-0.017100607
-0.01246188
0.012962834
0.011180608
0.010698443
0.013466458
-0.011841959
0.015738792
-0.010070955
-0.011690381
-0.0077225504
0.010342243
0.0067802892
0.008314
0.0089339833
-0.0095267328
-0.0078256718
-0.0074837771
-0.0099062402
-0.0058741164
0.0064428084
0.0049924432
0.0047468961
0.0067378729
-0.0055941902
0.0086347471
-0.012074132
-0.0095222881
-0.01429061
0.0085073984
0.0064362462
0.01065396
-0.0072804172
0.012766087
-0.0054870696
-0.0089226207
-0.0034280504
0.007454001
0.0029538597
0.0057950534
0.0047727897
-0.0070655395
-0.0015894035
-0.0059631593
0
0.004477756
0
0.0032644664
0.0013563692
-0.0045222964
-0.0011320425
-0.003274341
-0.0025002804
0
0.0022446853
0
0.00142013
0.00091601495
-0.0022236109
0.0020619082
-0.00408834
-0.0053866518
0.0043263648
0.0030528457
0.0034265314
-0.0038974456
-0.0027843521
-0.0026069936
-0.004132804
-0.0016390085
0.0019807247
0.001233164
0.0011134941
0.0021640988
-0.0015237981
0.003296069
-0.0007081075
-0.0013719844
0
0.00079068585
0
0.0003519349
0.0005106235
-0.00072003627
-0.00032669249
-0.00026458008
-0.00084925303
0
9.437863e-05
0
0
0.0001630002
0
0.00049443004
-0.0015699413
-0.00065344635
-0.0024872477
0.00045329521
0
0.0010092483
0
0.0017131134
-0.0092150873
-0.0051700821
-0.011184709
-0.0073692995
0.0045242154
0.006115639
0.0028005429
0.0077715302
-0.0032345728
0.0095693282
-0.00566766
-0.0038830026
0.0032432126
0.001944422
0.0046182606
-0.0023708933
-0.0035948962
-0.0010728146
-0.0048826811
0.00086090757
0
0.0026052376
0
0.0036796423
-0.0063373111
-0.0015043223
-0.0079448661
0.001287364
0
0.0049262836
0
0.0063327391
