FiniteElementSpace
FiniteElementCollection: RT_R2D_2D_P0
VDim: 1
Ordering: 0

0.00065467144
-0.001905474
-0.0018917826
0.00064098
0.0030178609
-0.00044899963
0.0015613865
0.0039892833
0.0040637402
0.0014869296
-0.00043231375
0.0029463984
-0.0050474521
-0.0029400323
-0.0025397336
-0.0035306258
0.002546914
0.007024687
0.0049695499
0.0046020511
-0.0014320362
0.0061100472
-0.0024324267
-0.0017821396
-9.3071484e-06
-0.0008751324
0.0013891041
0.0044184727
0.0038155966
0.0019919802
-0.00022214723
0.0035519725
-0.0033138157
-0.0049784168
-0.0017610164
0.0045572479
0.0052515269
0.0069622248
0.00284655
-0.0034064942
-0.0063174016
-0.0057971365
-0.0039267593
-0.004691781
0.0053366042
0.0080428093
0.0076331998
0.0057462137
-0.0041696045
0.0073737457
-0.0055011936
-0.0026476103
-0.0030757305
0.0022411623
0.0046374612
0.0049774468
-0.0010874464
0.0065376108
-0.008393655
-0.0035086984
-0.005972403
-0.006782122
0.0030259282
0.010127138
0.0053817988
0.0077712671
-0.0019332675
0.009346698
-0.0090929247
-0.0064804072
-0.0073695674
0.0059098425
0.010563349
0.0080555302
0.0084176609
-0.0047709304
-0.011650646
-0.0069861788
-0.0094353972
-0.0098002118
0.0062050963
0.01285337
0.0081718369
0.01088663
-0.005150389
0.01272242
-0.011113204
-0.0043627299
-0.0086837415
0.0037039921
0.0060344
0.010392012
-0.0027408064
0.012013935
-0.0029455994
-0.0025385505
-0.00041635602
-0.0014634997
0.0020698728
0.005062692
0.0045315778
0.0026009871
-0.0010775498
0.0040619878
-0.0039201235
-0.0055323543
-0.0023636385
0.0049811258
0.0058690942
0.0073352461
0.0035149739
-0.0039846361
-0.0047403685
-0.008349133
-0.0030966616
0.0077029912
0.0064585194
0.0099475374
0.0042139733
-0.006694012
-0.0054137312
-0.011000811
-0.0036617385
0.010261943
0.0068398427
0.012426956
0.004674829
-0.0092171206
-0.013742964
-0.0052299164
-0.011253854
-0.011937893
0.0042293291
0.015284416
0.006591518
0.012922227
-0.003486793
0.01466535
-0.014063977
-0.0072764731
-0.012029823
0.006137683
0.014978198
0.007890595
0.013225286
-0.0052173439
-0.016451312
-0.0072647986
-0.014403857
-0.014113917
0.0055531999
0.016912023
0.0069286579
0.015536565
-0.0047518111
0.018049553
-0.016482786
-0.0061698031
-0.013799776
0.0045125892
0.0070248071
0.015537335
-0.0041123113
0.017594827
-0.019800952
-0.0073390751
-0.016574188
-0.017035512
0.0042593679
0.021382327
0.0070149898
0.018626705
-0.0043181046
0.021647675
-0.018855671
-0.0065719696
-0.016016285
0.0040892714
0.017955038
0.0041971805
0.017847129
-0.0030367723
-0.019735247
-0.0026598343
-0.020112185
-0.017075028
0.0015369614
0.017258455
0
0.018795416
0
0.021455251
-0.025259226
-0.0093033074
-0.020274023
0.0018679484
0
0.023323199
0
0.032626506
-0.0059846977
-0.013576813
-0.0040654819
0.012746134
0.0070430548
0.014907834
0.0048813547
-0.011618325
-0.0065465923
-0.016280886
-0.0042887607
0.015336995
0.0070857646
0.017637976
0.0047847831
-0.014022615
-0.0077885561
-0.013547657
-0.005859224
-0.0055751683
0.012694446
0.0081157187
0.014251355
0.0065588098
-0.011386337
0.0087201306
-0.0073028306
-0.019588258
-0.0041058385
0.018450683
0.006745712
0.021036861
0.0041595347
-0.016662028
-0.0089302197
-0.025098405
0
0.023696287
0
0.022000398
0.0016958891
-0.020048582
-0.00024622748
-0.00039817689
-0.000614429
-0.00046044192
-0.00067028106
-0.00082590546
-0.0010310275
-0.00087421478
-0.0001602097
-0.00037075845
-0.00034391097
-0.00013838653
-0.00057702116
-0.00077745164
-0.00073966425
-0.00054484991
-0.00051002264
-0.000699283
-0.00065754319
-0.00047355862
-0.00011415002
-0.00031446714
-0.000283237
-8.8106929e-05
-6.092311e-05
-0.00025110048
-0.00021899987
-3.3324417e-05
-0.00043655452
-0.00061576309
-0.00057532465
-0.00040017179
-0.00036562368
-0.00053765603
-0.00050422964
-0.00033417021
-6.0874627e-06
-0.00018792923
-0.00015892661
1.9971638e-05
5.7769129e-05
7.5535622e-05
0.00029329926
0.00027907695
9.5284912e-05
0.00011661715
0.00032598418
0.00030901396
0.00013905928
0.00016208255
0.00036245491
0.00034391388
0.00018511177
0.00020753778
0.00039978748
0.00038121715
4.4005673e-05
-0.000133077
-0.00011154321
6.513457e-05
-0.00030713687
-0.0004765908
-0.00045645116
-0.00028597541
-0.00027241373
-0.00044587573
-0.00044765091
-0.00026877192
8.242363e-05
-9.5647247e-05
-8.7065422e-05
9.4817533e-05
0.00010097743
-8.8316119e-05
-0.00010391132
9.8699812e-05
-0.00027865609
-0.00046598326
-0.00050708118
-0.0003089684
-0.00037160314
-0.00057652168
-0.00067378791
-0.00047343102
8.426006e-05
-0.0001472378
-0.00024505666
2.4230698e-05
0.00022873673
0.00024808954
0.00043477203
0.00041775743
0.00026500911
0.00027897156
0.00046525481
0.00045059623
0.00060209389
0.00061722823
0.0007937982
0.00078018413
0.00028958547
0.00029690886
0.00049476825
0.0004793551
0.00030123123
0.00032583107
0.00057692716
0.00051948581
