FiniteElementSpace
FiniteElementCollection: ND_R2D_2D_P1
VDim: 1
Ordering: 0

0
0
0.14245465
0.08535613
0.12335526
0.11912147
0.18217363
0.041239818
0
0.082802771
0.16215925
0.061444931
0.17622024
0.17474062
0.13793462
0.14490733
0.10556544
0.10331844
0.14288679
0.13238469
0.16509283
0.063568792
0.019612174
0.091658822
0.071854987
0.11486184
0.05145592
0
0.030088883
0
0.046147886
0.18754013
0.1595787
0.12588263
0.15615184
0.1040916
0.078123505
0.024841478
0.036056237
0.18355549
0.17085775
0.17003095
0.1828798
0.15036157
0.13207539
0.13559128
0.15380664
0.16952623
0.15504515
0.13680592
0.13572854
0.15407798
0.11568994
0.11696709
0.096459938
0.095326366
0.11582901
0.11235496
0.13242834
0.18011045
0.16709997
0.16217062
0.17533994
0.15096618
0.12703147
0.14582771
0.13883596
0.15539752
0.11972179
0.11074543
0.1302194
0.1066721
0.098957338
0.07765081
0.067496446
0.089445889
0.078451589
0.10041993
0.091728556
0.085787219
0.075199705
0.071572495
0.052835428
0.0468141
0.065490278
0.057069464
0.038422592
0.027771676
0.046407689
0.030513981
0.022445565
0.0095543334
0
0.012219539
0
0.014947429
0.055540328
0.042083101
0.066408743
0.033536086
0
0.01829641
0
0.027679232
0.1765453
0.14253862
0.16196385
0.14501166
0.12581046
0.10567485
0.12361941
0.17088203
0.16019338
0.13862712
0.15017465
0.12437101
0.112542
0.082669934
0.094051803
0.098600164
0.082979872
0.058723889
0.070905729
0.04187954
0.034170236
0.010790084
0.013398858
0.059515522
0.049831179
0.01613418
0.019824334
0.029309117
0.0079989687
0.028496271
0.0082944132
-0.028659466
0.0077002064
-0.027830855
-0.0077278917
-0.026793341
-0.0080386966
0.027479203
-0.008336818
0.027024977
0.0068918838
0.026207674
0.0071371842
-0.026685407
0.0066786802
-0.025885216
-0.0065615763
-0.024852068
-0.0068271027
0.025165677
-0.0071131283
0.028042248
0.0074095497
0.027208375
-0.027487533
-0.02665783
-0.025609866
-0.0074158541
0.026160865
0.0073510724
0.024900754
0.0076919911
0.0070113712
-0.024345488
-0.0068339193
-0.022869682
-0.0072155267
0.02343071
-0.0075926654
0.0066803001
0.023902964
0.0063588605
-0.023590438
-0.0060780508
-0.02211058
-0.0064546767
0.022426152
0.0061546107
0.020746226
0.0065821742
0.0057257213
-0.020426339
-0.0053093021
-0.01855668
-0.0057837105
0.018877527
-0.0062576944
0.0070095939
0.021755583
0.0074295396
-0.021189862
-0.01931674
-0.0067328775
0.019882339
-0.0072014857
0.028891687
0.00860887
0.027752449
0.008839246
-0.028188809
0.0083332403
-0.027003007
-0.0082841989
-0.025617596
-0.0085709687
0.026419097
-0.0088019164
0.0080235318
0.026257351
-0.025546729
-0.024092426
-0.0079535245
0.024831184
0.0078285459
0.023202039
0.0081901762
-0.022433049
-0.020572197
-0.0076479187
0.021371855
-0.008051354
0.0084980801
0.024892979
0.0087389347
-0.024033653
-0.022252503
-0.008391612
0.023176227
-0.0086524004
0.0082530009
0.021271085
0.0085450935
0.0078676346
-0.020275395
-0.0076370586
-0.018101196
-0.0080840955
0.019179637
-0.0084204495
0.0074094581
0.019341916
0.0069062727
-0.018514803
-0.0065392171
-0.016266072
-0.0071095209
0.017113215
0.0067395954
0.014682915
0.0073563109
0.0060938379
-0.013834485
-0.0055594549
-0.011231959
-0.0062867065
0.01204704
-0.0070148965
0.00788601
0.016900981
0.0082839896
-0.015725774
-0.013133834
-0.0076608579
0.014430087
-0.0081433785
0.0063839751
0.017820094
0.0058613671
-0.017264565
-0.0053938776
-0.015051409
-0.0059608673
0.015581834
0.0053457542
0.01683849
0.0048347262
-0.016523898
-0.0043078378
-0.014353556
-0.0048443085
0.014651468
0.0042828259
0.012342254
0.0048561352
0.0037332609
-0.01207322
-0.0031156286
-0.0097116295
-0.003665394
0.0099397661
-0.0042497845
0.0054598942
0.01318447
-0.012700888
-0.010241435
-0.0048786694
0.010654137
0.0042166877
0.0080264629
0.0049267797
0.0035787705
-0.0077064877
-0.002849782
-0.0051319492
-0.0034784805
0.0053446813
-0.0041931472
0.0029972282
0.007474672
0.0024593314
-0.0072971103
-0.0017697699
-0.0048575637
-0.0022843643
0.0049772289
0.0015350839
0.0024773197
0.0020715061
0.0010517801
-0.002417448
-0.00031197541
0
-0.00075705001
0
-0.00125625
0.0026743176
0.0026555658
0.0033653851
-0.0025521792
0
-0.0018178486
0
-0.0024627922
0.0074062563
0.011745756
0.0080138932
0.0065930833
-0.010294252
-0.0060356685
-0.007128614
-0.007116001
0.0087932129
-0.0079245937
0.0057255943
0.0091973883
-0.008487342
-0.005657725
-0.005026034
0.0061519342
0.0041892954
0.0030532907
0.0052200667
-0.0028059711
0
-0.0032293961
0
-0.0042041865
0.00672289
0.0053564234
0.0079718132
-0.0035051769
0
-0.0055784969
0
-0.0087315241
