FiniteElementSpace
FiniteElementCollection: ND_R2D_2D_P1
VDim: 1
Ordering: 0

0
0
0.14245465
0
0.12055824
0.082802771
0
0.042208169
0
0
0.062308333
0.020533009
0.13316665
0.10519479
0.11486184
0.046147886
0.07239343
0.092870901
0
0.030513944
0
0.019985905
0.052441317
0.065137801
0.031502367
0.032993397
0
0.0091895776
0
0
0.0097725699
0
0.10478582
0.036381832
0.025264133
0.079624176
0.049491683
0.014584433
0.0041161465
0.016214474
0.1302194
0.11110921
0.12047136
0.1392372
0.10041993
0.078742966
0.090070907
0.068226866
0.078704461
0.099940115
0.1080178
0.12816668
0.066408743
0.04227378
0.055978574
0.027679232
0
0.018474702
0
0.015146078
0.033929446
0.0470604
0.028204671
0.039125599
0.058017034
0
0.012397272
0
0.009696714
0.022848951
0.031175552
0.047808136
0.087176627
0.093443894
0.11404818
0.066750245
0.05411718
0.073138376
0.03720054
0.040746192
0.057900241
0.026218153
0.026872005
0.041633402
0.017433444
0.023006411
0
0.0069684369
0
0.0042800874
0.011956453
0.014764438
0.0066276853
0.0068522724
0.015188899
0
0.0018121846
0
0
0.0018893923
0
0.0047287601
0.013016412
0.024770063
0
0.0080260124
0.12475732
0.094382635
0.083536143
0.11361168
0.059760585
0.019956232
0.016331077
0.050404246
0.042570827
0.013589473
0.010950323
0.034858856
0.10015634
0.072085588
0.060010836
0.047142749
0.033596069
0.026901782
0.0082692439
0.0055713943
0.018739752
0.010659657
0.0029816325
0.00076209028
0.0032103566
0.019760188
0.0062988986
0.0085450935
-0.016402877
0.008670307
-0.018210552
-0.0084204495
-0.014428213
-0.0085684046
0.01418687
-0.0086126697
0.016173162
0.0086984155
0.018001388
0.0082839896
-0.012288736
0.0084687891
-0.0081433785
-0.0099845328
-0.0083825438
0.0097751197
-0.0084823682
0.012050516
0.0085375654
-0.011901398
0.0084773794
-0.014022675
-0.0096608565
-0.0084353981
0.0095895854
-0.0082548444
0.01180817
0.0082886563
0.013914288
-0.016006833
0.0086154725
-0.017842135
-0.0085388144
-0.008343298
0.015892087
0.0084142201
0.017726405
0.0080138932
-0.0075144529
0.0083274929
-0.0079245937
-0.0048746111
-0.0083367277
0.004908527
-0.0084735778
0.0073800487
0.0084576517
0.0079718132
-0.0021051682
0.0084637755
-0.0087315241
0
-0.0085309971
0
-0.0085951634
0.002477848
0.0085101582
-0.0024732113
0.0084714304
-0.0049272966
0
-0.0085465056
0
-0.008380345
0.0024633354
0.0083029095
0.0048957292
-0.0073243522
0.0084189419
-0.0084268055
-0.0082590565
0.0072807521
0.0082424269
-0.007243831
0.0079487685
-0.009543746
-0.0048737888
-0.0079692881
0.0048598323
-0.0075715533
0.0072255466
0.007543013
0.0095181855
-0.0024506779
0.0080189558
0
-0.008095943
0
-0.0077034956
0.002444716
0.0076242857
-0.0024436153
0.0071316341
-0.0048586816
0
-0.0072127212
0
-0.006635801
0.0024486163
0.0065508239
0.0048674365
-0.0072224681
0.0070384697
-0.0095163709
-0.0070730135
-0.0064872155
0.0072368486
0.0064439794
0.0095348599
-0.015818442
0.008094714
-0.017649653
-0.013847527
-0.0080277121
0.013813713
-0.0075996167
0.015781764
0.0076595724
0.017608911
-0.011749844
0.007980153
-0.0079521248
-0.0075400655
0.01172118
0.0075586397
-0.011718408
0.0070357398
-0.013812568
-0.0070256077
-0.0064224758
0.011743634
0.0064203955
0.013842291
-0.011793728
0.0057279904
-0.01390511
-0.0095745578
-0.0057414214
0.0096305715
-0.0049984326
0.011868064
0.0049718176
0.013997352
-0.011959728
0.0041701644
-0.014116364
-0.009699595
-0.0042066287
0.0097724389
-0.0033819437
0.012061759
0.0033379935
0.014251312
-0.0072650394
0.0057740045
-0.0048865265
-0.0058246924
0.0049124876
-0.0050993473
0.0073059675
0.0050401579
-0.0024577924
0.0058950977
0
-0.005984047
0
-0.0052695054
0.002470902
0.0051754564
-0.0024854583
0.0044040458
-0.0049432061
0
-0.0045025064
0
-0.0036921292
0.0024995516
0.0035899842
0.0049730889
-0.0073539349
0.0042572009
-0.0043222647
-0.0035055122
0.0074036905
0.0034365708
-0.0074450936
0.0025906097
-0.0098393953
-0.0049961534
-0.0026575108
0.005001822
-0.001785737
0.0074662098
0.0017282364
0.0098847623
-0.0025090365
0.0027410944
0
-0.0028438621
0
-0.0019583014
0.0025085311
0.0018604658
-0.0024874516
0.00094549305
-0.004973378
0
-0.0010259602
0
0
0.0024077563
0
0.0048787308
-0.0074479249
0.00086022659
-0.0098910392
-0.00089561177
0
0.0073653073
0
0.0098358027
-0.012160134
0.0024924236
-0.014389967
-0.0025364139
-0.0016832013
0.012240005
0.0016457229
0.014512444
-0.012281256
0.00081120433
-0.014599628
-0.00083299536
0
0.012264958
0
0.014630497
