FiniteElementSpace
FiniteElementCollection: ND_R2D_2D_P1
VDim: 1
Ordering: 0

0
0
-0.045504603
0
-0.038275256
-0.028728909
0
-0.0140559
0
0
-0.021214683
-0.0066545837
-0.042478154
-0.033179267
-0.038061718
-0.016936228
-0.0249387
-0.030466917
0
-0.010817653
0
-0.006928076
-0.017655326
-0.020976356
-0.010365858
-0.010375049
0
-0.0030988231
0
0
-0.0030988203
0
-0.034626454
-0.013095426
-0.0088522333
-0.025887355
-0.015769752
-0.0049959015
-0.001354473
-0.005006397
-0.042331965
-0.036810936
-0.039095667
-0.044481168
-0.034023966
-0.02727461
-0.030389399
-0.023390854
-0.026309008
-0.032935316
-0.034853396
-0.040814866
-0.023687684
-0.015419162
-0.019747805
-0.010522443
0
-0.0068019194
0
-0.0054873919
-0.01212435
-0.016354951
-0.0099401593
-0.01343142
-0.019650602
0
-0.0044413416
0
-0.0034393765
-0.0079625887
-0.010582235
-0.016011668
-0.028486823
-0.029917366
-0.036108759
-0.022079758
-0.017713011
-0.023674823
-0.012318199
-0.013183958
-0.018554841
-0.0085670193
-0.0085712851
-0.013186948
-0.0060079783
-0.007714289
0
-0.0024445247
0
-0.0014793957
-0.0040656104
-0.0048736046
-0.0022110176
-0.0022098393
-0.0048750945
0
-0.00061150881
0
0
-0.00060988724
0
-0.0014771082
-0.0040695696
-0.0077264255
0
-0.0024489652
-0.040532429
-0.031921478
-0.028044242
-0.036761442
-0.021198492
-0.0074187626
-0.0059552128
-0.017622152
-0.014694644
-0.0048945029
-0.0039045484
-0.011898293
-0.03218266
-0.02395781
-0.019741108
-0.015342618
-0.010797129
-0.0090786088
-0.0029188156
-0.0019421015
-0.0062389333
-0.0034826408
-0.0010203931
-0.00025182999
-0.0010176731
-0.0062450552
-0.0019422923
0.024275765
0.0092928245
0.024169967
0.0095644409
-0.024617452
0.0090028011
-0.024518492
-0.0082249005
-0.024101705
-0.008666897
0.023790456
-0.0090487957
0.025050048
0.0086920845
0.024953917
-0.02561523
0.008351143
-0.025510482
-0.007050477
-0.024923609
-0.0077008525
0.024475592
0.006789143
0.023667689
0.0074767286
0.0059392469
-0.023967903
-0.0051329439
-0.022774582
-0.00605717
0.02260752
-0.006836127
0.0080478714
0.023149366
0.0085302669
-0.023392443
-0.022435905
-0.0074957807
0.022273674
-0.0080558663
0.026385697
0.0079517811
0.026241955
-0.027516356
0.0073970913
-0.027234059
-0.0048637295
-0.026006983
-0.0061787322
0.025448133
0.029448184
0.0062510935
0.028587563
-0.03489265
0
-0.028930656
0
-0.026461406
-0.0025549888
0.02637031
0.0017900892
0.024628105
0.0034419768
0
-0.024573538
0
-0.022886985
-0.0014186254
0.022995032
-0.0027916402
0.0048532816
0.024266862
-0.024505912
-0.022997804
-0.0040418297
0.022914628
0.0035539081
0.021458713
0.0045918618
0.0024207194
-0.021448746
-0.0021956537
-0.019835612
-0.0032455715
0.019906954
-0.0042324209
0.0012220882
0.021377827
0
-0.021238624
0
-0.019560139
-0.0011053315
0.019721582
0.0010319066
0.017998454
0.0020532184
0
-0.017819847
0
-0.016003937
-0.00098435846
0.016196894
-0.0019601357
0.0030458248
0.018257128
0.0039944478
-0.018143555
-0.016364397
-0.0029153049
0.016509042
-0.0038372806
0.0070440806
0.021193603
0.007657478
0.0063343906
-0.021276912
-0.0059657351
-0.019947244
-0.0067015211
0.019935149
-0.0073495587
0.0055189796
0.021357005
-0.021422954
-0.019942464
-0.0051421249
0.019952841
0.0048852302
0.018412185
0.0057094939
-0.018344761
-0.016634134
-0.0047158705
0.016745415
-0.0055410352
0.0046067926
0.014958483
0.0054384479
0.0037339259
-0.014815951
-0.0036616333
-0.012895911
-0.0045356992
0.013058709
-0.0053789456
0.0044802709
0.011053942
0.0053404711
0.0036015004
-0.01088384
-0.0035337832
-0.0087922207
-0.0044187443
0.0089564089
-0.0052976124
0.002827695
0.014663888
0.00189751
-0.014497997
-0.0018509045
-0.012548842
-0.0027645561
0.012727873
0.00095191857
0.014314027
0
-0.014109876
0
-0.012142743
-0.00092752521
0.012354928
0.00090508269
0.010330078
0.0018093384
0
-0.010114206
0
-0.0080418384
-0.00087910374
0.0082561497
-0.0017615824
0.0027094046
0.010710253
-0.010527493
-0.0084488446
-0.0026471713
0.0086255183
0.0025611955
0.0064916245
0.0034388097
0.0016960981
-0.006333297
-0.0015980281
-0.0042052232
-0.0024328786
0.0043302467
-0.0032945733
0.00084315471
0.0061552461
0
-0.0059499423
0
-0.0038712812
-0.0007888943
0.0040561542
0.00070175532
0.0019967052
0.0014437156
0
-0.0018530696
0
0
-0.00052375513
0
-0.0011896068
0.0022376854
0.0021618349
0.0030779208
-0.0020899291
0
-0.0019446589
0
-0.0027647376
0.0043271178
0.0067813823
0.005223953
-0.0066384022
-0.0044419708
-0.00418155
0.0045491138
-0.0050911758
0.0039580323
0.0022813667
0.0048741144
-0.002223623
0
-0.0036366082
0
-0.0045529055
