FiniteElementSpace
FiniteElementCollection: ND_2D_P1
VDim: 1
Ordering: 0

0.007929699
-0.010721599
0.0069008616
-0.010549914
-0.0092822539
-0.010479805
-0.0084539756
0.012094822
-0.0076141983
0.012519002
0.00588383
0.01252859
-0.014433709
0.0048919868
-0.014631279
-0.013822884
-0.0067719215
0.015627415
-0.0059390548
0.016432509
0.0039401582
0.016827147
-0.018477452
0.0030453916
-0.019081471
-0.01746634
-0.0051311698
0.019294386
-0.0043669236
0.020526856
0.0022271434
0.02135607
-0.022536186
0.0015067997
-0.023609534
-0.021065163
-0.0036662497
0.022732195
-0.0030477036
0.024458251
0.00090653205
0.025796775
0.01391061
0.016786935
0.012554096
0.016329262
-0.012376213
0.01669315
-0.010676326
-0.017527473
-0.0083390535
-0.018174153
0.010768946
-0.018029875
0.019958061
0.0085144856
0.02020563
0.017772904
-0.0044244471
-0.017043721
0
-0.019761657
0
-0.0262561
0.010646577
-0.009830178
0.01000983
-0.012020317
-0.0087833535
-0.011567631
0.010060003
-0.011039855
0.011268457
0.0093335312
0.013408453
-0.0073534542
0.013135241
-0.014829384
-0.0055563402
-0.014735397
0.006628097
-0.014442111
0.0084986443
0.012738107
-0.0097683136
0.012208776
-0.011452763
-0.0078333604
-0.013939407
0.0090517866
-0.013266424
0.011088524
0.011561931
0.012909022
-0.012819056
0.0086214213
-0.01043467
-0.0097610007
0.014439839
0.0078829005
-0.0034075987
0.016420176
-0.000943582
-0.018295538
0.0023667173
-0.017949808
0.0045275514
0.016173184
0.0019076637
0.020747782
0
-0.021946002
0
-0.020243283
0.0010605176
0.019411413
-0.0019370773
0.018293799
-0.0037879055
0
-0.019084611
0
-0.018098052
0.0024236699
0.017285688
0.0046961229
-0.0057608634
0.015606594
-0.017106783
-0.016191088
0.0068992173
0.014831399
-0.0078426346
0.013970097
-0.010191115
-0.0053687874
-0.015253435
0.0059050909
-0.014291596
0.0086359762
0.013061799
0.011210525
-0.0027623755
0.016312908
0
-0.017150998
0
-0.016182443
0.0030253514
0.015328422
-0.016082727
0.0071335281
-0.014371092
-0.0090382621
0.015785757
-0.0082907343
0.017698535
0.0063929194
-0.012386095
0.010829479
-0.012484123
-0.011642145
0.013606714
0.010045979
-0.014717409
0.0092366949
-0.017109493
-0.01210563
-0.010763117
0.012874282
-0.0098528685
0.015697972
0.0084136015
0.018307783
-0.019240709
0.0056809207
-0.0075403742
-0.0068016269
0.020666645
0.0050134924
