FiniteElementSpace
FiniteElementCollection: RT_R2D_2D_P0
VDim: 1
Ordering: 0

-0.0040434892
0.0077162825
-0.0034413452
0.0071141385
0.0035662398
0.0077634797
0.0035190426
-0.0079233989
0.0030388101
-0.0074431664
-0.0032877102
-0.0072895313
-0.0035623039
0.0083090597
-0.003016724
0.002802996
0.0082043659
0.0029076898
-0.0083313877
0.00250477
-0.0079284679
-0.003011655
0.0073575244
-0.0028760522
0.0069458664
0.0074672005
0.0029291341
-0.0070968588
0.0026726556
-0.0068403803
-0.0026704336
-0.0066347617
-0.0026150876
0.0086753484
-0.0021441051
0.0016023571
0.0084046685
0.001873037
-0.0084796462
0.0015614393
-0.0081680484
-0.0023074443
-0.0012625851
0.0087841458
-0.00088310775
4.4595736e-05
0.0083211314
0.00050761012
-0.0083240844
0.00030382332
-0.0081202976
-0.0012424564
0.0078864074
-0.0011016425
0.0077455935
0.0074095397
0.000780691
-0.0069083248
0.00081154459
-0.0069391784
-0.0014400258
-0.0072775617
0.0062273851
-0.0015173775
0.0063047368
0.0057933225
0.0012456072
-0.0049119693
0.0014516352
-0.0051179972
-0.0017767922
-0.0053774119
-0.0094309848
-0.0012149606
-0.0085001447
-0.0021458007
0.0080042016
-0.0014187814
0.0082080225
-0.00028419187
0.007065884
0.00085794664
-0.008599678
0.0007584133
0.00077046461
-0.0074792514
-0.00034996198
0.00071724505
0.0071191036
-0.0025090466
0.0058661858
-0.0012561288
-0.0074223402
-0.0011992177
-0.0096204736
-0.00035868773
-0.0087165762
0.0087382262
0.0087295004
0.0076036305
-7.3347688e-05
-0.0085986328
0.00038277439
0.0085918991
0.00065354202
-0.0017469589
0.0078836245
-0.0010386843
-0.0077934795
-0.0011115954
-0.0077205684
5.002603e-05
0.003900972
0.0069659009
0.0039089604
0.0069579126
-0.005551982
0.0051813835
-0.0037674646
-0.0048522028
-0.0033779368
-0.0052417305
0.0023973386
-0.0067533524
0.0048353071
0.0019651587
0.0052674869
0.0028708455
-0.0014134753
-0.0024993864
-0.00057721098
-0.0033356507
0.00054659772
-0.0047542117
0.00283638
-8.1179311e-05
0.003464157
0.001659484
0.00059968505
-0.0013001372
0.001219837
-0.0019202892
-0.0009924569
-0.0028315668
0.0014063547
-0.0014636587
0.0018775566
0.00077497752
0.0018512143
-0.00043262306
0.0021694092
-0.00075081801
-0.0019308197
-0.0012179789
0.00025265262
0.0045154629
-0.00010884457
0.0048769601
-0.0008335459
0.00021775999
0.00070628829
-0.0033200951
-0.00087411104
-0.0040853615
0.00026110135
-0.002145718
0.00047599971
5.103313e-05
0.0023794774
0.00025160821
0.0023942813
0.00023680429
-0.0022387429
0.00014377938
-0.00065721519
-0.0021749876
-0.0007209705
-0.00053149163
0.0022685578
0.00076266525
0.0020126434
0.0010185797
-0.0019604586
0.0012331086
-0.0013178693
-0.0016364056
-0.0016419223
-0.00093754523
0.0016323193
0.0010555744
0.001166663
0.0015212307
-0.0011815955
0.0019760408
0.0015393726
0.0060726107
0.002382954
0.0052290293
-0.0042547381
0.0055306604
-0.0037127878
-0.0069274161
-0.0040859191
-0.0065542849
0.0020100934
-0.0069271455
0.0015360968
-0.0074453104
0.0017005202
0.007439207
-0.0033434115
0.0061110464
-0.0020152509
-0.0071770184
0.0029740517
-0.0061488087
0.003056686
0.0057835515
-0.0048554857
0.0044594027
-0.003531337
-0.0059608833
0.005274746
-0.0045492838
0.0038631465
0.0054805933
0.0042535554
-0.0072343942
0.0028844887
-0.0058653275
-0.0042480858
-0.0055641295
0.0035787639
-0.0057620942
0.0021638397
0.0058266638
0.0042696156
-0.0040070812
-0.0053873895
-0.0036323766
-0.0052946689
0.0043389082
-0.0040124467
0.0032173411
0.0043055272
0.0032507221
-0.0061317687
0.0020670807
-0.0049481273
-0.0039198052
-0.002251233
0.005462332
-0.0010944281
-0.00024126611
-7.9633376e-06
-0.00088091046
-0.0060541984
-0.0011719984
0.0067318956
-0.0026685029
0.0068059165
0.0019930598
-0.0084636481
0.00098559976
-0.0074561881
-0.002446709
0.0056834365
-0.003604925
0.0060569611
0.003896091
-0.0078967162
0.001979174
-0.0059797991
-0.0031771079
0.0081210815
-0.00050546719
0.0054494408
0.0086882859
0.0014119695
-0.010461612
0
-0.0090496424
0
-0.0085441753
-0.0015470376
-0.0015681279
-0.0015901617
-0.0015441007
-0.0015635154
-0.0015329655
-0.0016089796
-0.0016119141
-0.0015399724
-0.0016111403
-0.0016298136
-0.0015335765
-0.0014767502
-0.0013956646
-0.0015301715
-0.0015815019
-0.0012910403
-0.0011647367
-0.0013614921
-0.0014562322
-0.0016195547
-0.0015557588
-0.0017446769
-0.0017784896
-0.0019307266
-0.0019256419
-0.0020963579
-0.0020742046
-0.00090003993
-0.00062302811
-0.00036803205
-0.00069029418
-0.00045687318
-8.9835686e-05
0.00020874127
-0.00020234278
-0.0010766377
-0.00078711468
-0.00057742962
-0.00091200551
-0.0010191326
-0.00085710141
-0.001119671
-0.0012483222
-0.00030837182
-0.00011938542
-0.00053488307
-0.00068041648
-0.0010405983
-0.00093211343
-0.0013044615
-0.0013831297
-0.0017042847
-0.0016495879
-0.0019668385
-0.0020018645
-0.0022745223
-0.0022559425
-0.0025166932
-0.0025213349
-0.0018177982
-0.0017622254
-0.002037077
-0.0020679947
-0.0027416144
-0.0027488663
-0.0029522527
-0.0029348464
-0.0031006257
-0.0031266426
-0.0032718678
-0.0032386613
-0.0033487651
-0.0033878104
-0.0034744125
-0.0034308484
0.0030640006
0.003573169
0.0040540233
0.0035352873
-0.00072787232
-0.00034880223
-0.0001041008
-0.00052710902
7.050409e-05
0.00052472939
0.00085525797
0.00035885932
0.00066026552
0.0011978818
0.001550933
0.00097322
-0.00031284988
0.00015385138
0.00042275192
-8.8303533e-05
0.0010071889
0.0015101933
0.0019142318
0.0013768018
0.0020257092
0.0025460103
0.0030012141
0.0024584409
0.0017559812
0.0023234969
0.0027332734
0.0021417189
0.00014365396
0.00070181872
0.00099421001
0.00038154449
0.00062889261
0.0013135638
0.0016725694
0.0009281589
