FiniteElementSpace
FiniteElementCollection: RT_R2D_2D_P0
VDim: 1
Ordering: 0

-0.0102208
-0.0015828761
-0.0097705586
-0.0020331171
0.0087953165
-0.0012198805
0.0084323209
0.0011241843
0.0077690016
0.0017875036
-0.0092988742
0.002259188
-0.0073632117
-0.00054266054
-0.0066859917
0.0054202935
-0.00030510247
0.0051827354
-2.9960352e-05
0.0043789103
0.0007738648
-0.0063356723
-0.00045711929
-0.005526979
-0.0012658126
-0.00016557389
0.0040873649
-0.00033963918
0.0032194926
0.00052823312
-0.0051149274
0.00094028471
-0.011411764
-0.0029696086
-0.011007549
-0.0033738234
0.010515357
-0.0023906693
0.0099364171
0.0023458517
0.0092681524
0.0030141165
-0.010325714
0.0036959521
-0.0017294607
-0.0086376657
0.0073053534
0.0064736191
0.0017720191
-0.008063833
-0.001410667
-0.0071930214
-0.0022814786
-0.00088369136
0.0059466434
0.00023791204
0.0049599441
0.0012246113
-0.0065592568
0.0018583759
-0.0029592238
-0.009644584
-0.0036403536
0.0085904073
0.007667071
0.0027817122
-0.0088718854
0.0035544108
0.0077704828
-0.0044067678
0.0085368971
0.0071612016
0.004163692
-0.0068880667
0.0049127952
-0.0076371699
-0.0048926242
-0.0081230263
0.0069757788
-0.0057755645
0.0078587191
0.006521337
0.0053672369
-0.0056717637
0.006191751
-0.0064962777
-0.0060502968
-0.00677101
-0.004586809
0.0081926211
-0.0055944657
0.0092002778
0.0050927225
0.0054266245
0.0064381184
-0.0077825038
-0.0057565727
-0.0079446109
-0.0022737499
-0.0078863772
-0.0032592581
-0.0015435455
0.0069368666
0.00063102946
0.0057338227
0.0018340734
-0.0070714448
0.0026490058
-0.00046104099
-0.0054767522
8.2016838e-05
0.0044168863
-0.0011271474
0.0032977373
-7.9983699e-06
-0.0048377244
0.0012720204
-0.0035419695
-2.3734498e-05
0.0017636489
0.0028061088
-0.0032531778
0.0016291274
-0.0020761964
-0.0029801956
-0.0015144226
-0.00074538967
-0.0057248947
-0.0020919397
0.0050121675
0.0034784208
1.9324089e-05
-0.0049323215
0.00081189732
-0.0037645627
0.001070028
-0.0027765516
0.0020105129
0.0013695686
0.0017109723
-0.0023820913
0.00085886818
-0.0015299871
-0.0023737119
-0.00084895757
0.0021214655
-9.7060589e-05
-0.00085712092
0.0021445341
-0.00088018944
-0.0030153017
-0.001386469
-0.0025090221
2.9870258e-05
0.0035529482
0.00061342991
0.0029693885
0.0034795569
-0.0013130777
-0.0044564707
-0.0015480464
-0.004221502
0.00061377046
-0.0042211615
-0.00018919889
0.0077589415
0.00010442468
0.0074653179
-0.00039749352
0.0075994693
-0.00023802132
-0.0089017352
0
-0.0091397565
0
-0.0092441812
0.0018557706
-0.0030799322
3.3813491e-06
0.0024640145
0.0028701769
-0.0048385297
0.00093111226
-0.002899465
-0.0024444741
-0.0022640069
0.0039247354
-0.0015194747
0.0042656251
0.0012882378
-0.0060556298
0.00040252012
-0.0051699121
-0.0011880923
0.0072875916
-0.0002465887
0.006346088
0.00022479377
0
-0.0090193874
0
-0.0087727987
0.0061725096
0.00043852202
0.0032895135
0.0007575339
0
-0.0080152648
0
-0.0084537868
0.0065582728
-0.0038621869
0.0058394187
0.00336786
-0.0057469109
0.0039031133
-0.0062821643
-0.0044680893
0.0058315971
-0.0051578292
0.0052187046
0.0045160059
-0.0046404229
0.0051288013
-0.0052532183
-0.0055763746
0.004607648
1.7459738e-05
0.0045935696
0.0032740041
-0.00093036301
-0.0035814033
-0.00092674451
-0.0035850218
-0.0011019154
-0.004704397
0.0039419997
0.003957509
0
-0.0045117872
0
-0.0031317665
-0.0013800206
0.0017561263
0.0013105497
0.00092108605
0.00214559
0
-0.0018212169
0
-0.00096267634
-0.00085854052
-0.00015572228
-0.0019353488
0.0035672444
-0.001410968
0.003876297
0.00049490992
0.0011364069
-0.0025768459
-0.0023778583
-0.0035437361
0.0021616979
-0.002939914
0.0027237536
0.0013708183
0.0019272866
-0.0010327173
0.0024536054
-0.0015590362
-0.003438172
-0.0020572942
0.0002305378
0.00033888611
0.00037634058
0.00025261804
0.0004654331
0.00060562746
0.00066774749
0.00051624339
0.00055208753
0.00071609287
0.00075143869
0.00057393327
3.5739373e-05
0.00013506062
0.00010306882
-1.8423028e-05
0.00025705767
0.00039754374
0.000403656
0.00024520127
0.00021868585
0.00039611196
0.00037661566
0.00017942735
-8.9654875e-05
5.5278054e-05
-6.2020724e-06
-0.00017568278
-0.0002488783
-0.00036589003
-0.00059640646
-0.00044181133
-0.0006481755
-0.00084210327
-0.0011020938
-0.00086769607
-0.00030542739
-0.00046822592
-0.00064617378
-0.00044108432
-0.00027395393
-7.8984215e-05
-0.0001604009
-0.00038167336
0.00012962286
0.00034712907
0.00030987923
7.1747255e-05
8.5798482e-06
0.000267358
0.00022235524
-5.6740546e-05
-0.00049581304
-0.00024750025
-0.00033697905
-0.00061313101
0.00056892787
0.00079058653
0.00078608127
0.00054941215
0.0010078588
0.0012166823
0.0012350298
0.0010158837
0.0010174831
0.001246503
0.0012522882
0.0010141775
0.00041769091
0.00071290913
0.00070102996
0.00040157172
-0.00073012041
-0.00042502916
-0.0005068686
-0.00084283397
-0.00012057397
0.00017798874
0.00013770121
-0.0001785244
-0.00022525431
0.00010506379
8.3261741e-05
-0.00025531115
-0.00094604877
-0.00057528443
-0.00061907584
-0.0010239662
-0.00049533941
-0.00063427278
-0.0009375299
-0.0007626866
-0.0010466993
-0.0012586349
-0.0015947924
-0.0013456855
-0.0010776637
-0.001225539
-0.0016692336
-0.0014847882
-0.0013727706
-0.0015371261
-0.0020529795
-0.0018579395
-0.0023355526
-0.002536065
-0.0030047805
-0.0028008756
-0.0019092969
-0.0021244793
-0.0025775095
-0.002340712
-0.002772638
-0.003025445
-0.0034681116
-0.0032026599
