FiniteElementSpace
FiniteElementCollection: ND_R2D_2D_P1
VDim: 1
Ordering: 0

0
0.49750481
0.27257067
0.40638534
0.64049397
0.41325579
0.12419391
0
0.28602926
0
0.56264811
0.56360047
0.20363844
0.21263354
0.61385137
0.6127768
0.49334232
0.34291999
0.49230652
0.45928536
0.5789513
0.6130493
0.46265606
0.49632898
0.19781341
0.30873101
0.24483325
0.39905373
0.16363836
0
0.097623526
0
0.15854377
0.24975843
0.3175244
0
0.10408614
0.17524742
0.65887207
0.54711342
0.42395813
0.54523255
0.54705823
0.35817515
0.25447797
0.07657057
0.12137393
0.36272109
0.12527891
0.084449582
0.64255294
0.59409755
0.5935715
0.64196177
0.58626116
0.52561897
0.53334591
0.46339996
0.4628529
0.53282677
0.63289218
0.58475415
0.5679718
0.61566071
0.52412769
0.4541289
0.43754765
0.50757922
0.48377164
0.54379562
0.48538127
0.51018467
0.56879043
0.44268215
0.45961532
0.52702194
0.58576814
0.53526851
0.59413694
0.41368825
0.38340214
0.45355046
0.36174033
0.337403
0.25963293
0.22727443
0.30633454
0.26960407
0.34783901
0.37859083
0.30184483
0.28465456
0.31084781
0.23734168
0.22833317
0.16203799
0.14523958
0.21105042
0.088065274
0.036996211
0
0.047905606
0.18823892
0.14349608
0.22873402
0.15239203
0.1111216
0
0.061173122
0
0.094897284
0.38564548
0.41770344
0.34414822
0.36970857
0.14558686
0.19286265
0.27211007
0
0.063603982
0
0.051691257
0.11643526
0.1605186
0.2343702
0.095365202
0.13074263
0.19616598
0.61753878
0.55899998
0.49695397
0.59976583
0.5579919
0.47959679
0.52483186
0.52606138
0.48367714
0.55972548
0.43210117
0.38580481
0.28017195
0.32446516
0.32981299
0.26772478
0.18478631
0.041764062
0.20372159
0.16646574
0.052861304
0.067232667
0.4340668
0.39188035
0.20614338
0.068711603
0.056066887
0.17303538
0.14390977
0.01073975
-0.01629551
0.010549039
-0.016616939
-0.011014954
-0.015869203
-0.010866834
0.01574819
-0.010642281
0.016193491
0.01028765
0.01653028
0.011236467
-0.015325106
0.011141359
-0.011395802
-0.014650615
-0.011363935
0.014484263
-0.011240762
0.015181671
0.010963779
-0.014985951
0.010689959
-0.015562177
-0.014276868
-0.011012939
0.014027297
-0.010667141
0.014735599
0.010309813
0.015311502
0.00952625
-0.016595624
0.0091521153
-0.016749584
-0.0099113321
-0.016355392
-0.0095470693
0.016094197
-0.0090969101
0.01632215
0.0086960616
0.016458394
-0.016015225
0.0099443363
-0.010329953
-0.0099193362
0.015761083
0.0095100455
-0.015432083
0.0089773593
-0.015748491
-0.014994991
-0.0094031515
0.014612405
-0.0087761404
0.015028777
0.0083413629
0.015320276
-0.01595454
0.008151148
-0.016063171
-0.0085538847
-0.007913388
0.015496252
0.0075122097
0.015568345
-0.017274085
-0.015767981
-0.018145962
-0.016248267
0.015166797
0.015195292
0.014588099
0.016325291
-0.015307404
0.017299024
-0.015353729
-0.014685742
-0.01642107
-0.014130377
0.013841332
0.013099147
0.012945555
0.014398596
-0.013913199
0.015548408
-0.016411191
-0.01733046
-0.016031896
-0.018080286
0.015917152
0.015417808
0.014771193
0.016541133
-0.015510886
0.01737319
-0.01495034
0.0067767235
-0.014978657
-0.014812236
-0.0071722379
0.014225693
-0.0063323639
0.014322082
0.0059422504
0.014298412
-0.014551532
0.0076006564
-0.014162312
-0.0080362471
0.013643734
-0.0071851075
0.014001575
0.006755228
-0.01337755
0.005812379
-0.013565269
-0.013054818
-0.0062264089
0.012393218
-0.0051685575
0.012680303
0.0047785629
0.012829662
-0.013613683
0.0050119095
-0.013534225
-0.0053944818
-0.0043718169
0.012835157
0.0039835385
0.012689662
0.0091982015
-0.013640828
0.008458885
-0.0095910587
-0.012985503
-0.0088517822
0.012530864
-0.0079756605
0.013152773
0.0075972995
0.0099430283
-0.012198826
0.0092012737
-0.010242299
-0.011280109
-0.0095010156
0.010899365
-0.0085943648
0.011777836
0.0083112607
-0.011308339
0.0072707879
-0.012016226
-0.010474122
-0.0075284757
0.010009955
-0.0063029625
0.010786563
0.0060870043
0.011444581
0.002987547
-0.0097301046
0.0015483581
-0.0099456756
-0.0031549221
-0.0094064208
-0.0016370858
0.0086531824
0
0.0088750175
0
0.0089963409
-0.011987744
0.0028696701
-0.011779477
-0.01202609
-0.0032726739
0.011142049
-0.0021472974
0.0111001
0.001665789
0.010814221
-0.011903633
0.0036748292
-0.011653222
-0.0040209699
0.010838595
-0.002779024
0.011035835
0.0025223558
-0.010079357
0.0013029086
-0.01013987
-0.0014459008
0
0.0090294258
0
0.009015223
-0.010180135
0.0004496718
-0.0098832958
-0.0010913875
0
0.0090240102
0
0.0094864124
-0.015068087
-0.014465319
-0.013735166
0.013668861
0.012469057
0.012838218
0.013909957
-0.013763991
-0.012754491
-0.012889955
-0.011228592
0.011832821
0.010084204
0.010698579
0.011657257
-0.011872522
-0.0087967115
-0.010732996
-0.010608149
-0.0067827204
0.0095650043
0.0048902183
0.0079422391
0.0071394044
-0.0094074385
0.0091035322
-0.0043499194
-0.0082009755
0
0.005849914
0
0.0041977109
0.0022124142
-0.0061232336
-0.0016935467
-0.0046621543
-0.0036398611
0
0.0029593482
0
0.0019419711
0.0014021762
-0.0034532222
0.0030160977
-0.0057427842
-0.0079518628
-0.0077255901
0.0063498441
0.0050151198
0.0047744038
-0.0065573796
0.0066067697
-0.0041336098
-0.0052996292
-0.0057645628
-0.0025969223
0.0038431213
0.0022890722
0.0028136801
0.0036495189
-0.0041543031
0.0051273806
