FiniteElementSpace
FiniteElementCollection: ND_R2D_2D_P1
VDim: 1
Ordering: 0

0
0.15098876
0.089194863
0.1866724
0.12666865
0.12633877
0.09192952
0
0.16692527
0.06767549
0.18027081
0.1416948
0.17182001
0.17965986
0.14088611
0.14941934
0.1092114
0.10926546
0.14899235
0.081105247
0.12437227
0
0.052756526
0.079817431
0.099191685
0
0.033675937
0.066963333
0.067238148
0.099330746
0.16380915
0.16318
0.13123916
0.11412752
0.042198098
0.11305621
0.040993258
0.083684299
0.049412969
0.084076329
0.18524036
0.17375331
0.16950812
0.18100747
0.15443965
0.14793611
0.16314611
0.16918713
0.17316243
0.18491138
0.14753628
0.15374295
0.13522086
0.13962811
0.15788153
0.15983657
0.17496807
0.1417858
0.14163886
0.1595557
0.11919853
0.12159727
0.10026339
0.10033556
0.12157367
0.11912769
0.13919214
0.12961277
0.12073218
0.1394431
0.099428953
0.087891888
0.11005724
0.06375453
0.048744641
0.07479652
0.021860343
0
0.032214236
0.12020311
0.12868258
0.087244057
0.098238378
0.074754408
0.084794177
0.10738444
0.11442674
0.048108474
0.062453732
0
0.021036478
0
0.01684437
0.03787711
0.051551033
0.092446092
0.097622446
0.076098173
0.078922991
0.058733244
0.058877627
0.079051098
0.097832844
0.092776702
0.11430894
0.076468193
0.17712316
0.1584302
0.17680801
0.15807582
0.14623728
0.16615687
0.15034561
0.13013226
0.1104988
0.12996487
0.13398472
0.1038742
0.067724472
0.023452938
0.13352052
0.10327608
0.090608698
0.12092868
0.067048752
0.02294192
0.018379703
0.055730794
0.10542379
0.087761877
0.068473401
0.10552594
0.087967913
-0.022811877
0.012001942
-0.021770642
0.012031373
0.022923598
0.011869283
0.021828054
-0.012021551
0.02055063
-0.012159959
-0.02054669
-0.01219405
0.012299794
-0.019140383
0.012328238
0.012164207
0.019093887
-0.01229948
0.01746138
-0.012423102
-0.017553268
-0.012435183
0.028866511
0.012075083
0.02979328
0.027734668
-0.01221672
-0.026946846
-0.012132973
-0.028135207
0.012027896
-0.029109178
0.026396828
0.012318348
0.02485295
-0.012380481
-0.023916345
-0.012181399
-0.025541363
0.012184407
0.024677747
0.011927668
0.026147953
0.022973985
-0.011839228
-0.022069353
-0.011365085
-0.023841865
0.011555197
-0.025370003
0.027389211
0.011892004
0.028405783
-0.01194433
-0.011656001
-0.02665854
0.011672108
-0.02771206
0.025974921
0.011375385
0.027058809
0.024646962
-0.011277211
-0.024009929
-0.010818728
-0.025369728
0.011010983
-0.026477032
0.023071212
0.011079613
0.021246608
-0.010779021
-0.020537806
-0.010103136
-0.022397984
0.010516639
0.021839885
0.0098777245
0.023482826
0.019954114
-0.0093549902
-0.019479613
-0.0085380448
-0.021396887
0.0091663164
-0.023075465
0.024869768
0.010586568
0.025996646
-0.010290239
-0.0096929428
-0.024495131
0.010105673
-0.025643534
0.012534183
-0.015786812
0.012517526
0.012431165
0.015658708
-0.012567089
0.013691676
-0.012639589
-0.013843472
-0.012581247
0.012751799
-0.011723222
0.012634793
0.012717174
0.011570093
-0.012899393
0.0093044963
-0.01288815
-0.0094271031
-0.012695011
0.01308444
-0.0069486484
0.012788631
0.013135273
0.0069209684
-0.013458337
0.0044699848
-0.013397523
-0.0042920275
-0.012981524
0.013972046
-0.0014858765
0.013441194
0.013860362
0.002155389
-0.014294405
0
-0.014580758
0
-0.015381974
0.023104012
0.012405165
0.021149783
-0.01239554
-0.019989995
-0.012007936
-0.022068066
0.012123025
0.01898894
0.012357296
0.016610934
-0.012296323
-0.015064189
-0.011578532
-0.01766634
0.01183081
0.016370451
0.011078386
0.018835575
0.013599746
-0.010600589
-0.012420847
-0.0095024878
-0.015227654
0.010170232
-0.01776923
0.021030281
0.011674637
-0.011426167
-0.010686864
-0.020047421
0.011079363
0.013990176
0.012222396
0.011032503
-0.012130484
-0.0085974618
-0.010616297
-0.012102728
0.011210831
0.0073929093
0.011933676
0
-0.010110373
0
-0.007966336
-0.004131224
0.0094716556
0.003408146
0.0078086922
0.0069675859
0
-0.0064417299
0
-0.0051792236
-0.0030631437
0.0064612089
-0.0062194781
0.010472653
0.0099349259
-0.0089973117
-0.0076335668
-0.0093799626
0.0086574465
0.019173822
0.01036928
0.016858935
-0.0098430948
-0.016125665
-0.008939784
-0.018440952
0.0095781871
0.017845215
0.0087270793
0.015544481
-0.0080022708
-0.015061776
-0.0070343589
-0.017355799
0.0078236591
0.01691954
0.0068611777
0.019076893
0.014619536
-0.0060358835
-0.014155469
-0.0050067483
-0.016474645
0.0058342234
-0.018683881
0.024253267
0.0095596489
0.025439045
0.022781672
-0.0090162166
-0.022568947
-0.0082267031
-0.024136334
0.0089218155
-0.02539525
0.021044449
0.0083692726
-0.0076444983
-0.0066541359
-0.020734397
0.0074595612
