FiniteElementSpace
FiniteElementCollection: RT_R2D_2D_P0
VDim: 1
Ordering: 0

0.0031726381
0.0017995353
0.0039487384
0.001023435
-0.0042702464
0.0012507821
-0.0037214932
-0.0021844816
-0.0044692127
-0.0014367622
0.0033824872
-0.0020030134
0.004037752
0.0021024881
0.004889458
-0.0052950574
0.0014542982
-0.0046468675
-0.0023359101
-0.0054506991
-0.0015320785
0.0042370549
0.0023451576
0.0048910744
0.001691138
0.0015478462
-0.0046533878
-0.0021761706
-0.0050943241
-0.0017352343
0.0041579094
-0.0024683994
0.002334225
0.0040534236
0.0016632886
-0.0038261257
-0.004386479
-0.0019080461
0.0034218602
-0.0025396096
0.0050412247
0.0024891916
0.0060761181
-0.006751456
0.0015170658
-0.0057793302
-0.0023237362
-0.0066523796
-0.0014506869
0.0051908949
0.0064137848
0.0031036805
0.0080003995
-0.010522443
0
-0.0074187626
0
-0.0068019194
-0.00061684314
0.0062935064
0.00084670659
0.0061691372
0.00097107582
0
-0.0059552128
0
-0.0054873919
-0.00046782094
0.0053302607
-0.0013066975
0.0021256533
0.005768702
-0.0054978021
-0.0055372981
-0.0012672015
0.0048597328
0.0016603065
0.0049559579
0.0015640813
0.00087749322
-0.0047544848
-0.0010879261
-0.0045791863
-0.0012632246
0.0042239067
-0.0019952758
0.00059288898
0.0050456564
0
-0.0048945029
0
-0.0044413416
-0.00045316128
0.0044108916
0.00053679326
0.0040580403
0.00088964456
0
-0.0039045484
0
-0.0034393765
-0.00046517183
0.0034886994
-0.0010345127
0.0015331263
0.0041133744
0.0016436586
-0.0039357045
-0.0036541594
-0.0013160579
0.0034736649
-0.0019557674
0.0026707359
0.0039260991
0.002166497
0.0019800937
-0.0036958368
-0.0025994679
-0.0040300108
-0.0022652938
0.0032619006
-0.0029294923
0.002351198
0.0045290136
-0.0043072075
-0.0044244315
-0.0018780518
0.0038075976
0.0023386501
0.0039337155
0.0022125321
-0.00372944
-0.0036571111
-0.0020280963
0.0032633442
-0.0026984675
0.0023703933
0.0032122233
0.0024215143
0.0017377013
-0.0030244191
-0.0019523413
-0.0028181001
-0.0021586604
0.002585794
-0.0027850897
0.0023868288
0.002389819
0.0025828037
0.0017988384
-0.0022301097
-0.0019124356
-0.0019167014
-0.0022258438
0.0018037643
-0.0028118986
0.0015036266
0.0032395902
0.00092009766
-0.0030706305
-0.0010120768
-0.0027183875
-0.0013643198
0.0026515686
0.00052056092
0.0030891627
0
-0.0029188156
0
-0.0024445247
-0.00047429092
0.0025513768
0.00050242318
0.0021235089
0.00093029109
0
-0.0019421015
0
-0.0014793957
-0.00046270579
0.0016194274
-0.00096678729
0.0014753558
0.002328086
-0.0021733228
-0.0017747815
-0.0013653287
0.0017809791
0.0013909638
0.0013924537
0.0017794892
0.00088780555
-0.0012716232
-0.00085654462
-0.00085536629
-0.0012728016
0.00088898108
-0.0017762742
0.00045900262
0.0011906245
0
-0.0010203931
0
-0.00061150881
-0.00040888431
0.00074296416
0.00035967882
0.00035805725
0.00074458573
0
-0.00025182999
0
0
-0.00025182999
0
-0.00060988724
0.0011921662
0.00045943514
0.0016217121
-0.00040778584
0
-0.0010176731
0
-0.0014771082
0.0023262299
0.0014813703
0.0026486239
-0.0013699607
-0.00097074931
-0.0021754855
0.00093682736
-0.0027200285
0.0021272774
0.00050667297
0.0025574318
-0.00046518404
0
-0.0019422923
0
-0.0024489652
-0.00016581872
-0.00019106333
-2.520999e-05
-2.3876562e-06
-0.00021458571
-0.00023619414
-6.3501968e-05
-4.5722056e-05
0.00012031657
0.00010580963
0.00026909497
0.00028121189
0.00015869466
0.00013811994
0.00029688423
0.0003156059
-0.00025561943
-0.0002723924
-8.7926791e-05
-7.792288e-05
-0.00028537666
-0.00028909944
-8.5738339e-05
-9.1487759e-05
9.0318065e-05
9.7778746e-05
0.00026792691
0.00026005807
9.530561e-05
8.9765938e-05
0.00025791869
0.00026111946
0.00041796131
0.00041586991
0.00056321625
0.0005649096
0.0004185732
0.00042627274
0.00057315339
0.00056592268
0.00070181664
0.00070838571
0.00083155159
0.00082578234
0.00070120324
0.00069945049
0.00082398846
0.00082611052
0.00046667406
0.00044930259
0.00059388212
0.00061041615
0.00043510474
0.00042451047
0.00057078525
0.00058055351
0.00071639213
0.00070692118
0.00083203691
0.00084160588
0.00095527596
0.00094531615
0.0010459745
0.0010565283
0.0011445669
0.0011333008
0.0012066577
0.0012186645
0.00093892242
0.00093621545
0.0010355032
0.0010389382
0.00093727558
0.00094214213
0.001039608
0.00103572
0.001120594
0.0011234547
0.0011932636
0.00119145
0.0011255248
0.0011212828
0.0011930591
0.0011981223
0.0012562797
0.0012504502
0.0012932233
0.001299683
0.0012479602
0.0012487414
0.0012897667
0.0012899581
0.0013174888
0.0013164563
0.0013293145
0.0013308535
0.0013281765
0.0013213242
0.001334877
0.0013417562
0.0012781915
0.0012655104
0.0013094547
0.0013226427
0.001351665
0.0013382362
0.0013517524
0.0013650694
