FiniteElementSpace
FiniteElementCollection: RT_R2D_2D_P0
VDim: 1
Ordering: 0

-0.014315024
-0.0067811646
-0.016927033
-0.0041691554
0.018127727
-0.0046854608
0.016032023
0.0074266275
0.018420948
0.0050377026
-0.014817827
0.0071469086
-0.0076296825
-0.016775742
-0.0056717675
-0.005063022
0.015854287
0.0070789203
0.01711869
0.0058145172
-0.014397501
0.0081927579
-0.016831565
-0.0019365638
-0.015846767
-0.0029213624
0.01684437
0
0.014907806
0
0.013398432
0.001509374
-0.013765971
0.0035901694
-0.0017648572
-0.012560654
-0.0029701744
0
0.011633575
0
0.010108453
0.0015251216
-0.010681749
0.0034040268
-0.013918136
-0.0050972523
-0.013452269
-0.0055631199
0.014691277
0.012564199
0.011570776
0.0043974501
-0.01131682
0.0065328984
-0.012241897
-0.0090029585
-0.013774748
-0.0074701081
0.015235061
-0.006745586
0.012977689
0.0087617995
0.013938154
0.0078013341
-0.011588943
0.0099871385
-0.0078101273
-0.015462042
-0.0052571335
0.014565696
0.0066445356
0.01481954
0.0063906923
-0.013090935
-0.0078674811
-0.013372298
-0.0075861186
0.012515178
0.012160641
0.006887436
-0.011124889
0.0091348444
-0.0098605778
-0.012501521
-0.0089479998
0.011663695
0.011959664
0.0088388755
-0.010271861
0.011068536
-0.010449595
-0.010577702
-0.010143754
-0.0082300852
0.0097401543
0.0093202747
0.0094646583
0.0095957708
-0.0083605189
0.011812954
-0.0079345314
-0.010829335
-0.0058016371
0.010027747
0.0064084449
0.0092468322
0.0071893592
-0.0086984199
-0.0078060275
-0.0079395068
-0.0085649406
-0.005817276
0.0072580807
0.0060505265
0.006160017
0.0071485901
-0.0059439191
0.0091441779
-0.010698656
-0.0080699505
-0.010989225
0.0073309427
0.0065430804
0.0099320402
-0.0059286495
0.012073341
-0.0049451845
-0.010460368
-0.0030050611
0.0096306522
0.0032413009
0.0084357318
0.0044362213
-0.0084881442
-0.0016752003
-0.0093518881
0
0.0084332528
0
0.0069372269
0.0014960258
-0.0076066131
-0.0015456683
-0.0062395814
-0.0029127
0
0.0053915586
0
0.0040160115
0.0013755471
-0.0046654902
0.0029496382
-0.004698981
-0.0073698492
0.0066494509
0.005357448
0.0042416411
-0.0055609638
-0.0042065869
-0.0042875153
-0.0054800354
-0.002615622
0.0037664832
0.0024396769
0.0024906861
0.003715474
-0.0026848985
0.0053180908
-0.0013196627
-0.0033695309
0
0.0026963488
0
0.0015736767
0.001122672
-0.002052526
-0.00094392533
-0.00096588592
-0.0020305655
0
0.00062975138
0
0
0.00062975138
0
0.0015956373
-0.0033629123
-0.0013631857
-0.0046846251
0.0011583392
0
0.0027539765
0
0.0041171623
-0.010423404
-0.005058503
-0.011293551
-0.0084313573
0.0045510336
0.0084429813
0.0033283304
0.0096656845
-0.0030877729
0.011636415
-0.0072982859
-0.0048108477
0.0043417665
0.0030298415
0.0066300158
-0.0029978822
-0.0062916969
-0.001594146
-0.0076954332
0.0014227696
0
0.0055399319
0
0.0071340779
-0.0094804459
-0.0017208258
-0.010847393
0.0015433177
0
0.0086773956
0
0.010398221
-0.0072110576
-0.013601767
-0.0087830251
-0.0120298
0.0098622489
-0.011432595
0.0076930766
0.013756527
0.0087003859
0.012749218
-0.0065540252
0.014978218
-0.0076081252
-0.013229735
-0.0079247423
-0.012913118
0.0092300495
0.0069895387
0.0066444469
0.012418433
-0.0056314219
0.014711753
-0.015253722
-0.0076938483
-0.014113899
0.0063597817
0.0066677735
0.014403762
-0.0051855748
0.016912035
-0.0030315243
-0.012763468
-0.0018015086
-0.013993484
0.0034816627
0.0015655875
0
0.011963809
0
0.013765317
-0.0018833457
-0.0019793173
-0.0018843608
-0.0017971692
-0.0017126996
-0.0017927618
-0.0017087062
-0.0016334219
-0.0017384192
-0.0017349466
-0.0016846292
-0.0016834953
-0.0016429307
-0.0016484288
-0.0016252416
-0.001615731
-0.0015819839
-0.0016209256
-0.0015904207
-0.0015488692
-0.0013627033
-0.001471119
-0.0014119767
-0.0013057609
-0.0015623746
-0.0016352818
-0.0015741282
-0.001501738
-0.0014528541
-0.0015259217
-0.001490873
-0.0014164976
-0.0012577913
-0.0013632213
-0.0013261111
-0.0012203938
-0.0011948713
-0.0013015289
-0.0012900409
-0.0011822817
-0.0013930677
-0.0014688971
-0.0014596119
-0.0013826331
-0.0013848441
-0.0014622329
-0.0014754964
-0.0013988253
-0.0011833655
-0.001291811
-0.001306461
-0.0011983628
-0.0015287452
-0.0015726299
-0.0015664926
-0.0015208477
-0.0016008307
-0.0016138519
-0.0016128148
-0.0015969429
-0.0016024482
-0.0016203377
-0.0016342651
-0.0016153492
-0.0015240442
-0.0015705999
-0.0015831477
-0.0015367664
-0.0015569779
-0.0016019095
-0.0016242609
-0.0015821889
-0.001633262
-0.0016520678
-0.0016708794
-0.0016534375
-0.0016728122
-0.0016875387
-0.0016986409
-0.0016880619
-0.0016095175
-0.0016472301
-0.0016675654
-0.0016357714
-0.0012267545
-0.0013329083
-0.0013692903
-0.0012670671
-0.0014230828
-0.0014976006
-0.0015262154
-0.001455485
-0.0014933338
-0.0015585475
-0.0015914473
-0.0015335011
-0.0013168729
-0.001413022
-0.0014609691
-0.0013730012
-0.00063975362
-0.00079486908
-0.00077787349
-0.00062108209
-0.00092299007
-0.0010600877
-0.0010747913
-0.00093641098
-0.00061373365
-0.00077354835
-0.00078439026
-0.00062058681
-0.0010745253
-0.0012042332
-0.0012688221
-0.0011477216
