FiniteElementSpace
FiniteElementCollection: RT_R2D_2D_P0
VDim: 1
Ordering: 0

-0.010205788
-0.010105225
-0.010459732
-0.0098512802
0.011883483
-0.0079359088
0.0097141674
0.0091220033
0.0094284277
0.0094077429
-0.0082780396
0.011589435
-0.0087859074
-0.0077925012
-0.0080396716
-0.008538737
0.009431195
-0.0058567063
0.0074954001
0.0062196672
0.0064026855
0.0073123819
-0.0060892062
0.0092628473
-0.01061895
-0.0079745856
-0.010922404
0.0073482142
0.006571347
0.010039714
-0.0058844011
0.012129899
-0.0083064276
-0.0015976377
-0.0069181724
-0.0029858928
0.0078488973
0
0.0062512596
0
0.0047729466
0.0014783131
-0.0052926785
0.003103807
-0.0088337613
-0.0047516398
-0.0077286949
0.0089350339
0.0071692869
0.0058489929
0.004424101
-0.0059331287
-0.0045056178
-0.0046255776
-0.0058131689
-0.0028622861
0.0042056612
0.0027661993
0.0028304236
0.0041414369
-0.0029637218
0.0058032927
-0.0014674496
-0.003897842
0
0.003305497
0
0.0019924
0.001313097
-0.0024447397
-0.0011625854
-0.00118485
-0.002422475
0
0.00082981461
0
0
0.00082981461
0
0.0020146646
-0.0038963065
-0.001529973
-0.0053300553
0.0013565921
0
0.0033712567
0
0.0049012297
-0.010706572
-0.0050313766
-0.011559596
-0.0087564032
0.0046211787
0.008971058
0.0034003147
0.010191922
-0.0031036534
0.012119645
-0.0076251091
-0.0049579121
0.0045907452
0.0032373863
0.0071566516
-0.0031435057
-0.0070109175
-0.0016890254
-0.0084653977
0.0015565241
0
0.0064577538
0
0.0081467792
-0.01026075
-0.0017417664
-0.011622637
0.0016049621
0
0.0097517414
0
0.011493508
-0.005293373
-0.014088319
-0.007299659
-0.012082033
0.0082117495
-0.011993478
0.0061169085
0.014971968
0.0077339774
0.013354899
-0.0051693079
0.01548525
-0.016594657
-0.0070653981
-0.014698566
-0.014202683
0.0053420039
0.017001767
0.0065897077
0.015754063
-0.0044957558
0.018323706
-0.0072221278
-0.0134408
-0.0086694496
0.0097890109
-0.011234563
0.0075827735
0.013597119
0.0084843007
0.012695592
-0.0063930734
-0.0088665336
-0.012071183
-0.0097031541
0.011023603
0.0088036996
0.0090599154
0.011333219
-0.0074392547
-0.013133484
-0.0076979719
-0.012874767
0.0068488362
0.0064968488
0.012481886
-0.0054382619
0.014741596
-0.015227258
-0.0074176482
0.0061318094
0.0063876051
0.014485801
-0.0049016818
-0.016425238
-0.0051298921
-0.016197027
-0.014094365
0.0040567328
0.015172792
0.0034534392
0.015776086
-0.0027067248
0.018199253
-0.013651133
-0.0049950299
0.0044053117
0.0034235921
0.013101365
-0.0029236027
-0.013491041
-0.0017480867
-0.014666557
0.0015551883
0
0.013048696
0
0.014796783
-0.016668378
-0.0018234781
-0.017551625
0.0014516179
0
0.016248401
0
0.018071879
-0.019024434
-0.0061694725
-0.017350718
0.0037623007
0.0038768472
0.018084706
-0.0026977474
0.021556431
-0.020056921
-0.0024169127
-0.020337755
0.0013715515
0
0.01944343
0
0.021860343
-0.0028496126
-0.0029462393
-0.0030757211
-0.0029791854
-0.0032715276
-0.0033415237
-0.0034358443
-0.0033656575
-0.0030914474
-0.0031879042
-0.0032819603
-0.0031855547
-0.0034645517
-0.0034757908
-0.0035718875
-0.0035600804
-0.0033972767
-0.0034383647
-0.0035333978
-0.0034919035
-0.0035678388
-0.0036097511
-0.0036669989
-0.0036246571
-0.003636938
-0.0036493275
-0.0037076817
-0.0036947004
-0.0037330907
-0.0037466616
-0.0037660974
-0.0037519866
-0.0036621029
-0.0037048808
-0.0037233059
-0.003680105
-0.0032608394
-0.0033572483
-0.0034133079
-0.003316832
-0.0034410544
-0.00351146
-0.0035679341
-0.0034972765
-0.0035340644
-0.0036050161
-0.003622639
-0.0035513562
-0.0033532525
-0.0034498768
-0.0034668839
-0.0033700282
-0.0020593705
-0.0022092954
-0.0023412005
-0.0021921387
-0.0023076386
-0.0024557865
-0.0025519602
-0.0024046587
-0.0023539066
-0.0024916731
-0.0026222875
-0.0024851043
-0.0026211196
-0.0027408599
-0.0028706567
-0.0027512682
-0.0028640775
-0.0029831319
-0.0030774085
-0.0029586452
-0.0025989597
-0.0027355577
-0.0028305309
-0.0026944657
-0.0027708032
-0.0029064532
-0.0029627732
-0.0028273929
-0.003034249
-0.0031528023
-0.0032088168
-0.0030903774
-0.003126719
-0.0032451656
-0.0032617584
-0.0031431831
-0.0028638928
-0.0029991748
-0.0030155508
-0.0028802212
-0.0024821598
-0.0026288227
-0.0026857221
-0.0025393764
-0.0025759678
-0.00272233
-0.0027385987
-0.0025920776
