FiniteElementSpace
FiniteElementCollection: RT_R2D_2D_P0
VDim: 1
Ordering: 0

0.00054611585
0.0020134672
0.0012751841
0.001284399
-0.0016478021
0.0014806823
-0.0011150172
-0.0024927477
-0.0018321192
-0.0017756457
0.00073934711
-0.0023114826
0.0028205337
0.0014816686
0.0020782122
0.002254001
-0.0012655865
-0.0033180408
-0.0019925683
-0.002591059
0.00091834747
-0.0031543801
0.00095583067
0.0020481707
0.00019205896
0.00045824906
-0.001813901
-0.0015869486
-0.0025740721
-0.00082677753
0.0015489654
-0.0013259828
0.0012452056
0.0028651688
0.00072950122
-0.0026386757
-0.0018417659
-0.0034170221
-0.0010634196
0.0023416398
0.0021585793
0.0030750649
0.0014251541
0.0015899356
-0.0028483784
-0.0026130713
-0.0035180717
-0.001943378
0.0025117953
-0.0025066476
0.001948913
0.0022912622
0.0012066162
-0.0020503132
-0.00275359
-0.0018033709
0.0017720475
-0.0023225855
0.0028749579
0.0024593193
0.0021876861
0.0023187369
-0.0021973691
-0.0033100546
-0.0028030978
-0.0027043258
0.0019105131
-0.003253132
0.0029468161
0.0031398745
0.0023324978
-0.0029037534
-0.0032137238
-0.0034093436
-0.0027081337
0.0025379536
0.0035780344
0.0030193809
0.0030966071
0.0029312664
-0.0027625755
-0.0036413047
-0.0030777246
-0.0033261557
0.0023821302
-0.0039634064
0.0036907644
0.0025113102
0.0030899673
-0.0022089405
-0.0026841924
-0.0034881545
0.001920197
-0.0040792677
0.0037171657
0.001703325
0.0029321881
0.0030976185
-0.0013730211
-0.0042746416
-0.0021414498
-0.0035062128
0.0010894715
-0.0041200664
0.0048049695
0.0019783779
0.0039160632
0.0040838849
-0.0014203652
-0.0054823402
-0.0022859991
-0.0046167063
0.0012504948
-0.0053445893
0.0062918039
0.0023886714
0.0051536273
0.0053301464
-0.0013243416
-0.0071317437
-0.0023415957
-0.0061144896
0.0013265365
-0.0071766245
0.0088197253
0.0031991473
0.0069471144
0.0070537765
-0.00057564686
-0.0080614975
0
-0.0086371444
0
-0.011836292
0.0015674416
0.0037701285
0.001008072
-0.0035606968
-0.0020974775
-0.0043857516
-0.0012724226
0.0032007852
0.0019547836
0.0048627747
0.0012822947
-0.0046721005
-0.0023487622
-0.0055925364
-0.0014283263
0.0041936236
0.0024142263
0.0049348442
0.0016730056
0.001590419
-0.0047687291
-0.0023709332
-0.0052825392
-0.0018571231
0.0041847122
-0.002607255
0.0023238409
0.0039346905
-0.0037349164
-0.0043601475
-0.0019820239
0.0033036431
0.0024747789
0.0063461115
0.0014504286
-0.0061522742
-0.0024732581
-0.0072008902
-0.0014246422
0.0054219915
0.0033459952
0.008842681
0
-0.0084902965
0
-0.0078406789
-0.00064961761
0.0070190405
0.00094296075
0.0069090384
0.0010529629
0
-0.0068977182
0
-0.0063488737
-0.00054884447
0.0059846519
-0.001473231
0.0022783632
0.0061099357
-0.0059754898
-0.0060361027
-0.0014126182
0.0051516207
0.0028835702
0.0038547155
0.0021836377
-0.003660215
-0.0029120051
-0.0040254385
-0.0025467815
0.0031877732
0.0032641276
0.0035206344
0.0025613181
-0.003322629
-0.0030919149
-0.0034497491
-0.0029647948
0.0028441246
0.0034918625
0.0029675492
0.003368438
0.002811968
-0.0027698545
-0.0031573361
-0.0027056384
-0.0032215522
0.0023030087
-0.0038860926
0.0043617072
0.0024072123
0.0038746919
0.0037235044
-0.0020459896
-0.0044323328
-0.0023603514
-0.0041179709
0.0017559211
-0.0047692621
0.0040325039
0.0026911297
-0.0024136586
-0.0025322758
-0.0037674754
0.0020262724
-0.00022584484
-9.6072668e-05
-0.00015954327
-0.00028999924
-0.00035184688
-0.00022053819
-0.00027879851
-0.00041120131
-0.00037736383
-0.00044149499
-0.00061308987
-0.00054968489
-0.0005034538
-0.00056313813
-0.00073381127
-0.00067446654
-0.00084459153
-0.00090363415
-0.0010708933
-0.0010122642
-0.00072121262
-0.00078381475
-0.00095220428
-0.00089054879
-0.0010561598
-0.0011166425
-0.0012754215
-0.0012164174
-0.0011757499
-0.0012336819
-0.0013900421
-0.0013332323
-0.0014829264
-0.0015381234
-0.0016763013
-0.0016231825
-0.0013696562
-0.0014268211
-0.0015691919
-0.0015142379
-0.000467893
-0.00033406959
-0.00038609467
-0.00052177408
-0.00057271
-0.00043459389
-0.00047922883
-0.00062057723
-0.00066523994
-0.00051952228
-0.00055465449
-0.00070647973
-0.00074368799
-0.00058284144
-0.00060059431
-0.00077218733
-0.00062048225
-0.00067546987
-0.00084671642
-0.00079117997
-0.00072815583
-0.00077870823
-0.00095364626
-0.00090070113
-0.0010726832
-0.0011279375
-0.0012977195
-0.0012411985
-0.00096111306
-0.0010173113
-0.0011849445
-0.0011283371
-0.00082750429
-0.0008753788
-0.0010610049
-0.0010064875
-0.00092449063
-0.00098431156
-0.0011882266
-0.0011206546
-0.0013046984
-0.0013692095
-0.0015346143
-0.0014740592
-0.0011841457
-0.001242742
-0.0014140276
-0.0013551855
-0.0012906988
-0.0013471177
-0.0015015271
-0.0014460682
-0.0015925529
-0.001646311
-0.001780078
-0.0017286039
-0.0018530153
-0.0019018141
-0.0020108145
-0.0019649021
-0.0016486096
-0.0017010223
-0.001820994
-0.0017713558
-0.0017525533
-0.0018032267
-0.001917848
-0.0018698421
