FiniteElementSpace
FiniteElementCollection: ND_R2D_2D_P1
VDim: 1
Ordering: 0

0
0
0.50432451
0.26442453
0.40584276
0.64508164
0.42280402
0
0.1193012
0
0.56069411
0.046105186
0.20394081
0.61115524
0.61437088
0.4876122
0.33822398
0.49107662
0.46279144
0.58495363
0.47175021
0.50642722
0.18887841
0.079283759
0.08034408
0.19106489
0.018700426
0.018958059
0
0.053974826
0.3087474
0.24835173
0.40603422
0.16095498
0
0.09786442
0
0.16296762
0
0.65898863
0.54138754
0.41857849
0.5479626
0.5559164
0.1327946
0.033998531
0.03494822
0.36200856
0.25071257
0.07510213
0.12360913
0.12954224
0.64129047
0.59175774
0.59344003
0.64285639
0.58202929
0.51981012
0.52947799
0.45952004
0.38236234
0.3759435
0.45325735
0.63606786
0.58696375
0.57246018
0.62104367
0.53122763
0.52494425
0.43911012
0.51076473
0.48908763
0.55030985
0.49359425
0.51929145
0.57642152
0.45228494
0.46956708
0.53675985
0.22856626
0.1620689
0.16304384
0.22982165
0.10623787
0.062702126
0.063125538
0.10692358
0.10034207
0.1561662
0.055974337
0.026246928
0.03175662
0.057118776
0.044603005
0.086397719
0.031974102
0.026791378
0.0084214261
0
0.016140295
0
0.025550967
0.41746257
0.3889857
0.46058472
0.3615268
0.33941623
0.2975964
0.28275144
0.22293421
0.14133191
0.20782818
0.18446054
0.25988032
0.11845276
0.087419237
0.15274922
0.065031561
0
0.036222059
0
0.048042488
0.22926636
0.11239729
0.19137426
0
0.062441305
0.14701013
0
0.097923921
0
0.065958626
0.15023595
0.61687637
0.55495828
0.41624062
0.60364662
0.55835845
0.48080231
0.52977396
0.5340364
0.49339695
0.19395665
0.083196415
0.1298534
0.042894798
0.070621339
0.043487352
0.011908531
0.020446137
0.43758615
0.38760559
0.32752248
0.18009005
0.23145575
0.13358829
0.10106411
0.030408492
0.041403653
0.16811612
0.053509127
0.069037461
0.071168713
-0.018915382
0.0054043868
-0.018447934
0.0049499071
0.018539033
0.005777763
0.018102166
-0.0058934048
0.01754011
-0.0054733732
-0.01786003
-0.0049693345
-0.018200385
0.0060376325
-0.017807219
0.017917774
0.0061557941
0.017578213
-0.0063521502
0.017100486
-0.0061959014
-0.017283114
-0.015807459
0.0067548785
-0.014844337
0.006300602
0.015696963
0.0070410267
0.014760555
-0.0072900892
0.013666601
-0.0069628169
-0.013727081
-0.0064558163
-0.018612891
0.0043734121
-0.017899733
0.003752923
0.018225451
0.0049842085
0.017501681
-0.0049973632
0.016644431
-0.0043193104
-0.017057563
-0.0036309615
0.0055454687
-0.017142596
0.0060188378
0.016843527
-0.0061544633
0.016004939
-0.0056228874
-0.016287082
0.0057067472
-0.015287081
0.0050119089
0.015017987
0.013880242
-0.005798977
-0.014136503
-0.0050296873
0.0042590048
-0.016078753
0.0034947659
0.015645673
0.014499493
-0.0041961781
-0.014955879
-0.0033480513
0.018080895
0.002624994
0.019177648
0.016837236
-0.0023872826
-0.016065148
-0.0013980904
-0.017386454
0.0017275203
-0.018562469
0.01671619
0.00084408652
0.017949918
0.015340901
-0.00042656125
-0.014680509
0.00048177975
-0.016085657
1.2907154e-05
-0.017358044
-0.013849415
0.0073678447
-0.012602431
0.0076403049
0.013961031
0.0068858995
0.01269116
-0.0071608992
0.011256992
-0.0076503682
-0.011191606
-0.0079191859
-0.011292317
0.0066751048
-0.0096843334
0.0074033271
0.011279664
0.005728145
0.0096538694
-0.0058779772
0.0079038458
-0.0068605652
-0.0079446841
-0.0076149052
0.0079054443
-0.0096284688
0.0081762234
0.0096717032
0.007948916
-0.0081324978
-0.0079254986
-0.0084090975
-0.011205669
0.0045710922
-0.0095731968
0.011067861
0.0032172948
0.0094426263
-0.0032816695
0.0077061448
-0.0046793284
-0.0078233598
0.0083340066
-0.0060952682
0.0086177216
0.0077991829
0.0061039449
-0.0079624814
0.0041515414
-0.0085130832
-0.0041538465
-0.0088059799
0.0070194926
-0.0060884119
0.0060038388
0.0060450674
-0.0061128043
0.0040945344
-0.0071581178
-0.0041332377
0.0072848617
-0.002096444
0.0081103863
0.0062121069
0.0020726496
-0.0063107012
0
-0.007406909
0
-0.0082525247
0.0086773627
-0.0021152342
0.0089767988
0.002111105
0
-0.0088320122
0
-0.0091392956
0.0041330697
-0.013683088
0.0031942279
0.0050541144
0.013199302
-0.0050858486
0.011742884
-0.0040740056
-0.01225301
-0.0030354896
0.0058991264
-0.012833742
0.0066199526
0.012589778
-0.0067890908
0.011152078
-0.0060097263
-0.011376144
0.0071753369
-0.0124587
0.0075403812
0.012417052
-0.007784931
0.011019347
-0.0073894848
-0.011042447
-0.011051579
0.0082134565
-0.0095149137
0.0080190746
0.011116416
0.0095705215
0.0078849367
-0.0084428621
-0.0078414305
-0.0082366515
0.0075979817
-0.0094895421
0.0069625906
0.0094800066
0.0078098287
-0.007797158
-0.0078079422
-0.0071320191
0.0079798846
-0.0060108109
0.007293884
0.0084357032
0.0060164866
-0.0086163176
0.0041091919
-0.0081456304
-0.0041041745
-0.0074386155
0.0086509365
-0.0060411407
0.0060717581
0.0041423727
-0.0088382608
-0.004126069
0.0090107926
-0.002106256
0.0087799102
0.002113904
0
-0.0091715236
0
-0.0089350149
0.0082966978
-0.0020960215
0.0075684097
0.0021005126
0
-0.008436043
0
-0.007689388
-0.0080203607
0.0063844163
-0.0061507348
0.005263555
0.007864436
0.0060422723
0.0041217651
-0.0065075239
-0.0041805216
-0.0053500652
0.0066111278
-0.0021329865
0.0054349925
0.0021050151
0
-0.0067051834
0
-0.0054951674
-0.0047969303
0.0040078319
-0.0024367823
0.0022689508
0.0043466783
0.002196982
0
-0.0040611183
0
-0.0022726003
0.0033216162
0.00023867005
0.0059339029
0
0.0004531537
0
0.002251755
-0.0024113347
-0.0016356726
-0.0048862884
