FiniteElementSpace
FiniteElementCollection: RT_R2D_2D_P0
VDim: 1
Ordering: 0

0.0033218527
0.0027005041
0.0034473927
0.0025749641
-0.003824404
0.0020608837
-0.0031847837
-0.0024815578
-0.0031354856
-0.0025308559
0.0027859608
-0.0031922879
0.0028990325
0.0021633816
0.0026967818
0.0023656323
-0.0030617245
0.0015893245
-0.0024876675
-0.0017683226
-0.0021664332
-0.002089557
0.0020937682
-0.0026925705
0.0030008719
0.0027219216
0.0030649111
-0.002500246
-0.0022709423
-0.0029218742
0.0020609001
-0.0035828956
0.0025068417
0.00041932016
0.0021388004
0.00078736147
-0.0022711613
0
-0.0018518412
0
-0.001453265
-0.00039857621
0.0016799939
-0.00085738265
0.0028190578
0.0012870546
0.0025167879
-0.0027839378
-0.0022842447
-0.001909556
-0.0012320713
0.0019805365
0.0013174896
0.0015801909
0.0017178352
0.00082079791
-0.0014128644
-0.0008362206
-0.00097842075
-0.0012706642
0.00104328
-0.0018075751
0.0004153696
0.0012745656
0
-0.0010378954
0
-0.00064869406
-0.00038920133
0.00082754633
0.00036591436
0.0004166047
0.00077685599
0
-0.0002827797
0
0
-0.0002827797
0
-0.0006993844
0.001269706
0.00055240067
0.0017605854
-0.0004855707
0
-0.0011849551
0
-0.0017373558
0.0032763065
0.0017874616
0.003549745
0.0026469532
-0.001641589
-0.0028568444
-0.0012269755
-0.0032714578
0.0011369819
-0.0039219375
0.0022884636
0.0017352787
-0.0015958048
-0.0011490968
-0.0022542831
0.0011327174
0.0023398356
0.00061970001
0.002852853
-0.00056984657
0
-0.0023072023
0
-0.0029269024
0.003482205
0.00064653435
0.0039726526
-0.00059762347
0
-0.0035245258
0
-0.0041710602
0.0017034717
0.0037781891
0.0023840423
0.0030976185
-0.0026824434
0.0031077057
-0.0020119599
-0.0041555902
-0.0025902715
-0.0035772787
0.0016866794
-0.0042746416
0.0047733223
0.0023761168
0.0040838849
0.0039917365
-0.0018086858
-0.0051057623
-0.0022914666
-0.0046229815
0.0015167581
-0.0054823402
0.0023704639
0.0036177197
0.0028804779
-0.0032145848
0.0029326294
-0.0025294944
-0.0037707545
-0.0028701352
-0.0034301138
0.0021550015
0.0029147089
0.0032458972
0.0032279767
-0.0035995226
-0.0029285895
-0.0030535135
-0.0030673639
0.0025245861
0.0037557176
0.0026492028
0.0036311009
-0.002362707
-0.0022724106
-0.003673192
0.0019208715
-0.0044015232
0.0043830935
0.0025463585
-0.0021181426
-0.0022413989
-0.0042782668
0.001718863
0.0051436935
0.0018330138
0.0050295427
0.0043683923
-0.0014660978
-0.0049656351
-0.0012644605
-0.0051672724
0.0010010724
-0.0059992137
0.0042357306
0.0017882099
-0.001586425
-0.0012485383
-0.0042598242
0.001082399
0.0046340392
0.00065399249
0.0050624457
-0.00058715179
0
-0.004758212
0
-0.0054122045
0.005773738
0.00068275727
0.0060920531
-0.00055316812
0
-0.0059653726
0
-0.0066481298
0.0059859493
0.002172561
0.0053301464
-0.00133506
-0.0014091698
-0.0059251039
0.00096592126
-0.0071317437
0.0069810308
0.00089317557
0.0070537765
-0.00052019213
0
-0.007168322
0
-0.0080614975
0.00046526245
0.00054837215
0.00050264954
0.0004196656
0.00053497113
0.00059665009
0.000562001
0.00050042646
0.00037934615
0.00046235342
0.00042780961
0.00034466186
0.00071151357
0.00072533781
0.00068983979
0.0006762476
0.0006468978
0.00068529511
0.00065025966
0.00061207577
0.0005836328
0.00062171017
0.00059984402
0.00056177193
0.00064754963
0.00066095272
0.00063887965
0.00062561938
0.00061065622
0.0006238393
0.0006160897
0.00060284555
0.00054666906
0.00058484202
0.00057685288
0.0005384655
0.00031593978
0.00039931415
0.00037712685
0.00029347325
0.00047203159
0.00053361545
0.0005117087
0.00045002218
0.00043459571
0.00049646441
0.00048802701
0.00042590796
0.0002775105
0.00036146764
0.00035250768
0.00026824731
-0.0002029009
-7.565359e-05
-0.00012440411
-0.000253174
-0.00029942945
-0.0001687642
-0.00020822526
-0.00034120027
4.6520028e-05
0.00016258639
0.00011597225
-1.0044902e-06
0.00027161694
0.00037276853
0.00032708868
0.00022560926
0.00018460341
0.00028654845
0.00025153636
0.00014902425
-4.3872137e-05
7.4208129e-05
3.775504e-05
-8.1586937e-05
-0.00011359899
7.090173e-06
-1.7308094e-05
-0.00013930493
0.00011928588
0.00022241966
0.00019953277
9.5783524e-05
7.8869687e-05
0.00018316729
0.0001735525
6.8830299e-05
-0.00015809091
-3.4986536e-05
-4.556881e-05
-0.00016941078
-0.00037785776
-0.00024216591
-0.00026981666
-0.00040847188
-0.00043167755
-0.00029028428
-0.00030269714
-0.00044590174
