FiniteElementSpace
FiniteElementCollection: RT_R2D_2D_P0
VDim: 1
Ordering: 0

-0.0052181274
0.00053733862
-0.007101337
0.0024205482
0.0072371078
0.001318249
0.0064561974
0.0026941956
0.0084144163
0.00073597667
-0.0061628391
0.0016744746
-0.0054111403
-0.0085215483
-0.0030524311
-0.0039876029
0.0069908789
0.0091095214
0.0093427844
0.0067576159
-0.006881786
0.0083973782
-0.0064427094
-0.0092873296
-0.0064316418
-0.0092983972
0.0070564934
-0.0072435574
0.0050127213
0.0090990931
0.0040643715
0.010047443
-0.0038470911
0.012631994
-0.0058021536
-0.0066491158
-0.005207712
0.0059098347
-0.0050730232
0.0043337422
0.0061227271
0.0032795191
0.0071769502
-0.0032855691
-0.011717178
-0.0023840931
-0.013180176
-0.0094951998
0.0018423933
0.010062025
0
0.011904418
0
0.014288512
-0.012982015
-0.010062692
-0.0098011087
-0.010312524
0.0066732933
0.016856584
0.0094260424
0.014103835
-0.0068103778
0.017356149
-0.0069165746
-0.012004055
-0.0086081064
0.0084267114
0.0057210534
0.0054041541
0.012948893
-0.0047004156
-0.01635859
-0.0036264376
-0.017432568
0.00222574
0
0.016514252
0
0.020140689
-0.023738402
-0.012082846
-0.018465933
0.0031202086
0
0.023260898
0
0.035343744
0.0049400174
0.00012457684
0.0072359888
0.0053637846
0.0012507073
-0.0023740358
0.0039163443
-0.0050396727
0.00053140519
-0.0046328444
0.0022687854
-0.0061474304
0.0030002509
0.0076659127
0.00035961028
0.011070759
-0.0030452356
-0.0054762306
-9.8804687e-05
-0.0082499284
0.0026748931
0.00093498437
0.01003697
0.0019575971
0.012429064
-0.00043449723
-0.0074490821
0.00036634902
-0.0013490645
-0.014150424
0.00031682814
0.015690256
0.003399785
0.020072286
-0.00098224512
-0.012808569
-0.0070010951
-0.025783856
0
0.028342649
0
0.028251324
9.1325525e-05
-0.022475397
-0.0013849462
-0.023653217
-0.00020712589
0
0.026866378
0
0.02619899
0.00066738738
-0.022290735
0.0020298692
-0.0021336777
-0.015877231
0.018145734
0.019536149
0.00063945433
-0.014559088
-0.0027309189
-0.01589526
-0.0013947474
-0.0014985381
0.018303768
0.0027178928
0.018460637
0.0025610238
-0.014794284
0.0036619998
-0.0013850044
-0.022177202
0
0.024813986
0
0.023495879
0.0013181068
-0.020777416
-0.0018338374
-0.019829539
-0.0027817144
0
0.021662042
0
0.019740698
0.0019213434
-0.018054035
0.0036968472
-0.0041305796
-0.015081994
-0.0038428696
0.017111772
0.016418956
0.0043896628
-0.01381081
0.0056608463
-0.0086539801
-0.0048255363
-0.0098146359
-0.0036648806
0.012668683
0.011686016
0.012042435
0.0053044277
-0.0089390215
0.0061800421
-0.0073001555
-0.0093389387
-0.0069002384
-0.0061172581
0.010859537
0.0075318967
0.010460488
0.0079309462
-0.0082475511
0.0090223338
-0.0055991325
-0.013292684
-0.0039129502
0.014732774
0.0045791024
0.013365453
0.0059464236
-0.011707211
-0.0023034977
-0.016444582
0
0.017437201
0
0.015030163
0.0024070379
-0.014272518
-0.0026524815
-0.012158743
-0.0047662563
0
0.012377681
0
0.0096837505
0.0026939306
-0.0097001901
0.0051524837
-0.0086042052
-0.0074717876
-0.0068567213
-0.0092192715
0.009439281
-0.0051736156
0.007141109
0.0051838037
0.0049048552
0.0074200575
-0.00466451
0.0096122688
-0.0027641591
-0.0072907336
0
0.0069195914
0
0.0042696058
0.0026499856
-0.0047569155
-0.0024374585
-0.0023628781
-0.004831496
0
0.0018321473
0
0
0.0018321473
0
0.0041950253
-0.0072673184
-0.0024610706
-0.0094707577
0.0024690328
0
0.0066640581
0
0.0091251287
0.00024653371
-9.7644164e-05
-0.00015608086
0.00023940754
0.00022017424
-0.00022857642
-0.00031818694
0.00018718104
-0.0022539457
-0.0028472031
-0.0031942768
-0.0025786117
-0.0034128365
-0.0039441351
-0.0043028064
-0.0037701233
-0.0029443448
-0.0035628231
-0.0039380616
-0.0033373178
0.00013807934
-0.00043050995
-0.00057720969
6.8071276e-05
-0.001029154
-0.0016429818
-0.0019282757
-0.0012534909
-0.001560508
-0.0022771281
-0.0026822774
-0.0019667145
-3.1810937e-05
-0.00079810902
-0.0011750444
-0.00026614313
0.00057600795
0.00061645419
0.001006333
0.00092194416
0.00064614639
0.00066455923
0.0011466102
0.001080975
0.0015303719
0.001642277
0.0021430641
0.0019876306
0.0006718633
0.00067004516
0.0012668535
0.0012061431
0.00066238064
0.00072959218
0.0015520978
0.0013564003
0.0020364098
0.002272359
0.0029233423
0.0026753978
0.0017525995
0.0018741883
0.0024711385
0.0022998465
0.0028361341
0.0030430663
0.0035824551
0.0033518134
0.0032700659
0.0035180777
0.0040620453
0.0038202855
0.0043258141
0.0045573968
0.0050046266
0.0047859946
0.0038398437
0.0040849882
0.0045476322
0.0042950547
0.0033356496
0.0035908363
0.0040306932
0.003754601
0.0041485763
0.0044397573
0.0048137822
0.0045127783
0.004713443
0.0049680017
0.0053439778
0.0050917455
0.0051998892
0.0054035166
0.0057533646
0.0055663484
0.0058843703
0.0060535924
0.0063037442
0.0061531274
0.0059617674
0.0061897056
0.0063739922
0.0061576627
0.0063720945
0.0065036884
0.0066537298
0.0065411519
0.006660657
0.0067547423
0.0068083304
0.0067315078
0.0063047369
0.0065087327
0.0065941905
0.0064026511
