FiniteElementSpace
FiniteElementCollection: ND_2D_P1
VDim: 1
Ordering: 0

0.013093942
0.013297092
0.012889377
0.013532074
-0.013086802
0.012737398
-0.012706971
-0.012474483
-0.012037312
-0.013183901
0.012364807
-0.013598311
0.013184239
0.013431396
0.013353993
0.01298903
-0.0131216
-0.013100012
-0.012733504
-0.01369945
0.013159473
-0.013473367
0.01344953
0.012205302
0.014023174
0.011088301
-0.013291517
-0.013660352
-0.013650992
-0.012912411
0.014209186
-0.012017585
0.013932543
0.0096546985
0.014921006
0.007929699
-0.013662191
-0.014443427
-0.014830373
-0.010800216
0.015509306
-0.0092822539
0.0130798
0.011868057
0.012531224
-0.013046164
0.010708846
-0.012335134
-0.010262068
-0.011410048
-0.01149184
0.011728088
0.011142689
0.010696083
0.012224313
0.0098568655
-0.01029833
-0.0094621997
-0.0090283669
-0.010791714
0.0094636484
-0.011958972
0.011959666
0.015696373
0.010646577
0.0129589
-0.014820097
-0.013904659
-0.014411868
-0.013129723
0.015486689
-0.012020317
0.013626382
0.014003516
0.013958322
-0.013260342
-0.014422844
-0.012484605
-0.014333003
0.013401837
0.015013075
0.012393611
0.014848255
0.014836625
-0.011314983
-0.015152598
-0.0097329015
-0.015635413
0.010950387
-0.015782921
0.014312714
0.01488855
0.013408453
-0.013602499
-0.012376213
-0.015521013
0.01391061
-0.014829384
0.01396373
0.012601307
0.013660776
-0.012028812
-0.013691464
-0.010995977
-0.014198301
0.011681049
0.013072572
0.011534194
-0.011098558
-0.0099159365
-0.012935001
0.010416255
0.012738701
0.0090371311
0.013654863
0.011648692
-0.008521137
-0.011265776
-0.0069542898
-0.012450607
0.0074346692
-0.013509987
0.014367394
0.010400437
-0.0096503397
-0.008019647
-0.014422201
0.0087648747
0.014303608
0.0068047088
0.015291676
0.013216369
-0.0061541602
-0.012744358
-0.0041315296
-0.013957388
0.0046003273
-0.015153636
0.012042181
0.0056616277
0.010788086
-0.0052642111
-0.010202048
-0.0035057312
-0.011495232
0.0037842152
0.010805929
0.0018745916
0.012085037
0.0095040219
-0.0017343499
-0.0086995077
0
-0.0099849476
0
-0.01125374
0.013357202
0.0022831524
0.014663528
-0.0020482575
0
-0.012519152
0
-0.013822351
0.016137916
0.0090039925
0.01669315
-0.0077089335
-0.0052858372
-0.016354052
0.0063789871
-0.017527473
0.01608648
0.0032238817
0.017772904
-0.0026331243
0
-0.015257819
0
-0.017043721
