FiniteElementSpace
FiniteElementCollection: ND_2D_P1
VDim: 1
Ordering: 0

-0.031403576
-0.029327248
-0.031300686
-0.030472356
0.031399819
-0.028006982
0.031272108
0.027414542
0.030826318
0.028880869
-0.0309084
0.030146179
-0.028351035
-0.030221714
-0.029743553
-0.026732182
0.030058075
0.025993112
0.028973046
0.027763201
-0.029241843
0.029285804
-0.031181533
-0.030911697
-0.03062441
-0.031855858
0.031033551
0.03041612
0.029527609
0.030563583
-0.029817742
0.031596839
-0.02714274
-0.02797615
-0.028794288
-0.025230077
0.027586587
0.024469148
0.025921041
0.026510995
-0.026436666
0.028287812
0.0087111229
-0.031394948
0.0072436193
-0.031478308
-0.0085065823
-0.031000098
-0.0070916297
0.031309247
-0.0055101953
0.031666004
0.0055679254
0.03167117
0.0084470016
-0.030272341
0.007109306
-0.0085147565
-0.029206297
-0.0072651764
0.029465709
-0.0059328701
0.030575387
0.0056504437
-0.032115958
0.0036764061
-0.032023192
-0.031791128
-0.0037796523
0.032496539
-0.0019400352
0.032817649
0.0015588752
0.032603485
0.0086866582
-0.027813788
0.007521142
-0.0089386598
-0.026120541
-0.0078415296
0.026242053
-0.0066920454
0.028007049
0.0062964011
0.0092501899
-0.024160359
0.008199843
-0.0096064459
-0.021969677
-0.0085805947
0.021975604
-0.0074853747
0.024217271
0.0070916623
-0.033895957
-0.00079778154
-0.033532981
-0.033485486
-9.6335248e-05
0.034805248
0.0014738918
0.035571856
-0.003363951
0.035074748
-0.026516553
-0.031320596
-0.024861271
0.03147707
0.02386787
0.030879293
0.025745865
-0.030808773
-0.023044759
-0.031783046
-0.021064503
0.032299811
0.01937135
0.031391241
0.021760164
-0.031064077
-0.020387401
-0.029877217
-0.02277806
-0.017626884
0.029917932
0.016039332
0.028013713
0.019045266
-0.028283188
0.021664264
-0.024880229
-0.029940014
0.029878759
0.028504498
0.023966848
-0.028728029
-0.018900761
-0.033129142
-0.016443015
0.034440769
0.013014184
0.032486687
0.016568168
-0.031877949
-0.037781242
-0.013619348
-0.036821571
0.047937975
0
0.036179236
0
0.030826963
0.00693955
-0.032362774
-0.0051115031
-0.028751193
-0.010110598
0
0.027071536
0
0.023975189
0.0042496135
-0.025641751
0.0085421313
-0.014329632
-0.029929429
0.029651651
0.026838251
0.012539169
-0.027584932
-0.023050829
-0.027201426
-0.020590886
0.026807659
0.019596865
0.024848144
0.022164902
-0.025397877
-0.017825194
-0.026372925
-0.014722252
0.025838147
0.013670116
0.023512574
0.016762495
-0.024236394
