FiniteElementSpace
FiniteElementCollection: ND_2D_P1
VDim: 1
Ordering: 0

-0.024738307
0.0057227842
-0.023352328
0.0076809155
0.025244499
0.0038116178
0.023710164
-0.0040050246
0.0220393
-0.005972785
-0.021774712
-0.0079342082
-0.025622925
0.0019203649
-0.023981074
0.025839897
0
0.0241535
0
0.02237915
-0.0020197725
-0.022242565
0.0020875955
-0.020393316
0.0041397155
0
0.020498787
0
0.018510562
-0.002139226
-0.018432407
-0.0042433279
0.0061582012
-0.020037546
0.0081434829
0.020238385
0.0183149
-0.0063065631
-0.018160918
-0.008322928
-0.021148411
0.010088128
-0.019548973
0.011973783
0.021468143
0.019801905
0.017977538
-0.010282841
-0.017775874
-0.012170823
0.010467423
-0.015856833
0.012372351
0.0084826057
0.016018202
-0.0086282528
0.013943503
-0.010642981
-0.013815111
-0.012573894
0.010809294
-0.011670997
0.012771297
0.0087624328
0.011771175
-0.0088858359
0.0095177754
-0.0109651
-0.0094425989
-0.012960307
-0.01352836
0.014632424
-0.011433773
0.01637441
0.013674652
0.011557467
0.0093543706
-0.014856707
-0.0092541962
-0.016638252
0.0064326912
-0.01616128
0.0043291425
0.016278842
-0.004403782
0.014142242
-0.0065443035
-0.014054112
0.0021816538
-0.016366064
0
0.016420408
0
0.014238657
-0.0022184176
-0.014204486
0.0022509992
-0.01196016
0.0044702985
0
0.011977793
0
0.0096516644
-0.0022801529
-0.0096468543
-0.0045300797
0.0066450289
-0.011854675
0.011918488
0.0096217797
-0.0067363787
-0.0095781414
0.0068188087
-0.0072395819
0.0089982015
0.0045837109
0.0072667624
-0.0046315089
0.0048682969
-0.0068923854
-0.0048539304
-0.0090989597
0.0023062317
-0.0072791071
0
0.0072749761
0
0.0048630912
-0.0023295044
-0.0048719327
0.0023504616
-0.0024406233
0.0046739309
0
0.0024321353
0
0
-0.0023707233
0
-0.0047119326
0.0069571946
-0.0024359273
0.0091876167
0.0024412223
0
-0.0070135783
0
-0.0092639289
0.01506921
-0.0070073058
0.016891871
0.013136845
0.007082446
-0.013297477
0.004756817
-0.015263977
-0.0047076188
-0.017125597
0.011108656
-0.0071463592
0.0071990278
0.0048300595
-0.011238266
-0.00479754
0.011352603
-0.0024106848
0.013439718
0.0024255824
0
-0.011450809
0
-0.01356204
0.015436928
-0.0023677598
0.017332998
0.0023914692
0
-0.01558579
0
-0.017511081
