FiniteElementSpace
FiniteElementCollection: ND_R2D_2D_P1
VDim: 1
Ordering: 0

0
0.035213373
0.036936033
0.016111445
0.043452622
0.037181417
0.034837394
0
0.035463576
0.032883274
0.010768346
0.030578123
0.027456395
0.027687235
0.041165326
0.041308099
0.041940559
0.038391128
0.038691003
0.029461297
0.038101862
0
0.023774381
0.034777345
0.040925968
0
0.019028389
0.032369317
0.029114638
0.031325047
0.02268747
0.036316488
0.041972374
0.033211735
0.018168882
0.041055791
0.020941688
0.037906085
0.024878529
0.03116088
0.013440992
0.017170049
0.025203459
0.02218314
0.027323032
0.033156273
0.031978682
0.032417341
0.032481245
0.022331187
0.038803983
0.039443988
0.0429943
0.043079343
0.039470272
0.038900206
0.032178477
0.042338579
0.040831484
0.037773257
0.043359292
0.042586724
0.04000887
0.038179778
0.040837936
0.038227142
0.038642554
0.032834437
0.036039414
0.037558968
0.032554671
0.03264468
0.037683223
0.025388203
0.021560142
0.031043855
0.010099178
0
0.015718055
0.040265911
0.042054041
0.035559799
0.039147044
0.034429958
0.037936892
0.041667958
0.043069923
0.023148887
0.029473175
0
0.011510414
0
0.010189502
0.020314172
0.026932817
0.039994522
0.040654839
0.035589803
0.035207075
0.028935534
0.027384021
0.033454173
0.035317451
0.031593475
0.03489204
0.030521282
0.019686963
0.02962498
0.027699253
0.036012472
0.041602988
0.036126492
0.040317151
0.043172894
0.040679929
0.039938123
0.035089353
0.034838076
0.027546603
0.011088604
0.039988273
0.0383853
0.038504196
0.042753913
0.029803024
0.011919542
0.010658049
0.02783932
0.042052899
0.038104395
0.031416427
0.035218296
0.034561256
0.00065780156
0.0077058778
0.0010104187
0.0088771704
0.0014048823
0.0064410373
0.0010247108
-0.00799699
0.00057308596
-0.0092010468
0.0014243765
-0.010297144
0.010683781
0.0018882786
0.011711087
0.0095296081
6.6354093e-05
-0.011037303
-0.00047869756
-0.012152187
0.0023872043
-0.013119955
0.0034246502
0.010748119
0.0029245375
0.0038710573
-0.012075803
-0.0028031509
-0.013565227
-0.0024204122
0.012341707
-0.0019966725
0.004273603
0.013402447
0.0046424473
-0.014728732
-0.0034693537
-0.01601263
-0.0031504931
0.014788373
0.0019651342
0.015821766
0.0016826444
0.0022168145
-0.016918802
-0.00090327709
-0.017415547
-0.00072209552
0.016467003
-0.00050950421
0.0013701002
0.013615571
0.0010241419
-0.014719663
-0.015503994
-0.0002696137
0.014532975
-3.5238862e-06
-0.00087696962
0.015068492
-0.0010653787
-0.00070744564
-0.015895161
0.0019518475
-0.015886356
0.0020617
0.015207639
0.0021779521
-0.0005578511
0.016708052
-0.0004338965
-0.017495826
0.0017525395
-0.017176948
0.0018484285
0.016546923
-0.0031269931
0.016001578
-0.0032087662
-0.0030254278
-0.016489177
0.0042452502
-0.015467975
0.0043835223
0.015099091
0.0044692851
-0.0032747283
0.014949029
-0.0033294965
-0.015483951
-0.01470615
0.0045109296
0.014301357
0.0045169385
0.013609795
0.0029066864
0.014526299
0.012518689
-0.0010398121
-0.013978077
-0.0015928251
-0.015062524
0.0034280204
-0.015939923
0.016526397
0.0039323946
0.017376795
0.015420678
-0.0021027337
-0.01685951
-0.0025228958
-0.018026455
0.0043919754
-0.018871029
0.019615076
0.0047691817
0.020485108
0.01830593
-0.0027666157
-0.019763526
-0.0026615619
-0.021383544
0.0049707204
-0.022366865
0.023542733
0.0047102753
0.024922307
0.021086429
-0.0016832734
-0.022040869
0
-0.025175049
0
-0.03094757
0.0049913953
0.016060363
0.0053337554
-0.017406239
-0.0040315728
-0.018474424
-0.0037630918
0.017239673
0.0056859813
0.018785115
0.0060596915
-0.020225886
-0.0044031282
-0.0209754
-0.0042596638
0.019720041
0.0026651431
0.020118161
0.0025945647
0.0025665418
-0.021080091
-0.00090985153
-0.020691983
-0.0010830119
0.020016756
-0.0011126459
0.0024326114
0.018007663
-0.019079838
-0.019215673
-0.0010407034
0.018337892
0.0064572211
0.021781132
0.0068064305
-0.023522817
-0.0036940875
-0.023257254
-0.0043320122
0.022205702
0.0066370037
0.025454618
0
-0.024873122
0
-0.023373639
-0.0015599928
0.023549565
0.00052344126
0.022504604
0.0013298276
0
-0.022440553
0
-0.021566557
-1.1771991e-05
0.021584726
-0.00023945165
0.0021663833
0.021874467
-0.022342715
-0.021472201
-0.00058399779
0.021182262
-0.0003448947
0.018242944
-0.00030446334
-0.018926537
0.001589002
-0.018276277
0.0016664468
0.017759813
-0.0028983289
0.016932339
-0.0027358985
-0.017316527
0.0037733089
-0.016082879
0.0040453727
0.015799912
-0.0051249831
0.01439812
-0.0054187685
-0.0047307782
-0.014605155
0.0056287387
-0.012912821
0.0061516805
0.012763209
0.0065551779
-0.0057719086
0.013283295
-0.0057440073
-0.0057340816
-0.013579778
0.0070095652
-0.012141546
0.0070668714
0.0119232
0.0070221873
-0.0056193673
0.01387335
-0.014150607
-0.012577385
0.006840396
0.012365531
