FiniteElementSpace
FiniteElementCollection: RT_R2D_2D_P0
VDim: 1
Ordering: 0

-0.0014320362
-0.0081172049
-0.003884316
-0.0056649251
0.0049695499
-0.0065175045
0.0033698495
0.0099441569
0.0056989656
0.0076150408
-0.0023118958
0.009187461
-0.01107792
-0.0047159111
-0.0086739047
-0.0093695018
0.0039905473
0.012744847
0.0062413042
0.01049409
-0.0030526537
0.012157348
-0.004199467
-0.0081033757
-0.0017610164
-0.0026328805
0.0076208745
0.0060071294
0.0099824257
0.0036455782
-0.006497427
0.0052515269
-0.0050702846
-0.011111309
-0.0034524848
0.010539548
0.0066501627
0.012856842
0.0043328687
-0.0094370481
-0.0075056758
-0.011644248
-0.0052984761
-0.0056652491
0.011016415
0.008552214
0.012959457
0.0066091723
-0.0097912297
0.0084621903
-0.0070055617
-0.0088112076
-0.004691781
0.0082753402
0.010417235
0.0063202955
-0.0070886939
0.0080428093
-0.0094909655
-0.009210092
-0.0073695674
-0.007633536
0.0085598055
0.010546641
0.010399699
0.008706747
-0.0073534904
0.010563349
-0.0094958516
-0.011653545
-0.0074701225
0.010933728
0.0099871243
0.012385862
0.0085349897
-0.009641894
-0.01109847
-0.011074872
-0.0096654922
-0.0089480154
0.010235407
0.011068525
0.011140696
0.010163237
-0.0089298993
0.012308209
-0.011673987
-0.0092272654
-0.0098002118
0.0083912049
0.009862229
0.010837185
-0.0072110803
0.01285337
-0.013951387
-0.0054583777
-0.011545663
-0.012082033
0.0043719505
0.01548525
0.0066046583
0.013252542
-0.0036400956
0.015070824
-0.016857973
-0.0061830393
-0.01431503
-0.014698566
0.0044452514
0.018323706
0.0067866402
0.015982317
-0.0040376319
0.018127724
-0.020167416
-0.0070720482
-0.017132999
-0.017350718
0.0039699421
0.021556431
0.0065465431
0.01897983
-0.0040118842
0.022039994
-0.025291704
-0.0087612985
-0.020542289
-0.020337755
0.0015925948
0.021860343
0
0.023452938
0
0.032214236
-0.0059225729
-0.014015751
-0.004169161
0.013317412
0.0071469028
0.015626373
0.0048379417
-0.01220353
-0.0067811611
-0.01692703
-0.004685462
0.016032025
0.0074266264
0.018420947
0.0050377049
-0.014817832
-0.00762968
-0.016775739
-0.0056717726
-0.0050630233
0.01585429
0.0070789181
0.017118688
0.0058145204
-0.014397508
0.0081927515
-0.0077539013
-0.014292182
0.013544245
0.015235054
0.0065019417
-0.01224191
-0.0077477681
-0.020195305
-0.0046480515
0.018940278
0.0071152157
0.021460474
0.00459502
-0.017363699
-0.0092723163
-0.025166554
0
0.02294192
0
0.021036478
0.0019054423
-0.019956781
-0.0026567747
-0.019497407
-0.0031161486
0
0.018379703
0
0.01684437
0.0015353331
-0.016831567
0.0042011727
-0.0067229378
-0.019023614
0.017853684
0.017875095
0.0041797616
-0.016124457
-0.0090029479
-0.013774735
-0.0067455932
0.0129777
0.0087617931
0.013938147
0.0078013462
-0.011588957
-0.0098605687
-0.012501511
-0.0075861263
0.011663704
0.00913484
0.011959658
0.008838886
-0.010271871
-0.01044959
-0.010577697
-0.010143765
-0.0082300888
0.0097401567
0.0093202752
0.0094646584
0.0095957734
-0.0083605203
0.01181295
-0.013601747
-0.0087830041
-0.012029823
-0.011432614
0.0076930956
0.013756515
0.0087003732
0.012749238
-0.0065540433
0.014978198
-0.012367646
-0.0098649315
0.0089168148
0.0092300452
0.01149972
-0.0076081362
-0.0010706665
-0.0012282024
-0.0014158326
-0.0012580437
-0.0014347505
-0.0015923302
-0.0017561288
-0.0015991961
-0.0009704792
-0.0011545131
-0.0011046149
-0.0009267841
-0.0013279496
-0.0014891771
-0.0014259346
-0.0012715425
-0.0012134666
-0.0013615901
-0.0012983684
-0.0011556681
-0.00088067951
-0.0010526148
-0.0010002071
-0.00083362493
-0.00078716523
-0.00094916947
-0.00090131578
-0.00074290127
-0.0011001655
-0.0012385401
-0.0011842918
-0.0010489718
-0.0010040263
-0.0011376254
-0.0011003288
-0.00096717026
-0.00070246399
-0.00085845304
-0.00082236938
-0.00066750871
-0.0017497981
-0.0019056905
-0.0020395315
-0.0018849988
-0.0020032433
-0.002156209
-0.0022543534
-0.0021029805
-0.0021826453
-0.0023326947
-0.0023901694
-0.0022406222
-0.002275299
-0.0024262805
-0.0024417426
-0.0022870921
-0.0016365773
-0.001768521
-0.0016904675
-0.0015661389
-0.0018833458
-0.0019793173
-0.0018843609
-0.0017971692
-0.0017126996
-0.0017927618
-0.0017087062
-0.0016334218
-0.0014953156
-0.0016129382
-0.0015388868
-0.0014266591
-0.0020545244
-0.0021066325
-0.001991079
-0.0019498963
-0.0021320755
-0.0021213089
-0.0019871865
-0.0020042177
-0.0018964765
-0.0018835398
-0.0018006375
-0.0018088511
-0.0018511871
-0.0018860819
-0.0017967396
-0.0017634048
-0.0013627033
-0.0014711189
-0.0014119766
-0.0013057608
-0.0012577913
-0.0013632212
-0.0013261111
-0.0012203938
-0.0011948713
-0.0013015289
-0.0012900409
-0.0011822817
-0.00063975357
-0.00079486908
-0.00077787347
-0.00062108206
-0.0009401792
-0.0010740093
-0.0010601537
-0.00092483927
