FiniteElementSpace
FiniteElementCollection: ND_2D_P1
VDim: 1
Ordering: 0

0.045031116
-0.003867381
0.042282044
-0.0051292942
-0.047096861
-0.0027250604
-0.043942572
0.0042406881
-0.040725777
0.0060519104
0.039322355
0.0078148382
0.048252257
-0.0015143919
0.044892385
-0.048470256
0
-0.045157156
0
-0.041859085
0.0022643027
0.041558898
-0.0028479271
0.038145262
-0.0054343622
0
-0.038461725
0
-0.034904846
0.0033175439
0.034591059
0.0064022682
-0.0078223631
0.036182386
-0.010079991
-0.037398169
-0.033922825
0.0092829567
0.032864094
0.011995736
0.034917716
-0.012256846
0.032351064
-0.014369194
-0.037365733
-0.034491812
-0.031398188
0.014571063
0.029528708
0.017022808
-0.016564022
0.026486056
-0.019356642
-0.01361267
-0.028102587
0.014964777
-0.024613533
0.01825573
0.023243282
0.021370299
-0.019661675
0.019811165
-0.023065072
-0.016075547
-0.020936054
0.016963405
-0.017074839
0.020795618
0.016195078
0.024444752
0.019551909
-0.026280989
0.016730403
-0.029299211
-0.021557181
-0.018413721
-0.01509198
0.027906664
0.013747524
0.031176812
-0.010494953
0.029363154
-0.0071957317
-0.030276265
0.0078446029
-0.026446284
0.011495699
0.025676142
-0.0036998863
0.030863353
0
-0.031157624
0
-0.027208183
0.0040105417
0.026946924
-0.0042589873
0.022839282
-0.0083676058
0
-0.02305747
0
-0.01871696
0.0044523805
0.018547994
0.0087784465
-0.01230945
0.021802989
-0.022429958
-0.018232436
0.01295425
0.017748026
-0.013445764
0.013520867
-0.017645433
-0.0090887668
-0.013866466
0.0093097681
-0.0093523932
0.013799488
0.0091373108
0.018139692
-0.004596804
0.014089527
0
-0.014207388
0
-0.0095581573
0.0046981036
0.0094887352
-0.0047623059
0.0047786215
-0.009453036
0
-0.0048070353
0
0
0.0047959124
0
0.009530874
-0.014031828
0.0046201988
-0.01846635
-0.0047182924
0
0.014160472
0
0.018647913
-0.029177803
0.010596509
-0.032652675
-0.02551791
-0.011590973
0.02629997
-0.0079075703
0.030103164
0.0072631336
0.033723475
-0.021672507
0.012398434
-0.013036602
-0.0088322085
0.022310589
0.008426107
-0.022732386
0.0042876627
-0.026814054
-0.0044785566
0
0.022964566
0
0.027090357
-0.030704294
0.0037331618
-0.034405972
-0.0040415486
0
0.031014374
0
0.034736136
