FiniteElementSpace
FiniteElementCollection: ND_R2D_2D_P1
VDim: 1
Ordering: 0

0
0
0
-0.026288041
-0.036965902
0
-0.014109397
0
0
-0.01330147
-0.020983345
-0.0066829591
-0.041008922
-0.032005118
-0.024270896
-0.029638851
-0.011000228
0
-0.0071911761
-0.017639758
-0.02051842
-0.010416835
-0.010082837
-0.01998244
0
-0.0032396148
0
0
-0.0031104175
0
-0.0065247627
-0.033446564
-0.013008367
-0.0091217376
-0.025301543
-0.015388999
-0.005206776
-0.00142229
-0.0048450384
-0.029432132
-0.022955545
-0.025766415
-0.031928175
-0.037728921
-0.033746367
-0.039413975
-0.019362456
-0.012192384
-0.016367851
-0.010176086
-0.013604589
-0.019540323
-0.0056744912
0
-0.0046579887
0
-0.0036373002
-0.0082329546
-0.010784458
-0.016035568
-0.027784109
-0.029011618
-0.034859742
-0.021786114
-0.017527224
-0.023151894
-0.023672924
-0.029460043
-0.018126877
-0.017874903
-0.02338016
-0.012369071
-0.013038283
-0.008602307
-0.0084566226
-0.012837973
-0.011808279
-0.016806575
-0.0062456046
-0.0078821452
0
-0.0025999668
0
-0.0015824719
-0.004240469
-0.0049851219
-0.0023140865
-0.0022641477
-0.0048911054
0
-0.00065996445
0
0
-0.00064252606
0
-0.0014826576
-0.0074890673
-0.0057367922
-0.0099835996
-0.0040056146
0
-0.002365495
0
-0.0032311988
-0.027323557
-0.035537616
-0.01748874
-0.014818198
-0.0051074994
-0.0041179817
-0.012103598
-0.031199898
-0.023573331
-0.019524556
-0.026197755
-0.020659703
-0.015189546
-0.010671818
-0.014747823
-0.0092731523
-0.0030988454
-0.0020729412
-0.0063828659
-0.003566816
-0.0010965607
-0.00027392024
-0.0010453838
-0.008689149
-0.0061565062
-0.0019116238
-0.0027829887
0.011017875
-0.0064285111
0.011042035
-0.008119823
-0.01200269
-0.0046411316
-0.01203477
0.0047279609
-0.011773467
0.0063142122
0.010870031
0.0079027095
0.0097402984
-0.0096582507
0.0096365421
-0.011019926
-0.010278253
-0.010246241
-0.010076953
0.0093990386
0.0094277997
0.010753211
0.013291029
-0.0029005976
0.013196415
-0.014933338
-0.0016551172
-0.014270777
0.0021717127
-0.013419201
0.0033209589
0.012676102
-0.0036280843
0.011956978
-0.0049264257
-0.0024282191
-0.012528958
0.0025650507
-0.011610974
0.0038220483
0.011140004
0.0051092928
0.013937958
-0.0012399572
0.012969964
-0.014300302
0
-0.013324803
0
-0.012327896
0.0012976296
0.011998835
-0.0013295705
0.010995987
-0.0026421596
0
-0.011289535
0
-0.010201622
0.0013474636
0.0099492585
0.0026873668
-0.0039428332
0.010257447
-0.0052469956
-0.010656716
-0.0096574275
0.0040176294
0.0093188372
0.0053433944
-0.0092596319
0.0091022578
-0.01059226
-0.0078232036
-0.0097544606
0.0078434887
-0.0092828279
0.0092217493
0.0086580299
0.010528424
-0.0063479127
0.010493047
-0.011256631
-0.010575541
0.0064546819
0.0099401094
-0.006571772
0.0092566899
-0.0079164753
-0.0097892547
-0.0089259367
0.0066714255
0.0084778664
0.0080032975
-0.0092551093
0.0081048427
-0.010542666
-0.0086834804
-0.007982985
0.0093254041
0.0074602957
0.010608131
-0.00940346
0.0067417121
-0.010694935
-0.0080806867
-0.0072025568
0.0081383142
-0.0063540612
0.0094690877
0.0059608754
0.010776916
-0.006746131
0.0076235689
-0.0054068845
-0.0079984187
0.0054457355
-0.0070115137
0.006795661
0.0067041466
-0.0068234585
0.0057237379
-0.0081729403
-0.0054658572
-0.0059679993
0.0054726084
-0.0048696481
0.0068334825
0.0046848071
0.008186418
-0.0095122024
0.0051214682
-0.010835449
-0.0054429962
-0.0044705829
0.009529924
0.0042224816
0.01086252
-0.0040633225
0.0083256904
-0.0027132529
-0.0086090338
0.002727323
-0.0075096025
0.0040892105
0.0072789024
-0.0013575438
0.008853155
0
-0.0090625943
0
-0.0078738592
0.001362484
0.0077073245
-0.0013644678
0.0065134027
-0.0027334338
0
-0.0066393002
0
-0.0053640929
0.0013645203
0.005275428
0.0027347245
-0.0041018742
0.006179083
-0.0063602673
-0.0051633838
0.0041053563
0.0050285108
-0.0041031502
0.0038302512
-0.0054699451
-0.0027330431
-0.0039232423
0.0027301556
-0.0026449856
0.0040976195
0.0025889335
0.0054615059
-0.0013637805
0.003998408
0
-0.0040547849
0
-0.0027187391
0.0013628688
0.0026887192
-0.0013625185
0.0013533434
-0.0027272185
0
-0.0013642011
0
0
0.0013632126
0
0.002725318
-0.0040908767
0.0013100318
-0.005449998
-0.0013349267
0
0.0040844598
0
0.0054377344
-0.0095251651
0.003260811
-0.010858491
-0.0081824782
-0.0034376584
0.00816612
-0.0023456879
0.0095031419
0.0022351601
0.01082994
-0.0068304573
0.0035892274
-0.0037193629
-0.0025208093
0.0068184566
0.0024401655
-0.0068012848
0.0012418841
-0.0081419131
-0.0012790379
0
0.0067819114
0
0.0081138953
-0.009470021
0.0011468085
-0.010785185
-0.0011981089
0
0.0094311477
0
0.010732148
