FiniteElementSpace
FiniteElementCollection: RT_R2D_2D_P0
VDim: 1
Ordering: 0

-0.035089332
-0.039888149
-0.038861181
-0.036116301
0.043478752
-0.032250445
0.035841047
0.039055848
0.037850803
0.037046093
-0.031239235
0.044668038
-0.044143455
-0.0056857731
-0.040099848
-0.00972938
0.042697366
0
0.037011593
0
0.032043451
0.0049681415
-0.033909939
0.011158051
-0.044142215
-0.026585606
-0.04433943
-0.02638839
0.048982749
-0.018736483
0.041133626
0.021883606
0.039423886
0.023593347
-0.036567146
0.031365631
-0.034721372
-0.036128928
-0.034877002
-0.035973299
0.039623294
-0.028403866
0.031898231
0.03153293
0.03036218
0.033068981
-0.027175801
0.040770182
-0.02682112
-0.0349844
-0.019540711
0.032143477
0.021292992
0.02919137
0.024245099
-0.02769657
-0.025823485
-0.024833669
-0.028686386
-0.01916945
0.022537335
0.019566552
0.018816102
0.023287786
-0.01822988
0.029891574
-0.035938339
-0.025615631
-0.037498509
0.023110227
0.020223708
0.032778093
-0.018440822
0.039952903
-0.0054462538
-0.029454268
-0.0099019253
0
0.026597198
0
0.021735739
0.0048614584
-0.023722466
0.01059326
-0.0049807486
-0.01924237
-0.0094608451
0
0.01675499
0
0.012360829
0.0043941613
-0.014184038
0.0094524927
-0.026619565
-0.015332132
-0.022782246
0.026345985
0.020474698
0.016259472
0.013667718
-0.016883412
-0.013301479
-0.012804823
-0.017380069
-0.0082557412
0.011213734
0.0075512325
0.0072834955
0.011481471
-0.0078358529
0.016450441
-0.0041618791
-0.010090176
0
0.00819895
0
0.0047152597
0.0034836903
-0.0060226339
-0.002868292
-0.002773562
-0.0061173639
0
0.0018469677
0
0
0.0018469677
0
0.0046205297
-0.010098164
-0.0039045737
-0.014029443
0.0033026958
0
0.0079232255
0
0.011827799
-0.033416689
-0.015410219
-0.036447291
-0.026946518
0.013753537
0.026208084
0.0098817208
0.0300799
-0.009173427
0.036316692
-0.023214484
-0.014497847
0.012981686
0.0089042748
0.020527852
-0.0088176148
-0.018860028
-0.0046100707
-0.023067572
0.0040736896
0
0.015901489
0
0.020511559
-0.02848848
-0.00502736
-0.032634547
0.0044608125
0
0.024972372
0
0.029999732
-0.012171917
-0.052483856
-0.019775881
-0.044879891
0.022791363
-0.046363937
0.016671444
0.056584572
0.02340444
0.049851576
-0.013947707
0.055679751
-0.020044314
-0.052426414
-0.026106791
0.029518257
-0.045333537
0.022425381
0.05407984
0.026999777
0.049505445
-0.019027664
-0.05858068
-0.024392486
-0.053215858
-0.050566716
0.018985813
0.057671673
0.022137872
0.054519614
-0.015972015
0.062940085
-0.043817056
-0.033289688
-0.041766604
0.030007045
0.030161881
0.040615346
-0.025387528
0.048517506
-0.04520147
-0.025546868
-0.04504213
0.022458919
0.020791578
0.041620244
-0.017805902
0.049361211
-0.022666415
-0.053115955
-0.025215654
0.029020687
0.020946861
0.021091421
0.049216652
-0.016760632
-0.053218388
-0.016805432
-0.053173589
-0.045388034
0.013261066
0.046463859
0.010937441
0.048787483
-0.0088331423
0.056759773
-0.043492401
-0.015910268
0.013746469
0.010428814
0.039634348
-0.0090807576
-0.038500759
-0.005294449
-0.042287067
0.0045626021
0
0.034562334
0
0.039856783
-0.048736771
-0.0057351318
-0.051834781
0.0044877379
0
0.044344521
0
0.050079653
-0.0091982848
-0.059911208
-0.0076649172
-0.061444576
0.012541162
0.0044647355
0
0.054544388
0
0.062209305
-0.00080480028
-0.00087843541
-0.001027207
-0.00094467336
-0.0012409906
-0.0012650219
-0.0014542293
-0.0014285825
-0.0010706149
-0.0011233383
-0.0012998338
-0.0012414588
-0.0012654149
-0.0013447958
-0.0015120178
-0.0014248753
-0.0014167823
-0.0014807997
-0.0016598991
-0.0015905424
-0.0017568228
-0.0018308886
-0.0019877583
-0.0019098589
-0.0015778392
-0.0016722896
-0.0018202227
-0.0017193014
-0.0016197629
-0.0016465113
-0.0018348683
-0.0018075943
-0.0019853475
-0.0020125354
-0.0021730501
-0.0021465827
-0.0018940004
-0.0019456542
-0.0021065628
-0.0020534685
-0.0021921001
-0.0022457281
-0.0023577532
-0.0023045202
-0.0022853073
-0.002310425
-0.0024193032
-0.0023961249
-0.0024744271
-0.0024951674
-0.0025346378
-0.0025165999
-0.0023859816
-0.0024379354
-0.002482438
-0.0024324503
-0.0018445356
-0.0019506465
-0.0020587214
-0.0019490298
-0.0020441974
-0.0021247983
-0.0022367443
-0.0021547129
-0.0022367247
-0.0023188264
-0.0023668978
-0.0022859961
-0.0020285304
-0.0021398886
-0.0021899548
-0.0020789139
-0.0004595095
-0.00056743071
-0.00064493042
-0.00052399325
-0.00067552372
-0.00078267339
-0.00088688474
-0.00076641254
-0.00084834439
-0.00098337948
-0.00106962
-0.00091899514
-0.0010870046
-0.0011792433
-0.0013297673
-0.0012274201
-0.001361703
-0.0014740628
-0.0016076449
-0.0014858691
-0.0011150628
-0.0012416491
-0.0013548177
-0.0012155629
-0.0013040991
-0.0014552999
-0.0015406598
-0.0013792278
-0.0015963145
-0.0017262581
-0.0018259341
-0.001689692
-0.0017628064
-0.001902794
-0.0019530011
-0.0018121958
-0.0014400806
-0.0016085792
-0.0016564108
-0.001485231
-0.0010592798
-0.00125706
-0.0012978947
-0.0010926375
