FiniteElementSpace
FiniteElementCollection: ND_2D_P1
VDim: 1
Ordering: 0

0.023746519
0.0022380495
0.024353987
0.0011982728
-0.027796962
0.0034262628
-0.028459101
0.00015637301
-0.028699589
0.0013767882
0.024590696
0.002439056
-0.0051090132
0.024445041
-0.0062043862
-0.0038487855
-0.028503924
0.0075834026
-0.027876647
0.0089035118
0.023919231
0.010050759
0.016462438
-0.0071073315
0.016331425
-0.0077988653
-0.020502094
-0.020376122
-0.019913567
0.01098858
0.015901451
0.011691355
-0.012698763
0.02303065
-0.013925939
-0.011285646
-0.02684219
0.014882088
-0.025441683
0.016431245
0.021811067
0.017774888
0.011635129
0.033203177
0.012814894
0.031882512
-0.0083481671
0.033951359
-0.0094380023
-0.03780228
-0.010380894
-0.037226437
0.013869942
-0.035996385
0.0050053734
0.034102442
0.0060094769
-0.0016644246
0.033662747
-0.0026084542
-0.036947178
-0.0033748012
-0.037700747
0.006843571
0.041284246
0.014795088
0.040153372
0.041638814
-0.011132477
-0.045468266
-0.011608082
-0.045427536
0.015583413
-0.04440857
-0.0016122266
0.032668024
-0.00068290588
0.0047658073
0.031174622
0.0037947491
-0.033767354
0.0029423619
-0.035607501
8.6412742e-05
-0.0077478806
0.029247382
-0.006679063
0.010522799
0.026949382
0.0093100552
-0.028905199
0.0081081144
-0.031510219
-0.0056749669
0.049779551
0.016216067
0.048900184
0.049293524
-0.011607813
-0.053054145
-0.010633255
-0.054587606
0.016561496
-0.05399293
0.0047521342
0.03258728
0.0062040604
-0.036733009
-0.0026512649
-0.036897353
-0.0011977279
0.032806208
0.0077697757
0.040912298
0.0094346186
-0.045179357
-0.0056054251
-0.045044695
-0.0041516613
0.040972245
0.0004308533
0.040316832
-0.0010069452
0.0017006616
-0.044015027
0.0019468404
-0.042254401
0.0031991465
0.039009814
0.0046459707
-0.0024626444
0.032521515
-0.036469348
-0.035474599
0.0061408682
0.031743687
0.011174429
0.049663669
0.012861984
-0.054625908
-0.0072517601
-0.05318748
-0.0068055519
0.049129222
0.060508553
0.01456191
0.061074356
-0.078627577
0
-0.062794656
0
-0.056335833
-0.0041706566
0.055935543
0.0011116958
0.051826822
0.0022740327
0
-0.052025913
0
-0.048470256
0.00048499657
0.048252257
0.00069345885
0.0025241944
0.047447701
-0.05022039
-0.047096861
0.0010946678
0.045031116
-0.0097429886
0.030510545
-0.0081423568
-0.033977547
0.011401582
-0.032061362
0.013184374
0.028878893
-0.0065719024
0.03716895
-0.0051292942
-0.039981219
0.0078148382
-0.037365733
0.0095970242
0.034917716
