FiniteElementSpace
FiniteElementCollection: RT_R2D_2D_P0
VDim: 1
Ordering: 0

0.002665832
-0.00081225406
0.0018161155
3.7462517e-05
-0.0021660207
-0.0012158213
-0.0017624535
0.0026141237
-0.00091758282
0.001769253
0.0014255727
0.0013787103
-0.0031453818
0.00054637725
-0.0022661863
-0.0033482383
-0.00071472637
0.0045876786
9.7710515e-05
0.0037752418
0.00037451041
0.0036033749
-0.00011806734
-0.0055795904
-0.00039902917
-0.0052986285
0.0006037665
-0.0053415699
0.00036574605
0.0055804982
0.00040883781
0.0055374065
-0.00015959085
0.0057768448
-0.0006855345
-0.0053929627
-0.00073692725
0.0011848787
-0.0050451065
0.00083702244
0.0051216169
0.00067797491
0.0052806645
-0.00043709347
-0.0055989138
-0.00017553609
-0.0055829686
-0.005352328
0.00016225198
0.0050831233
0
0.0052453753
0
0.0054209114
-0.0050134487
-0.00054749068
-0.0040914476
-0.0049057499
-9.9882862e-06
0.0058922642
0.00074811237
0.0051341636
-0.00034259594
0.0053390583
0.00021912422
-0.0055184921
-0.00039361801
0.00024897394
2.9110363e-05
0.0002885965
0.0055173587
-1.8712453e-05
-0.0058252993
-0.00021027053
-0.0056337412
4.6265822e-05
0
0.0054671772
0
0.0056774477
-0.0063433142
-0.001491729
-0.0051941812
3.8539376e-05
0
0.0057159871
0
0.0072077161
-0.0024927116
-0.00022631714
-0.0022289319
-0.0023449311
0.0012309298
0.0023792629
0.0014788762
0.0021313165
-0.00015191102
0.0022057226
-0.0026543622
-0.0025756175
-0.0022899163
0.003238929
0.0023463018
0.0034869897
0.0020982411
-0.0022945957
-0.0020916805
-0.002477245
-0.0019090311
-0.0016391994
0.0030345086
0.0016057265
0.0030886071
0.001551628
-0.0021737298
0.0018551432
-0.0026540498
-0.004455581
-0.0018877844
0.0045727929
0.0019473929
0.0047872982
0.0017328876
-0.0038421668
-0.0024524956
-0.0057588924
0
0.0047552205
0
0.004172219
0.00058300145
-0.004394501
-0.00057515961
-0.0040992386
-0.00087042197
0
0.0035970594
0
0.0033136864
0.00028337296
-0.0035357727
0.00084683887
-0.0017316817
-0.0039346491
0.0039260385
0.0037496028
0.0010232745
-0.0033521972
-0.00099221628
-0.0032382306
-0.0011061829
-0.00051527786
0.0032726644
0.00051445157
0.0030842369
0.00070287913
-0.0028641554
0.0010769544
-0.00028347705
-0.0033039719
0
0.0030302094
0
0.002835451
0.00019475834
-0.0029842786
-0.00020879404
-0.0027874336
-0.00040563908
0
0.002626657
0
0.0024346181
0.00019203895
-0.0025422758
0.00043719674
-0.00071017876
-0.0027156418
-0.00085869238
0.0027796972
0.0025922024
0.00062469149
-0.0024546706
0.00088566262
-0.0019816268
-0.0011281563
-0.001955547
-0.0011542361
0.0026259096
0.0023564456
0.0022481356
0.00099397268
-0.0017899897
0.0011595299
-0.0010532726
-0.0017246157
-0.0011186466
-0.00085136041
0.0020462234
0.00094502618
0.0019013665
0.001089883
-0.0015900035
0.0012244952
-0.00068199055
-0.0022853008
-0.00043254631
0.0023427582
0.00049398699
0.00212448
0.00071226518
-0.0020525398
-0.00022109434
-0.0023308238
0
0.0022135237
0
0.0019734357
0.00024008797
-0.0020769248
-0.00027921985
-0.0018122443
-0.00054390038
0
0.0016942159
0
0.0013819254
0.00031229053
-0.0015044
0.00062013481
-0.0015644821
-0.0010143125
-0.0012651576
-0.001313637
0.0015749759
-0.00068344648
0.0012441098
0.00073953152
0.00087862208
0.0011050192
-0.00090563098
0.0014645458
-0.00034778262
-0.0011687361
0
0.0010341427
0
0.00066618672
0.00036795603
-0.00079716064
-0.0003674114
-0.00040994938
-0.00075462266
0
0.00029877532
0
0
0.00029877532
0
0.0007087247
-0.001170006
-0.00048997501
-0.001585662
0.00046323875
0
0.0011719635
0
0.0016619385
0.00032779253
0.00048767444
0.00079257711
0.00062597579
0.00091381904
0.0010849971
0.0013573957
0.0011833639
0.0021626091
0.0023521411
0.002578425
0.0023882615
0.0025390034
0.0027210951
0.0029429077
0.0027639617
0.0025815182
0.0027704294
0.0029258487
0.002740217
0.0014268432
0.0016028494
0.0018155691
0.0016368119
0.0017853104
0.0019727635
0.0021956489
0.0020033548
0.0021914507
0.002387912
0.0025482539
0.0023512109
0.0018057536
0.0019947397
0.0021494717
0.0019407475
0.00026167963
0.00055180599
0.00056451173
0.00028387089
0.00083138963
0.0010922365
0.001077976
0.00083198835
0.00082909995
0.0010609441
0.0010431768
0.00082434937
0.0013260821
0.0015241482
0.0014699752
0.0012938216
0.0016766207
0.0017549437
0.0016373683
0.0015923463
0.001517223
0.0015515573
0.0014866885
0.0014559958
0.0012600508
0.0014163897
0.0013679944
0.001227441
0.00119837
0.0013273218
0.0012949409
0.0011744017
0.0014076373
0.0014373781
0.0014003927
0.0013704894
0.0013430225
0.0013735286
0.0013551183
0.0013239127
0.0011562672
0.0012705932
0.0012536947
0.0011441497
0.000813884
0.0010025343
0.0009969431
0.00081555275
0.00082104021
0.00099616434
0.0010002319
0.00083068296
0.0011379015
0.0012435451
0.0012393683
0.0011371621
0.0013119983
0.001343805
0.0013383533
0.0013061856
0.0013054575
0.0013376431
0.0013405651
0.0013088019
0.0011626997
0.0012545867
0.0012660408
0.0011783152
0.0013151923
0.0013459904
0.0013527291
0.0013235639
0.0013327937
0.0013594798
0.0013647378
0.0013416901
0.0011962822
0.0012791663
0.0012930113
0.0012158414
