FiniteElementSpace
FiniteElementCollection: ND_R2D_2D_P1
VDim: 1
Ordering: 0

-0.058740033
-0.045504603
-0.043942059
-0.054302295
-0.055396717
-0.038275256
-0.037751479
-0.054365219
-0.036965902
-0.049436503
-0.0480444
-0.057454294
-0.049368035
-0.053772067
-0.057900702
-0.051262306
-0.053206285
-0.052714447
-0.057358124
-0.042478154
-0.044605951
-0.033179267
-0.033004814
-0.044247748
-0.041460938
-0.049871247
-0.052009876
-0.051819709
-0.041008922
-0.043083002
-0.042606227
-0.056828205
-0.056121015
-0.048654477
-0.039336542
-0.047802826
-0.055470486
-0.047176076
-0.04651148
-0.057913433
-0.055801205
-0.055121905
-0.057162707
-0.058838737
-0.057530488
-0.057259556
-0.058565355
-0.054818672
-0.055178821
-0.051815715
-0.051580934
-0.054920629
-0.054055468
-0.056362354
-0.053841448
-0.050465578
-0.051442573
-0.048902812
-0.044481168
-0.046084303
-0.040814866
-0.041926619
-0.04710313
-0.047515447
-0.04240713
-0.042248444
-0.047314439
-0.036108759
-0.036683192
-0.036571308
-0.035778775
-0.041457142
-0.050748051
-0.049340615
-0.052607113
-0.046508184
-0.040054003
-0.045119457
-0.043185908
-0.047395683
-0.056945658
-0.056960436
-0.058641106
-0.053701473
-0.054220861
-0.050520255
-0.050383495
-0.054162315
-0.053533574
-0.056412729
-0.049015565
-0.050063048
-0.04294262
-0.044565843
-0.039413975
-0.040459098
-0.04559196
-0.04600133
-0.049662365
-0.048379242
-0.052352567
-0.04579068
-0.044971697
-0.056410573
-0.057952037
-0.05607333
-0.053264612
-0.055545649
-0.052535594
-0.047363067
-0.043846896
-0.049350078
-0.044739627
-0.039138157
-0.038870252
-0.051573131
-0.048915336
-0.043144963
-0.046129846
-0.057687883
-0.055204269
-0.052206224
-0.055166044
-0.051228147
-0.045842666
-0.042361538
-0.047913884
-0.050864901
-0.047571047
0.003230173
0.023151358
0.0034735349
0.023060539
-0.0030712057
0.023068868
-0.0033182771
-0.023181533
-0.0035665006
-0.023296784
0.003731943
-0.023224313
0.02270636
0.010832839
0.022569312
0.010889499
-0.022891502
0.010735562
-0.022747552
-0.01041545
-0.022468567
-0.010494317
0.022302394
-0.010528649
0.010605932
0.022917419
0.010446842
-0.023084222
-0.010126228
-0.022781496
-0.010292146
0.022625991
0.0099856041
0.022182135
0.010108588
0.0098076506
-0.022312891
-0.0095159024
-0.0216784
-0.0097090362
0.021584565
-0.0098359508
0.010175918
0.021908895
0.010186318
-0.022049465
-0.021488592
-0.0098961875
0.021385204
-0.0098888658
0.023390924
0.010260808
0.023255526
-0.023568895
0.010050228
-0.023439596
-0.0096709573
-0.023114547
-0.0099189741
0.022941895
0.023767737
0.0098174323
0.023645726
-0.023998727
0.0095644409
-0.023884746
-0.0090487957
-0.023529444
-0.009381669
0.02330746
0.008940016
0.02275436
0.0092865365
0.0085302669
-0.022938067
-0.0080558663
-0.022126402
-0.008530587
0.021995569
-0.0089288589
0.0095749029
0.022447789
-0.022592933
-0.021879491
-0.009256311
0.02177516
0.0089870984
0.020928835
0.0092732778
0.0086241241
-0.020982617
-0.0083904943
-0.01991156
-0.008785892
0.019915
-0.0090982909
0.0081821229
0.021044226
0.007657478
-0.021114944
-0.0073495587
-0.019922593
-0.0079121145
0.019914185
0.0086653755
0.018739257
0.0090054304
0.0082385828
-0.01867476
-0.0081719334
-0.017277683
-0.0086332792
0.017405574
-0.0090052416
0.0096752408
0.020729668
0.0096553986
0.0096176211
-0.020785282
-0.0094719661
-0.019940181
-0.0095311734
0.019941817
-0.0095037921
0.0094834443
0.020834019
-0.020880488
-0.019922841
-0.0093273013
0.019932446
0.0092561565
0.018882201
0.0094152374
-0.018809249
-0.017542203
-0.0092830008
0.017685061
-0.009462099
0.0094805986
0.019022283
0.0094505401
-0.018954616
-0.017830135
-0.0095390023
0.017972411
-0.0095113979
-0.015760257
0.010669912
-0.015701709
-0.015699653
-0.010277778
0.015473963
-0.0099393457
0.015570629
0.010349998
0.015537777
-0.015495735
0.0099301441
-0.015133043
-0.0096455081
0.014828494
-0.0093244977
0.015231515
0.0095915731
-0.015008991
0.0091626662
-0.015279092
-0.014576018
-0.0089184333
0.014388414
-0.0084213322
0.014842042
0.0086366993
0.015129726
-0.01540058
0.0099281779
-0.015389273
-0.0095049149
-0.0089672469
0.01526551
0.0093970064
0.015265169
-0.014598177
0.0094417933
-0.013879923
-0.009335594
0.013492085
-0.009097682
0.014252182
0.0091547936
-0.012968978
0.0093424144
-0.011857719
-0.0094772545
0.011390928
-0.0093763648
0.012540215
0.0091670321
-0.012193663
0.0089164039
-0.013175899
-0.011019926
-0.0091974257
0.010753211
-0.0089300766
0.011938625
0.0085836043
0.012941563
-0.013968077
0.0087875051
-0.0087830825
-0.0083864024
0.013757428
0.0083345406
-0.015180107
0.0087495864
-0.015180159
-0.015040078
-0.0083200465
0.015024127
-0.0075580538
0.015158937
0.0079797044
0.015148964
-0.014743916
0.0080083063
-0.014277376
-0.0078290868
0.014252988
-0.007140303
0.01472711
0.007273978
