FiniteElementSpace
FiniteElementCollection: ND_2D_P1
VDim: 1
Ordering: 0

-0.023591071
-0.010556308
-0.02508944
-0.0091463798
0.027614999
-0.011849295
0.029035225
0.0085943179
0.029942624
0.007394036
-0.026120955
0.0060880072
-0.0041718937
-0.026661549
-0.002961518
-0.0052857843
0.030312731
0.0019806425
0.030142507
0.00093387528
-0.026703179
-0.00019744588
0.0022715475
-0.026254949
0.0033495455
0.0012594934
0.029450839
-0.0043767541
0.02827501
-0.0053961419
-0.02534199
-0.0064544921
0.0083960982
-0.024002502
0.0094736406
0.0073236312
0.026664419
-0.010065409
0.024673785
-0.011234178
-0.022283863
-0.012371444
-0.0091553424
-0.049334445
-0.01092292
-0.048580063
0.0053563844
-0.048801777
0.0065911105
0.052843988
0.0070846492
0.054269644
-0.012646895
0.053639463
-0.060683327
-0.014392724
-0.060112419
-0.055587646
0.004082057
0.056002766
0
0.062407952
0
0.078112778
-0.031673803
-0.013016166
-0.033007606
0.035760745
-0.014050267
0.037000197
0.010586323
0.037586825
0.0096676681
-0.03376961
-0.039890517
-0.014946696
-0.041027143
0.044117857
-0.015698855
0.04513893
0.011744388
0.045185597
0.011306496
-0.041389811
-0.0076298037
-0.040964289
-0.0070764417
-0.0077935147
0.044278123
0.0041702016
0.042590842
0.0041020795
-0.03981871
0.003636412
-0.0062697979
-0.033935119
0.037497505
0.036757403
0.0029008551
-0.033510263
-0.016288203
-0.049457771
-0.016583896
0.054228889
0.010683231
0.052702109
0.01170166
-0.04897664
-0.016613527
-0.060417918
0
0.061673732
0
0.054927332
0.0059257372
-0.055036955
-0.0027815195
-0.050770322
-0.0055629773
0
0.050441834
0
0.0467636
0.0011614333
-0.047084373
0.0025548212
-0.0073056655
-0.047309843
0.049647103
0.046451521
0.0036595749
-0.044886014
-0.00091775429
-0.042113761
-0.0010642542
-0.00053234924
0.043233865
-0.00095141536
0.03995651
-0.0012060662
-0.03911531
-0.0015146033
-0.00013511779
-0.043638123
0
0.043356468
0
0.039983524
-0.0006007561
-0.04023298
0.00035795614
-0.032530488
-0.00037691702
0.035432065
-0.0026238708
0.033606657
-0.0034377623
-0.031051755
-0.00087587985
-0.038075454
0.040349426
0.037728252
-0.0019765276
-0.035862035
0.0044572639
-0.033277465
0.0053302682
0.0036641399
0.034814547
-0.0054736562
0.031651949
-0.0066053521
-0.030386854
-0.0077396843
0.0062914825
-0.029138518
0.031364232
0.028773618
-0.0088941807
-0.026853543
