FiniteElementSpace
FiniteElementCollection: ND_R2D_2D_P1
VDim: 1
Ordering: 0

0
0
0
-0.03097295
0.0013141234
-0.011537092
0.0039609244
0
0
-0.008435071
0
-0.0026250811
-0.01881787
0.013094169
-0.0038833465
-0.020937645
0
0.00239659
0.011408566
0.0038337952
-0.00064657471
-0.0050464244
-0.0059539195
0
-0.0009758404
0
0
-0.0022622164
0
-0.0062639389
-0.018326608
-0.026145725
-0.036006137
-0.012976497
0
-0.01250315
0
0.00836217
0.0062112031
0.014042979
-0.0025120953
5.6030174e-05
-0.00089089204
-0.0040358628
-0.026880447
-0.011226017
-0.0090402497
-0.017031589
0.011320955
0.0067935706
-0.00091143138
0.0017398501
0.0031880337
0
0.0012763297
0.0041843277
0.013356377
0.007459874
0.0042685031
0.008619515
0.0029984772
0.00024539792
-0.0039877521
-0.0028773497
0.001378908
-0.0013619967
-0.0019241634
-0.0037132655
-0.0042237529
-0.0066092118
-0.0078087184
0
0.00011369699
0.0010866831
0
-0.00039850968
-0.0005992564
-0.00014487517
-0.0017014016
-0.0010528867
-0.0015224968
-0.0027043074
0
-0.00037019223
0
0
-0.0005182919
0
-0.0013320417
-0.0049543187
-0.0050926348
-0.0079273077
-0.0030931744
0
-0.0023534719
0
-0.0036001322
-0.026111789
-0.024839244
-0.031738345
-0.034404389
-0.016189425
-0.015783747
-0.022700766
-0.019655999
-0.022675083
-0.027811283
-0.0083853993
-0.0082648927
-0.010605532
-0.012918993
-0.014691884
-0.015893862
-0.011785175
-0.010776983
-0.01674483
-0.007609345
0
-0.0051247839
0
-0.0070285654
-0.014896867
0
-0.0096694471
0.0045723521
0.0020942662
0.0082118196
-0.0010977142
0.00095952476
-0.0029583656
-0.0058459729
0.0005919243
-0.00022430387
-0.0011793964
-0.0018153878
-0.00044528368
-0.00020487771
-0.00089943201
-0.0063351595
-0.0037559372
-0.0018184899
-0.0029436706
-0.029418609
-0.020004979
-0.023281648
-0.0052854756
-0.01011445
-0.015922361
-0.013959865
-0.0096877284
-0.0043078522
-0.0059680255
-0.0080458119
-0.01307579
0.0079953973
-0.012293657
0.0089012651
0.014170546
0.007073161
0.013291386
-0.0086731744
0.012206166
-0.0096836879
-0.011298846
-0.010651591
-0.019285702
0.00088292363
-0.01780408
0.0017423238
0.019422692
0
0.017922402
0
0.016300298
-0.0011387988
-0.016198223
-0.002251154
-0.017079002
0.0043354195
-0.015891376
0.0052333588
0.017851179
0.0034568285
0.016567491
-0.00442844
0.015124399
-0.005504378
-0.014531285
-0.0065741274
-0.013057857
0.0089834084
-0.011711814
0.010145491
0.013837617
0.007780219
0.01240665
-0.0088639532
0.010841468
-0.010209275
-0.01022831
-0.011497644
0.0065456047
-0.013018709
0.0052846669
0.013538483
-0.0060407238
0.011826898
-0.0074717348
-0.011376661
0.0082885966
-0.0096279393
0.0098281292
0.0067020562
0.010009894
-0.0072694314
0.0081073498
-0.0089942652
-0.0077959415
-0.010669076
0.011312226
-0.0086389077
0.012729164
0.009169938
0.0074185201
-0.012284837
-0.0069753762
-0.013830515
0.0013607951
-0.014468631
0.0026933251
0
0.014556445
0
0.012698435
-0.0015538444
-0.012624116
-0.0030794164
0.0017205251
-0.010677415
0.0034135
0
0.010738818
0
0.0086928689
-0.0018614156
-0.0086444044
-0.003697115
-0.012187265
0.0050754454
-0.010312979
0.012453582
0.010535754
0.0085313724
-0.0055015929
-0.0083525687
0.0058525471
-0.0063240309
0.0077391526
0.0039294494
0.0064581198
-0.0041093103
0.0043334999
-0.0061254143
-0.0042449503
-0.0081063824
0.0019764275
-0.0065420896
0
0.0065775944
0
0.0044108979
-0.0020649839
-0.0043883621
0.0021268955
-0.0022014575
0.004235723
0
0.0022115882
0
0
-0.0021629887
0
-0.0043091519
0.0063180576
-0.0021316612
0.0083665555
0.0021750152
0
-0.0064299723
0
-0.0085178276
0.013112192
-0.0052653104
0.014780918
0.011376408
0.0056109584
-0.011936776
0.0037652246
-0.013773821
-0.0035281667
-0.015550595
0.0095828166
-0.0059014812
0.0061388207
0.0041215389
-0.010045573
-0.003962167
0.010374811
-0.0019914648
0.012337194
0.0020707481
0
-0.01056613
0
-0.012569564
0.014249219
-0.0017730453
0.01610787
0.0018927901
0
-0.014524362
0
-0.016429003
-0.0056043668
0.015967172
-0.0048306329
0.01630629
0.0065004652
0.015484164
0.0056680792
-0.017127289
0.0046365577
-0.017555833
-0.0038454388
-0.017810621
-0.0074394348
0.014864675
-0.0065464376
0.0084049549
0.014117687
0.0074492893
-0.015771579
0.0063224681
-0.016528566
-0.0054698702
0.018166177
-0.0042456239
0.018760132
0.017375489
0.0050691467
-0.018943097
0.0037508209
-0.019805562
-0.002930117
-0.020428423
0.011255056
-0.010122205
0.012297338
0.010946197
0.0095447091
-0.012715181
-0.0088001428
-0.013845864
0.014064371
-0.007373933
0.015299273
0.0080387286
0.006466119
-0.015291661
-0.0058895621
-0.0166491
-0.0071742788
0.016411423
-0.0058773394
0.008005468
0.0066503625
0.0052442822
-0.01787762
-0.0045291825
0.019245688
-0.0032141791
0.020471536
0.017867005
0.0038480111
-0.018897018
0.0025115728
-0.020448982
-0.0020176325
-0.021895798
0.016370959
-0.0043920586
0.004860949
0.0032465546
-0.017260879
-0.0029123309
0.017912124
-0.0014560001
0.019664602
0.001629134
0
-0.018285649
0
-0.020102066
0.021372005
-0.00097124285
0.023048912
0.0012431519
0
-0.021896979
0
-0.023708705
-0.00052398573
0.024713127
-2.0171197e-05
0.026370748
0.0013844178
0.0005969279
0
-0.025618677
0
-0.027807158
