FiniteElementSpace
FiniteElementCollection: RT_R2D_2D_P0
VDim: 1
Ordering: 0

0.011425195
0.006839309
0.01044078
0.0078237234
-0.0096459936
0.0071574929
-0.0099641775
-0.004905157
-0.0085551497
-0.0063141847
0.010702325
-0.0060526399
0.0090272306
0.0057013073
0.007571045
-0.0063868266
0.0059960762
-0.0066815955
-0.0033528692
-0.0048871257
-0.005147339
0.0078132271
0.0062279183
-0.0013571704
0.0043242889
0.00054645898
-0.0032033699
-0.0011734711
-0.0033870693
0.0042903139
-0.001505698
0.0024089426
0.0044304171
0.0025150709
0.012349319
0.0052343176
0.011365764
0.0062178733
-0.011021996
0.0054254801
-0.011213158
-0.0031149015
-0.0097972893
-0.0045307702
0.011474611
-0.0044219229
0.004028952
0.0093057972
0.0042071461
-0.0087333438
-0.0014964923
-0.0070091551
-0.0032206809
0.0094115766
0.00047229087
0.0076517555
0.0022321119
-0.0070833233
-0.0051217489
0.00055349649
0.0076511856
0.00055292657
0.0022058725
0.010012121
0.0036683622
-0.0098235288
-0.0079857241
-0.0012848781
0.0099511415
-0.0013458578
-0.0097274443
0.0027773963
-0.0088364784
-0.0091227837
-0.0019505184
0.0099462173
-0.0011772508
0.0091729497
0.0032193025
0.009614856
-0.0096564578
0.0025723736
-0.0090095289
-0.0090126426
-0.0018210661
0.0092015314
-0.0013484959
0.0087289612
0.0029960258
0.0091526135
-0.0040629714
-0.007677033
-0.0051665115
-0.0065734928
0.0073146288
-0.0069002384
0.0065378342
0.0090223338
0.0069722097
0.0085879583
-0.0044820671
0.0092724027
-0.0082475511
-0.0094776865
-0.0079267612
-0.0097984765
0.010460488
-0.0079934366
0.0089762377
0.0089544815
0.0078995183
0.010031201
-0.0065397287
0.011418233
-0.010797952
-0.0049478851
-0.010332134
0.0059727345
0.0056973223
0.011693645
-0.0040412078
0.012600323
-0.011707211
-0.0068022771
-0.010516052
0.013365453
-0.0047662563
0.011329432
0.0051524837
0.009439281
0.0070426347
-0.0086042052
-0.013338286
-0.0037816299
-0.013597864
-0.012046039
0.0044050758
0.013022044
0.0033949543
0.014032165
-0.0025888458
0.015224949
-0.011027182
-0.0055208713
-0.0092192715
0.0060916081
0.0096122688
0.0044032427
0.011300634
-0.0037994618
-0.011606779
-0.002101652
-0.013304589
-0.0094707577
0.0022672213
0.0091251287
0
0.01139235
0
0.013494002
-0.014944233
-0.0015457028
-0.015987376
0.0017553108
0
0.015249313
0
0.016795016
-0.0015303845
0.0079982501
0.0004225068
-0.0016064555
-0.0079096532
0.0048280753
-0.0056448173
0.0025632394
0.0078404901
0.0024054793
-0.0036876816
0.0055699595
-0.003648962
-0.0051604685
0.0069620968
-0.0030435894
0.0048452177
0.0055528171
-0.0056084968
0.0024708823
-0.0054034325
-0.0017107624
0.0085160804
-1.1579118e-05
0.0068168971
0.0026160819
-0.00078580689
-0.010930057
-0.0019645649
-0.0097512986
0.0033784595
0.0027805366
0.0032745904
0.012106269
-0.001447106
0.012623728
-0.010059944
0.00076227204
-0.0082061338
-0.00032022419
0.00094068437
0.011362819
0.0010454737
0.011646021
-0.014338431
-0.00031683244
-0.012976125
-0.01389472
0.00049697293
0.016199243
0.0010002108
0.015696005
5.7954435e-05
0.016070792
-0.014407156
-0.0019595417
0.0024652984
0.0021905073
0.01549974
-0.0012600389
-0.017064702
-0.00093114331
-0.017393598
0.0011131806
0
0.017908196
0
0.018839339
-0.017956342
-0.00037049586
-0.017527892
0.0004374663
0
0.019276806
0
0.019647302
0.0033014419
-0.013305687
0.00074392049
-0.010748166
-0.0010420905
-0.0013716525
7.7043328e-05
0.014622096
0.0012863708
0.015164547
-0.017821099
-0.00011381264
-0.016420915
-0.00021616317
0
0.019431138
0
0.019544951
0.0021418986
-0.017606681
-0.0030541636
-0.012410619
0.00038630728
-0.00079945882
0
0.018745492
0
0.021799656
-0.0087320851
-0.014394382
-0.0067483221
0
0.013067571
0
0.010436061
0.0026315098
-0.0094972717
0.00752862
0.00038380157
0.00053937306
0.00070393599
0.00050670502
0.00069636446
0.00085178927
0.0011005069
0.00090297035
0.0015855406
0.0019013763
0.0021743398
0.0018234282
0.00018718808
0.0004102445
0.00051737816
0.00025437289
0.00064305921
0.00088164288
0.0010699359
0.00079071921
0.00094736646
0.0012660837
0.0014672587
0.0011105553
0.00033173283
0.00063424319
0.0007587324
0.00041745853
5.5053034e-05
0.00010503185
-0.00019837972
-0.00021617312
-0.00050386497
-0.00051660684
-0.00084255249
-0.00080127335
0.0035151294
0.003840347
0.0041902973
0.0038473312
0.0048430248
0.0051492339
0.0054431507
0.0051357345
0.0041550631
0.0045110578
0.0047986109
0.0044341007
0.0054272885
0.0056738227
0.005956091
0.0057178791
0.0046805982
0.0050494342
0.0052604765
0.004891124
0.0053878543
0.0056931032
0.0058971532
0.0055968514
0.0057606882
0.006053861
0.0061622807
0.0058778357
0.0050626638
0.0054291755
0.0055534504
0.005192657
0.00050959381
0.00088863724
0.0010217526
0.00060606853
0.0012777982
0.0016705935
0.0018732904
0.0014466633
0.0020609946
0.0024439527
0.002706408
0.0022949506
0.0033768465
0.0037765019
0.0040441026
0.0036303562
0.0025220313
0.0029578974
0.003194635
0.0027390064
0.0029425685
0.0034128511
0.0036087709
0.0031292483
0.0038604424
0.0042836148
0.0044913408
0.0040632984
0.004235318
0.0046639285
0.0047983932
0.0043731768
0.0032953572
0.0037786711
0.0039189279
0.003437061
0.0019423132
0.0024514765
0.0026258495
0.0020992851
0.0022501162
0.0027860377
0.002928143
0.0023911332
0.0010891135
0.0016840281
0.0018211147
0.0011973834
0.00051236217
0.00052775921
-4.9855243e-05
-3.090676e-05
