FiniteElementSpace
FiniteElementCollection: RT_R2D_2D_P0
VDim: 1
Ordering: 0

-0.014258446
-0.0075841912
-0.016325249
-0.0055173878
0.018051503
-0.0049902125
0.015457525
0.0072671249
0.016846382
0.0058782677
-0.013930077
0.0082734393
-0.011695982
-0.0076251756
-0.013835094
-0.0054860633
0.015113145
0.013005357
0.014765569
0.0065132267
-0.011769529
0.0085787923
-0.017103306
-0.0068426837
-0.018955778
0.021712905
-0.0032008051
0.018071026
0.0044475625
0.018169779
0.0043488097
-0.016037462
-0.0057731377
-0.016289297
-0.005521303
-0.0031776506
0.015574292
0.0038953534
0.014875
0.0045946454
-0.013845192
0.0070387509
-0.017464421
-0.0021167782
-0.016403549
0.0178727
0
0.015755922
0
0.014074601
0.0016813208
-0.014189516
-0.0019369769
-0.012866538
-0.0032599552
0
0.012137625
0
0.01046025
0.0016773749
-0.01086291
0.0036810027
-0.0054816801
-0.013353751
-0.0059731209
0.012653275
0.011581059
0.0047532187
-0.011154821
0.006952148
-0.0092151407
-0.013338446
-0.0076462233
-0.0069471276
0.012497556
0.0091274192
0.013494744
0.0081302314
-0.01114575
0.010322927
-0.0080876278
-0.015070578
0.014280057
0.014573461
0.006745347
-0.012688506
-0.0083106851
-0.012985591
-0.0080136
0.012235896
0.011860631
0.0073274133
-0.010715474
0.0095975299
-0.010298158
-0.012059867
-0.0093840416
0.011210186
0.01149763
0.0093100855
-0.0098201578
0.011549794
-0.010891486
-0.010092705
-0.010618939
-0.0086577198
0.0092638636
0.0096586966
0.008963696
0.0099588643
-0.0078691851
0.012182384
-0.0083406231
-0.010398377
-0.0061702682
0.0096902763
0.0067041996
0.0088808408
0.0075136351
-0.0082533159
-0.0080142513
-0.0074856126
-0.0087819546
-0.006017638
0.0068842276
0.0061413895
0.0057962434
0.0072293737
-0.0055186871
0.0091962992
-0.010906891
-0.0075511431
-0.011224933
0.0068387597
0.0060631456
0.0099719132
-0.0054434261
0.01207963
-0.0052632588
-0.010247812
-0.0032405394
0.0095583397
0.0034299977
0.0083006351
0.0046877024
-0.0082313148
-0.0018067523
-0.0094291229
0
0.0086534973
0
0.0070539832
0.0015995141
-0.0075986393
-0.0016202968
-0.0061725733
-0.0030463628
0
0.0054336864
0
0.0040115968
0.0014220896
-0.0045674787
0.0030271842
-0.0048735498
-0.0070872266
0.0064734481
0.0051653377
0.0043352946
-0.0052811316
-0.0042195645
-0.0040349447
-0.0054657514
-0.0026422171
0.0035879903
0.0024223669
0.0023501358
0.0036602215
-0.0024923087
0.0052028575
-0.001340798
-0.0032660596
0
0.0026707988
0
0.001546517
0.0011242818
-0.0019679745
-0.00093260158
-0.00091782779
-0.0019827482
0
0.0006139154
0
0
0.0006139154
0
0.0015317432
-0.0032529712
-0.0012549743
-0.0044903056
0.0010799128
0
0.002611656
0
0.0038666304
-0.010246802
-0.0046115335
-0.011078694
-0.0083220069
0.0041383506
0.008160949
0.0030058697
0.00929343
-0.0027503817
0.011154582
-0.0072367265
-0.0044334067
0.0040252683
0.0027863043
0.0064418214
-0.0027142791
-0.0059886314
-0.0014334126
-0.0072694978
0.0012879785
0
0.0051546089
0
0.0065880215
-0.008910931
-0.0015235387
-0.010137774
0.0013644365
0
0.007952458
0
0.0094759967
0.00083775636
0.00089559719
0.00074308026
0.00069265688
0.00066352692
0.00075914872
0.00061951433
0.00052752719
0.00092783729
0.00092749072
0.0007579996
0.00076628531
0.00061861734
0.00060904364
0.00048129663
0.00048847092
0.00057343779
0.00051625163
0.0004058052
0.00045246002
0.00035221632
0.00031531673
0.00024266908
0.00027072818
0.00037702283
0.00037389997
0.00028556356
0.00028413446
0.00039838572
0.00048707522
0.00036478003
0.00027874219
0.00055553195
0.00060036688
0.00047149193
0.00042982943
0.00031838309
0.00035897059
0.0002638752
0.00022301785
0.00017114745
0.00025533168
0.00016086497
7.7826586e-05
4.6562877e-07
8.272746e-05
2.1458932e-05
-5.9953449e-05
0.00014455668
0.00018624663
0.00012545075
8.2977241e-05
3.7612712e-05
8.0363865e-05
4.9517364e-05
7.287357e-06
-0.00010319296
-2.3152543e-05
-5.1939127e-05
-0.00012974391
0.00020900442
0.00021479632
0.00015998242
0.00015041836
0.00020614787
0.00018589723
0.00014307955
0.0001566276
0.00012028255
0.00011226139
9.1459647e-05
9.5163113e-05
0.00010688861
0.00011937109
9.1104091e-05
7.6705597e-05
5.7999962e-05
7.3222529e-05
6.3704192e-05
4.877464e-05
7.9274515e-05
7.8663391e-05
7.187254e-05
7.0592311e-05
6.7104353e-05
6.9136225e-05
6.8621566e-05
6.6849763e-05
4.6954659e-05
6.048946e-05
6.1523077e-05
5.0418757e-05
-0.00014071375
-6.6243095e-05
-6.7781239e-05
-0.00013771131
-9.5481505e-06
3.117245e-05
2.3401087e-05
-1.4730828e-05
-1.0293836e-05
2.4134034e-05
3.1216633e-05
1.5900666e-06
-0.00012269547
-5.8548914e-05
-4.0722662e-05
-9.7866878e-05
