FiniteElementSpace
FiniteElementCollection: ND_2D_P1
VDim: 1
Ordering: 0

-0.020237946
0.016989589
-0.018747837
0.018351012
0.020377149
0.015455072
0.018883788
-0.015640607
0.017201567
-0.017169417
-0.017067084
-0.018525728
-0.020184235
0.019519588
-0.01867754
0.020482532
0.020171981
0.018675537
0.016983895
-0.019687065
-0.01696715
-0.020636792
-0.020456977
0.0212347
-0.018943168
0.021778701
0.020278498
0.018763898
0.017033435
-0.021366231
-0.017199169
-0.021876033
-0.021063162
0.022124222
-0.019598511
0.022286622
0.020719554
0.019220938
0.017477765
-0.022176107
-0.017876768
-0.022283943
-0.02058292
0.013773144
-0.019071972
0.020845358
0.011973783
0.019299165
-0.012170823
0.017569699
-0.013965332
-0.017373578
0.014178558
-0.015516569
0.015863492
0.012372351
0.015686263
-0.012573894
0.013674652
-0.014403703
-0.01352836
-0.01611207
0.022304036
-0.015893215
0.022339523
0.022061064
0.015491473
-0.022356458
0.013267341
-0.022532887
-0.0136431
-0.022476389
0.021589488
-0.015233938
0.020879409
0.015103285
-0.02121732
0.013000071
-0.021920577
-0.013064433
0.022378048
-0.01072117
0.022793059
0.021654073
0.010766474
-0.022181803
0.0084706739
-0.02297884
-0.0082619434
-0.023414141
0.022898063
-0.011119728
0.022726207
0.010816736
0.0081644521
-0.023454932
-0.0083118245
-0.023138025
0.01993387
-0.015074709
0.018767328
0.015121956
-0.019067351
0.013122171
-0.020257989
-0.013031974
0.017401924
-0.01522227
0.015358211
0.013382612
-0.017675518
-0.0132442
0.017976096
-0.011165116
0.019412203
0.01637441
0.011302457
-0.016638252
0.0091417825
-0.018286973
-0.0090142658
-0.019781485
0.020651363
-0.010883249
0.011023439
0.0088654114
-0.021093698
-0.0086858809
0.021549405
-0.0064931701
0.022760616
0.020149348
0.006678414
-0.020490292
0.0044751844
-0.021975124
-0.0043287537
-0.023317495
0.018590455
-0.0068132831
0.016891871
0.0069192861
-0.017125597
0.0046483366
-0.018871028
-0.0045742485
0.019118366
-0.0023020931
0.020786466
0.017332998
0.0023388454
-0.017511081
0
-0.019328382
0
-0.021031678
0.022336441
-0.0021763963
0.023778193
0.0022521402
0
-0.022621166
0
-0.024110508
0.023721371
-0.0058027549
0.024275934
0.0062193399
0.0040848097
-0.024498715
-0.0036264556
-0.025439
0.025142182
-0.0017706813
0.026491345
0.0020443362
0
-0.025544671
0
-0.027054329
