FiniteElementSpace
FiniteElementCollection: RT_R2D_2D_P0
VDim: 1
Ordering: 0

-0.0018586425
0.0011743047
-0.0010328076
0.00034846974
-0.00012262211
0.0012303676
-0.00017868498
-0.0019515572
-0.00085712092
-0.0012731212
-0.00084895757
-0.0010892712
-0.0051149274
3.1566084e-05
-0.0041996699
-0.00088369136
0.0032194926
0.0029025889
0.0020105129
-0.00019719519
-0.0037645627
0.00023791204
0.0027426441
0.0023578688
0.0038125829
0.00128793
-0.0053321471
0.0018626305
-0.0048369089
-0.0025501494
-0.0058824754
-0.0015045829
0.0034383843
-0.0018787815
0.0021035732
0.0043279982
0.0012139593
0.0014626742
-0.0052415764
-0.0020001636
-0.0058971909
-0.0013445491
0.0039016847
-0.0017708626
-0.00015663363
0.001445767
0.00072863597
0.00056049745
-0.0022559666
-0.0020241589
-0.0028332744
-0.00096174715
0.00064222583
-0.0010481573
0.0091017942
0.0040536263
0.011128092
0.0020273288
-0.014563801
0
-0.010510174
0
-0.0098276902
-0.00068248426
0.0090161006
-0.0027944753
0.0009218192
0.0089569753
0.00098094458
0
-0.008905871
0
-0.008460295
-0.00044557598
0.0080916629
-0.0013108883
0.00058188434
0.0078585037
0.00081504352
0
-0.0078784107
0
-0.0074263491
-0.00045206156
0.0072536381
-0.0010569272
0.00056774185
0.0068999488
0.00092143112
0
-0.0068586073
0
-0.0063086613
-0.00054994594
0.0063040814
-0.0011458133
0.0015144971
0.0014220055
0.00073471743
0.0012704859
-0.0025892631
-0.0018339038
-0.0031913538
-0.0012318131
0.0013366689
-0.0013171497
0.0041259102
0.001971316
0.0044647224
0.0016325037
-0.0056160436
0.0015098127
-0.0051545403
-0.0019470341
-0.0052053911
-0.0018961832
0.0041165995
-0.0022443062
0.001858656
0.0019649573
-0.0029652016
-0.0033515988
-0.001857909
0.0018713091
0.002585871
0.0023126461
0.0021445341
0.0023392113
-0.003104939
-0.0030100815
-0.0032551962
-0.0028598243
0.0021571687
-0.0030153017
0.0024427621
0.0042201503
0.0019805357
-0.0047431648
-0.0024240517
-0.0045597142
-0.0026075022
0.003817571
0.0031697914
0.0036607705
0.003326592
0.0026081924
-0.0039981152
-0.003025449
-0.0035499906
-0.0034735736
0.0031164034
-0.0040179407
0.0036733589
0.0023509706
0.0034795569
-0.0029084293
-0.0027658242
-0.0041605459
0.0020550458
-0.0044564707
0.00065928797
0.0058016323
0.0011617371
0
-0.0056493733
0
-0.0049601592
-0.00068921419
0.0051149953
-0.0013758511
0.00078571812
0.0044430833
0.0014576301
0
-0.004174441
0
-0.0033482584
-0.00082618262
0.0036310241
-0.0016382419
0.00088795149
0.0028010686
0.0017179069
0
-0.0024603069
0
-0.0015664172
-0.00089388968
0.0018840202
-0.0018109381
0.00086841747
0.00096484517
0.0017875925
0
-0.00069799978
0
0
-0.00069799978
0
-0.0016628449
0.0020863553
0.0027826026
0.0011231078
0.0037458501
-0.0020656156
-0.0010706055
0
-0.0027334504
0
-0.0038565582
0.0049929989
0.0019142567
0.005133788
0.0044618249
-0.0022346502
-0.0050922006
-0.0017292519
-0.0055975989
0.0013929471
-0.0061189085
0.0039946391
0.0026492175
0.0032594484
-0.0028147999
-0.0035786732
-0.0020643834
-0.0043290898
0.0018861067
0.0047155255
0.0010550031
0.0055466291
-0.0010947079
0
-0.0049512661
0
-0.0060062692
0.0063435905
0.00083150398
0.0069050337
-0.00093229056
0
-0.0069385598
0
-0.0077700637
-0.0023737119
0.0027513468
-0.001386014
0.0017636489
0.00085886818
0.0029693885
0.00064082644
-0.0042211615
-3.4194432e-05
-0.0035461406
-0.0010930512
-0.0032531778
0.0050453591
-0.00031331718
0.0042656251
0.0051114162
-0.0001002515
-0.0064769901
-0.00039749352
-0.0061797481
-0.00018919889
-0.0060556298
0.00061377046
0.0053832472
0.00088560154
-0.0015480464
-0.0012985871
-0.0011457995
-0.0062716962
0.00068030761
0.0074167953
0.00049763357
0.0075994693
-0.00063403787
0
-0.0084041016
0
-0.0089017352
0.00096692369
0.0011549673
0.0011903367
0.00099197646
0.00058300474
0.00077478741
0.00078736158
0.00058076876
0.0011394207
0.0012628855
0.0013671124
0.001245305
0.0013435861
0.0014652035
0.0015564225
0.0014337587
0.001060342
0.0012071286
0.0012950358
0.0011444967
0.001510261
0.0015364101
0.0016329014
0.0016067126
0.0017012491
0.0017270159
0.0018176032
0.0017919832
0.0018776181
0.0019033976
0.0019833331
0.0019571514
0.0020298135
0.0020565848
0.0021225456
0.0020950569
0.0012181142
0.0013734349
0.0014423016
0.0012813729
0.0016525889
0.0017835939
0.001842872
0.0017080385
0.0013346153
0.0015017673
0.0015521094
0.0013783416
0.0014131891
0.0015937393
0.0016271928
0.0014399267
0.0017549646
0.0018938356
0.0019366424
0.0017937026
0.0018246729
0.0019715522
0.0019989119
0.0018483741
0.0014594049
0.0016530899
0.0016721127
0.0014725363
0.0021525201
0.0021808084
0.0022311569
0.00220203
0.0022435495
0.0022735207
0.0023079688
0.0022771765
0.0023031165
0.0023346886
0.0023539679
0.0023216651
0.0023331883
0.0023661853
0.0023718175
0.0023380922
0.0021690772
0.0022672223
0.0022711398
0.0021718484
0.0014802466
0.0016849733
0.0016923698
0.0014834295
0.0018653454
0.0020191317
0.0020326539
0.0018761407
0.0018812949
0.0020399314
0.0020414049
0.0018813039
0.0014828917
0.0016949543
0.0016932949
0.0014793087
0.00052436559
0.000775624
0.00076112394
0.00049613543
0.00046723681
0.0007445632
0.00072789586
0.0004402639
0.0010075114
0.001253587
0.001251546
0.00099897679
0.00098990437
0.0012471915
0.0012413495
0.00098135637
