FiniteElementSpace
FiniteElementCollection: ND_R2D_2D_P1
VDim: 1
Ordering: 0

0.01879565
0.091670671
0.033372135
0.10038356
0.0090659522
0.021043781
0.064302282
0.064083154
0.10951685
0.04548052
0.092950298
0.049399078
0.082584963
0.014915206
0.0019961767
0.028335632
0.056160039
0.042364824
0.033285829
0.029669663
0.048534054
0.058204303
0.079215435
0.081377693
0.080887648
0.035669666
0.1035395
0.10565065
0.10866451
0.10262144
0.098653937
0.031452804
0.0618279
0.064742364
0.10246311
0.077528216
0.089005956
0.08453766
0.036574491
0.0186561
0.043851956
0.071194882
0.05981646
0.096301706
0.10808522
0.077839489
0.046001491
0.10015456
0.098850878
0.088701927
0.017252835
0.026007801
0.040038686
0.030823574
0.012298495
0.018951069
0.032895847
0.037535909
0.051385247
0.047034585
0.060851831
0.053887069
0.0056921288
0.010533074
0.023748823
0.039723948
0.039447224
0.051445035
0.052859303
0.027235532
0.026054042
0.036889102
0.032424083
0.04111058
0.047369633
0.056881852
0.062655968
0.064768915
0.077163996
0.073829713
0.065375249
0.07252288
0.076737961
0.086452543
0.088076914
0.051676908
0.048205446
0.027549298
0.073330604
0.071241655
0.089925308
0.089914879
0.098906659
0.10167678
0.1079872
0.10941362
0.10229778
0.10076353
0.10834691
0.10488185
0.097157444
0.11060006
0.1101414
0.10599428
0.10308621
0.10691175
0.064826016
0.070643908
0.080533684
0.057622254
0.05782579
0.073851886
0.033387384
0.038856779
0.048643556
0.10407091
0.10282946
0.1081694
0.10207542
0.10571001
0.095014027
0.081190215
0.090196898
0.095185998
0.096320585
0.093810063
0.08791612
0.097218007
0.028572594
0.022568869
0.042314385
0.050583873
0.014736215
0.045959557
0.032446242
0.039478097
0.054667792
0.069350606
0.058742968
0.069464926
0.08232482
0.039557427
0.062665319
0.081999651
0.094969291
0.10576579
0.10323607
0.11013331
0.10709257
0.072193187
0.064851067
0.040487757
0.10617523
0.10715503
0.092619675
0.10138574
0.096063174
-3.7883494e-05
-0.00055233129
0.001096537
-0.0017436741
0.00099059723
0.0005884023
-8.7706319e-05
-0.0038307958
-0.0011930357
-0.0026675246
0.0023216207
-0.0013547389
-0.0019895572
0.0015899508
-0.001031502
0.0030797433
0.002421607
0.0022492687
-0.0056186522
0.0013766062
-0.0048234002
-4.1302677e-05
0.0082776633
0.00097875854
0.0073003241
0.0090291778
0.00046237743
-0.012627798
-0.00049192485
-0.011929264
0.0020257147
-0.010975573
0.0061229136
0.0035511059
0.0047730647
-0.0023181765
-0.0034571134
-0.0097928944
0.0047808946
-0.0084101435
-0.0042612982
0.003058826
-0.0035611077
0.0055303242
0.0034800356
0.0049620485
-0.0065249119
0.0043279088
-0.0061927058
-0.0028074457
-0.0011370444
0.016708631
-0.00022627865
0.01638495
0.0028514131
0.016706818
0.0020174277
-0.020311544
0.0011408153
-0.020471956
0.00072140248
-0.020268112
-0.0046378882
0.016371981
-0.0038728997
0.0064797451
0.01570747
0.0057691365
-0.018884474
0.0050059608
-0.019781142
-0.0030593915
0.023159472
-0.0022371289
0.023936669
0.021972674
0.0042375728
-0.024901314
0.0035170089
-0.026441341
-0.001455786
-0.0275264
0.024296744
0.001685222
0.02424471
0.00025102599
-0.00060878838
-0.028141253
0.002633729
-0.028284352
0.013649751
0.0060074606
0.012239744
0.01483049
-0.0046071733
-0.018839176
-0.0057674656
-0.017667405
0.0072304296
-0.016234616
0.015751391
0.0030971522
-0.0014829813
-0.002503874
-0.019715957
0.0041896927
0.023796429
0.0052981189
0.022978099
-0.0035424574
-0.0045788441
-0.027971104
0.0064135243
-0.027230424
0.021823445
0.008452956
0.02037068
-0.0069374784
-0.0081175284
-0.026101634
0.0096807196
-0.024630875
-0.0024181638
-0.0013024991
-0.0029079971
-0.001689881
-0.0019682108
0.0031475172
-0.0024681465
0.0038131806
-0.00086930008
0.0043079798
-0.00081410617
0.0054631158
0.00020203666
-0.0091675033
0.001335272
-0.0097583296
0.0023163972
0.0060179791
0.0013438247
0.013049958
0.0025939352
-0.017082975
-0.0010090303
-0.017694514
0.00022037734
0.013659798
0.003934177
0.021243781
0.0053452704
-0.025516185
-0.0037184876
-0.026076602
-0.002329852
0.021838309
0.00065926969
0.02213628
-0.00064166988
0.0020198407
-0.026289521
-0.00027238341
-0.02614172
0.0010597889
0.02212375
0.0023408846
0.014221733
-0.0052504124
0.014155692
-0.0063064493
-0.018144071
-0.0040704641
-0.017963299
0.0058088855
-0.01750932
0.0069838134
0.013854307
0.0080330898
-0.0028049716
0.021794817
-0.0014997889
-0.025626167
0.0032679539
-0.024746679
0.0045537365
0.021148671
-0.006280701
0.02019234
-0.0075343713
-0.0050054207
-0.023513196
0.0066852844
-0.021943619
0.0079620715
0.018937031
0.0092229872
0.03222684
0.0075211251
0.031590238
0.032360614
-0.0055811544
-0.036446387
-0.0064940646
-0.036561978
0.0085932328
-0.03607057
0.040985765
0.0095734276
0.040712117
0.040498358
-0.0072130004
-0.044408061
-0.0075296029
-0.045499228
0.010322887
-0.045602924
0.029550942
-0.00077838915
0.031018854
0.02759434
0.0028975181
-0.029951489
0.0024312571
-0.032387442
-0.00028043593
-0.034327007
0.030405835
0.0034055039
0.030507318
-0.034843956
0.0047705461
-0.034797322
-0.0028922357
-0.034253817
-0.0016088469
0.03018585
-0.00020744665
0.029440118
0.0010012309
-0.033216481
0.00085256166
-0.03171155
0.0020105164
0.028278301
0.038340067
0.0020286937
0.036921893
-0.042425582
0.0027115214
-0.040468201
-0.00074277348
-0.037977948
-0.00010775137
0.034984953
-0.003765831
0.026721847
-0.0026300397
-0.029775931
0.0042996792
-0.027456552
0.0054460236
0.024798034
-0.0095742699
0.017398365
-0.010851215
-0.0082856941
-0.02005894
0.0097885059
-0.017882915
0.01109728
0.015592912
0.012395722
