FiniteElementSpace
FiniteElementCollection: ND_R2D_2D_P1
VDim: 1
Ordering: 0

0
0
0.091670671
0
0.024187887
0
0.080966935
0
0.0680245
0
0
0.049399078
0.082584963
0.037427427
0.079215435
0.1035395
0.012992137
0.064742364
0.092416744
0.035899876
0
0.027468688
0
0.053809678
0.083607575
0.10246311
0
0.048489726
0
0.037794733
0.077528216
0.089005956
0.054375345
0
0.019383941
0
0
0.018595886
0.077839489
0.019557225
0.037573257
0.10015456
0.050726721
0.044273295
0.098850878
0.073083384
0.029302681
0.0090265213
0.086452543
0.080533684
0.086253905
0.094091219
0.073851886
0.074085149
0.089364313
0.042956369
0.028656318
0.023621597
0.040100681
0.030097722
0.019114864
0.016271656
0.010062025
0
0.014288512
0.054429841
0.0469993
0.071165826
0.05782579
0.032872842
0
0.020140689
0
0.035343744
0.097780529
0.10407091
0.098906659
0.083967186
0.094678334
0.08454256
0.095014027
0.10282946
0.054126506
0.070799007
0
0.028251324
0
0.02619899
0.050519595
0.068025875
0.046991188
0.062733932
0.081190215
0
0.023495879
0
0.019740698
0.04149158
0.05421369
0.073685346
0.090196898
0.080066934
0.095185998
0.061907242
0.064835833
0.082105717
0.033881783
0.042668133
0
0.015030163
0
0.0096837505
0.024536424
0.028823222
0.014210325
0.013931377
0.028208155
0
0.0042696058
0
0
0.0041950253
0
0.0091251287
0.086989882
0.080842765
0.033669039
0.023448606
0.011904418
0.061103134
0.045821735
0.016514252
0.023260898
0.099031236
0.091633098
0.094579529
0.069816762
0.028342649
0.026866378
0.068665329
0.065294956
0.024813986
0.021662042
0.058603352
0.085371362
0.072766779
0.048614557
0.017437201
0.012377681
0.021351434
0.0069195914
0.0018321473
0.0066640581
0.0096807196
0.030498515
0.010924359
0.029008341
-0.0081175284
0.031590238
-0.0093068951
-0.03607057
-0.010503656
-0.03502989
0.012198842
-0.033516
0.039747528
0.013529547
0.038196649
0.040712117
-0.011696821
-0.045602924
-0.012854953
-0.044762979
0.014951133
-0.043154212
0.0046955872
0.044732108
0.0038882275
0.047793414
-0.0021212114
0.041272249
-0.0015085548
-0.041717174
-0.00066700562
-0.045753
0.0024040419
-0.049815797
-0.00010477298
0.037587142
-0.00037704358
0.0020103033
0.033746976
0.0019063337
-0.033649533
0.0016498671
-0.037695873
-0.00062822129
0.04526986
0.000865465
0.049752782
0.041077505
-3.7473862e-05
-0.03961567
0
-0.043591205
0
-0.047793988
0.05033316
0.016544469
0.048601745
0.050867656
-0.013819958
-0.056881656
-0.014402762
-0.056876061
0.018216145
-0.055136314
0.010322887
0.050051167
0.010535552
-0.0075296029
-0.0069148311
-0.0048872154
-0.053771688
0.0086790763
0.054813127
0.0042332138
0.060819498
-0.002103998
0
-0.052580263
0
-0.058780192
0.06725172
0.021942125
0.063557551
-0.0087686488
0
-0.068723885
0
-0.090932153
0.006810996
0.029898059
0.0053452704
0.0083170732
-0.034405623
-0.0065928734
-0.034843956
-0.0051482081
0.030405835
-0.0037184876
0.0098583702
0.039091799
0.011432907
-0.04406419
-0.0093736616
-0.044275093
-0.0080161479
0.039434099
0.0060550094
0.03918819
0.0047705461
0.0071375649
-0.043715372
-0.0048850175
-0.042425582
-0.0040317431
0.038340067
-0.0028922357
0.013084952
0.049581927
0.014632812
-0.056014129
-0.011370772
-0.055615146
-0.010502901
0.049505023
0.017992439
0.066254798
0
-0.072210121
0
-0.062807354
-0.0078506694
0.061378295
0.004063821
0.056252279
0.0071534274
0
-0.056471174
0
-0.051381546
-0.002166286
0.051535699
-0.0042074686
0.007826822
0.04844168
-0.053067563
-0.049688699
-0.0051151946
0.046372011
0.0028099244
0.04363428
0.0027115214
0.0021681966
-0.046003905
-0.00068999495
-0.042178916
-0.00093252891
0.040472222
-0.00074277348
0.0010259529
0.047123389
0
-0.046837515
0
-0.042521149
-0.00025432093
0.04286743
-0.00031348211
0.038663192
-0.00043505836
0
-0.038277234
0
-0.034028827
0.0007562194
0.034449744
0.0013287666
-0.00059676133
0.037023014
-0.00098739744
-0.038255631
-0.034240275
0.0018610433
0.033359187
0.0024922711
0.034984953
-0.0016769573
0.032602386
-0.0026300397
-0.037977948
-0.035076672
-0.031856047
0.003302339
0.029845125
0.0042996792
-0.0047659557
0.026775513
-0.0058449203
-0.0038023764
-0.028379869
0.0049498799
-0.024694584
0.0060783775
0.023443999
0.0072596415
-0.0029257285
0.029522392
-0.0020635744
-0.030134427
0.0026868834
-0.025942809
0.0038392432
0.025541284
-0.0011179207
0.030195509
0
-0.029743231
0
-0.025414223
0.0014243564
0.025891687
-0.0016929146
0.021544031
-0.0032296281
0
-0.021053545
0
-0.016685488
0.0019356871
0.017170365
0.0037151491
0.017241927
-0.0059953709
0.012972322
-0.0076875334
-0.017355067
-0.0041614135
-0.012999319
0.0045846008
-0.0086363055
0.00659558
0.0086572256
0.0084381467
-0.0021632709
0.012796413
0
-0.01234507
0
-0.0080767995
0.0023854591
0.0084544031
-0.0026147083
0.0041792237
-0.005000186
0
-0.0039367656
0
0
0.0028715649
0
0.0054238489
-0.0071665729
0.0043239904
-0.0091380745
-0.0042939597
0
0.0077240797
0
0.0098027403
