FiniteElementSpace
FiniteElementCollection: RT_R2D_2D_P0
VDim: 1
Ordering: 0

0.0076653139
-0.007610801
0.0070214353
-0.0069669224
-0.0072145161
-0.0078912978
-0.0069340193
0.0079161109
-0.006370505
0.0073525967
0.0065941047
0.006925266
-0.007059239
0.0061418608
-0.0066069952
-0.0074250102
-0.0060047339
0.00684647
-0.0056759988
0.0065177349
0.0056397153
0.0060155894
0.0061166004
-0.007874291
0.0056673195
-0.00538698
-0.0079954308
-0.0052658403
0.0074598835
-0.0049511716
0.0071452148
0.0053685747
-0.0056267021
0.0054446851
-0.0054316719
-0.0060828187
-0.0052198822
0.0048789125
-0.0051741439
0.0048331742
0.0048611613
0.0042496504
-0.011071524
-0.0064387548
-0.011599692
-0.010394166
0.0062479082
0.0092735843
0.005401541
0.010119951
-0.0058053013
0.010753405
-0.0087927458
-0.0049565377
-0.0096415094
-0.008163094
0.0047718892
0.0064554238
0.0036922077
0.0075351054
-0.0043730869
0.0081185561
-0.0058370218
-0.010226164
-0.0052719169
-0.010791269
0.0058814561
0.0052968018
0.0044394957
0.0089758621
-0.0047414253
0.0095063538
-0.0095458785
-0.0057587071
-0.0088421665
0.0053118775
0.0074826518
0.0041907107
0.0086038185
-0.0050889414
-0.0076867961
-0.0042763014
-0.0070229838
0.0035858381
0.0054581037
0.0022011628
0.006842779
-0.0036364286
-0.0051479886
-0.0023266333
-0.0064577839
-0.004629389
0.0016825633
0.0027467926
0.00029599372
0.0041333622
-0.0018314527
0.0046285428
-0.0070679255
-0.0039937729
0.003580569
0.0023264416
0.0058826702
-0.0034210193
-0.0039190983
-0.002202948
-0.0051371697
-0.0034587311
0.0018660744
0.0013864807
0.00062265962
0.0026298954
-0.0017889254
0.003043918
-0.0021587298
-0.00053145139
-0.0018310025
-3.1733523e-05
-0.00011933104
-0.0012411975
0.0010901329
-0.00023510365
-0.00045934205
-0.0005739721
-0.0016742953
-0.00021159394
0.00037491152
-0.001874449
-0.00072415795
-0.00077537958
-0.0003908878
-0.00059229527
-0.0072722861
-0.0038697967
-0.0081439146
-0.006740431
0.0039076407
0.0047209647
0.0028242054
0.0058044
-0.0033932072
0.0062809895
0.0042677918
-8.0781124e-05
0.0047938708
-0.00060686019
-0.004857898
-0.0009308357
-0.0040078434
-0.0016655579
-0.0046590892
-0.0010143122
0.0038007233
-0.0020074596
0.0041954199
0.0049058812
0.003090262
0.0028065261
-0.0032701954
-0.0063076097
-0.0043116114
-0.0052661937
0.0032094517
-0.0069626232
0.0034706426
0.003299619
0.0039637355
-0.0038572131
0.0020730398
-0.0026306339
-0.00424168
-0.002393717
-0.0044785969
0.0021347227
0.010299389
0.005530896
0.0079779445
0.0073621424
-0.001374365
-0.0096694471
0
-0.011043812
0
-0.016574708
-0.0034314386
-0.0055460643
-0.0019545191
0.0016017485
-0.0050013047
0.0010569889
0.0032580617
-0.0006100656
0.0049251162
-0.0014215316
-0.0031312113
0.0012632331
-0.0028301998
-0.0023084712
0.00092320016
-0.0043264189
0.0029411479
0.0015801469
-0.0010904653
0.0032761673
-0.0027864856
-0.0010843363
-0.0043325479
-0.0005857462
-0.0057680389
0.00084974479
0.0033591681
0.00093274555
-0.0031222586
8.5598698e-05
-0.00094583861
-0.0024190444
0.0024059514
0.00042643993
-0.00034759485
0.005572867
-0.00061788935
-0.0066923287
-0.001423709
-0.0091609767
0.0010449391
0.0054511281
0.0033016305
0.011897464
0
-0.013273078
0
-0.013212657
-6.0420133e-05
0.010534175
0.00069890627
0.011157698
7.5383333e-05
0
-0.012513751
0
-0.012125194
-0.00038855759
0.010523152
-0.0010231038
0.00071194751
0.0072474119
-0.0085244126
-0.0092941558
-0.00025336063
0.0069150263
0.00074293223
0.010414349
0.00085173586
0
-0.011382261
0
-0.010654284
-0.00072797723
0.0096782166
-0.0014641091
0.0008190454
0.0045750008
-0.00039678739
0.00062324546
-0.0055722389
-0.0018728998
-0.0062763302
-0.0011688085
0.0044374649
-0.0013063445
-0.00023326205
-0.00030471531
-0.00046416201
-0.00036786722
-0.00051443622
-0.00063451776
-0.00081019279
-0.00066753122
-0.00074593069
-0.00084836561
-0.0010718266
-0.00094514556
-0.00082176272
-0.00098569623
-0.0011557531
-0.00097187545
-0.00018297432
-0.00029850006
-0.00024182271
-0.00013975513
-6.8003463e-05
-0.00015741903
-4.9350756e-05
2.8386086e-05
7.0568753e-05
9.5969771e-06
9.6491893e-05
0.00015021206
-0.00042530851
-0.0005581237
-0.00046784994
-0.0003529074
-0.00069167213
-0.00082078934
-0.00068882509
-0.00058150873
-0.00044649231
-0.00053307424
-0.00035836739
-0.00029122843
-0.00025366828
-0.00035170546
-0.00021409681
-0.00013182861
7.9521132e-06
-5.9863836e-05
0.00010581988
0.00016066128
-0.00012075445
-0.00017001146
2.6350889e-05
5.9553413e-05
0.00032103777
0.00027755434
0.00044986634
0.00048368031
0.00025216158
0.00020473259
0.00032975829
0.00037198818
-0.0013489433
-0.0015857365
-0.001689066
-0.001435848
-0.0014973109
-0.0017676884
-0.0018209029
-0.0015306375
-0.002034266
-0.0022931061
-0.0023821191
-0.0021067332
-0.0015336728
-0.0018533844
-0.0018846886
-0.0015247624
-0.00094047927
-0.0010459916
-0.00086494314
-0.00078488917
-0.0011328045
-0.0011965813
-0.00095815678
-0.00092431514
-0.00069532089
-0.00070037321
-0.00043139332
-0.00045230587
-0.00060659723
-0.00066229549
-0.00044367685
-0.0004107552
-0.0012328937
-0.0012363923
-0.00092365157
-0.00096076571
-0.0011984107
-0.0010728349
-0.00064994747
-0.0008277796
-0.00046840894
-0.00028946894
3.1226228e-05
-0.00013915183
-0.00067081958
-0.00059692322
-0.00027749712
-0.00037494984
0.00016103153
0.00032015537
0.00058051928
0.00043380844
-0.00020267663
-0.00016055389
0.00010342364
4.5932662e-05
