FiniteElementSpace
FiniteElementCollection: RT_R2D_2D_P0
VDim: 1
Ordering: 0

-0.036406018
-0.039581295
-0.04013608
-0.035851233
0.044693587
-0.031908528
0.03702082
0.038162818
0.038965121
0.036218517
-0.03246695
0.043887646
-0.05213478
-0.01733897
-0.051974993
-0.017498757
0.055481203
-0.0091654794
0.047307713
0.011149425
0.044849771
0.013607367
-0.043992849
0.02158951
-0.040513751
-0.0053319107
-0.036670035
-0.0091756266
0.037985936
0
0.032654025
0
0.028111637
0.0045423886
-0.030803387
0.010409036
-0.01608205
-0.042001188
-0.018073711
0.037943347
0.034602932
0.013749452
-0.034915456
0.020835184
-0.045252021
-0.031666024
-0.049264925
-0.02765312
0.053780078
-0.023766373
0.045880428
0.029815001
0.047976962
0.027718467
-0.041521678
0.035461714
-0.044205738
-0.025920987
-0.044252974
-0.025873751
0.048231371
0.040384095
0.038654892
0.022564388
-0.036482962
0.0303344
-0.033871737
-0.043484887
0.039978976
0.040055385
0.030257991
-0.03558006
-0.025452704
-0.034888823
-0.027046842
-0.018268876
0.031471064
0.019835154
0.028615997
0.022690221
-0.027652611
0.029926433
-0.02415335
-0.024837868
-0.026968093
-0.017633563
0.02209621
0.01801188
0.018499994
0.021608096
-0.018282251
0.028163712
-0.02793863
-0.034224848
-0.026348621
-0.035814858
0.030766985
0.02351023
0.02061309
0.031060853
-0.019102133
0.03830734
-0.015245516
-0.031892096
-0.0090417455
0.028399161
0.0096374647
0.024610056
0.01342657
-0.025483512
-0.0049493282
-0.02671097
0
0.023162309
0
0.018835994
0.0043263144
-0.021399819
-0.0044195351
-0.017353879
-0.008465476
0
0.014416459
0
0.010585091
0.003831368
-0.012738446
0.0084468003
-0.014008262
-0.021858211
0.019067269
0.015175704
0.012338366
-0.016184697
-0.012013842
-0.012314477
-0.015884062
-0.0072844465
0.010446308
0.0066522134
0.0068035948
0.010294927
-0.0075348864
0.015074518
-0.003615275
-0.0090692747
0
0.0069698161
0
0.0039905218
0.0029792944
-0.0053963557
-0.0024350008
-0.0024862458
-0.0053451108
0
0.0015555209
0
0
0.0015555209
0
0.0040417667
-0.0090688915
-0.0037651762
-0.012838602
0.0030798141
0
0.0071215808
0
0.010886757
-0.03182159
-0.015990243
-0.03493348
-0.025304697
0.014096197
0.024740749
0.010152053
0.028684893
-0.0096032126
0.035071924
-0.02160337
-0.014580924
0.012780686
0.0087946478
0.019060556
-0.008900731
-0.017603548
-0.0046653961
-0.021838883
0.0040297015
0
0.014916459
0
0.019581855
-0.027379181
-0.0052705687
-0.031711825
0.0046117544
0
0.024193609
0
0.029464178
-0.026518756
-0.043596819
-0.026664398
-0.043451177
0.031190678
0.023408716
0.021684929
0.040031128
-0.018796338
0.047899188
-0.017698848
-0.052133686
-0.017750908
-0.052081626
0.022174554
-0.044119406
0.014160274
0.045622695
0.011680951
0.048102017
-0.0095276272
0.056325298
-0.042127272
-0.016804204
0.014491137
0.011006229
0.038556832
-0.009738341
-0.037840706
-0.0056782398
-0.041900807
0.0048773476
0
0.034341525
0
0.040019765
-0.048686452
-0.0061827093
-0.05203137
0.0048953061
0
0.044915071
0
0.051097781
-0.016456005
-0.061538325
-0.020984923
-0.057009407
0.023043717
0.013587018
0.01326761
0.056644706
-0.0096639445
0.067965685
-0.060440709
-0.0080984783
-0.062006175
0.0048582716
0
0.055956052
0
0.06405453
0.00022815018
0.00026097932
0.0003824001
0.00033236178
0.00036320497
0.00049750556
0.00071355523
0.00057138189
0.0010614076
0.0011963428
0.0013755783
0.0012477663
0.00077038213
0.00091651086
0.0011062224
0.0009587474
4.9901493e-05
9.1717819e-05
0.00024492697
0.00018178686
0.00050658865
0.00063136005
0.00081336877
0.00067750061
0.00031883936
0.0004012858
0.00055746054
0.00045800768
0.00084267117
0.00098657324
0.0011498436
0.0010004222
0.0011495566
0.0013022174
0.0014428425
0.0012890338
0.00086440887
0.0010013156
0.0011359618
0.00099068637
0.0011356437
0.0012823895
0.0014446275
0.0013003408
0.0014192932
0.0015392354
0.0016869086
0.0015756119
0.0017161457
0.0018178792
0.0019312837
0.0018400765
0.0014521629
0.001592321
0.0017247334
0.0015903061
0.0017138913
0.0018409321
0.001939867
0.0018218728
0.0019464515
0.0020260646
0.0021010649
0.002034149
0.00210195
0.0021550142
0.0021865948
0.0021485276
0.0019130965
0.0020203333
0.0020810248
0.00198626
0.0011105496
0.0012621328
0.0013788764
0.0012230852
0.0014179172
0.0015707815
0.0016850377
0.0015351856
0.0016397495
0.0017844606
0.001867791
0.0017303645
0.0013273711
0.0014851259
0.0015797181
0.0014223169
0.00064880826
0.00074509838
0.00086002339
0.00075016277
0.00068192316
0.00074997257
0.00083003719
0.00074651438
0.0008479402
0.00097021751
0.0010749953
0.00094168408
0.0010310272
0.0011735918
0.0012651361
0.0011153754
0.00080800187
0.00090682185
0.00098032549
0.00086717674
0.00065138825
0.00064823588
0.00069720558
0.0006873318
0.00071421629
0.00074142542
0.00078313464
0.00073565288
