FiniteElementSpace
FiniteElementCollection: ND_R2D_2D_P1
VDim: 1
Ordering: 0

0
0
0
0
0.016652091
-0.00040943934
0.025543295
-0.02344657
0
0.0096776528
0
0
0.015751185
0.0002863935
0.008055794
0.024360687
-0.014727304
0.010295852
0.020780516
0.017807483
-0.029242786
-0.0097353051
-0.00079980502
-0.013993616
0
0.0014102022
0
0.0055774239
0.0065821173
0.013108384
0.010009873
0.011888387
0.0184102
0
0.0040826919
0
0
0.0044378308
0
0.0092769956
0.027954083
0.019850895
0
0.014734419
0.01352428
-0.013565682
-0.0039600297
0.0043698233
0.0081625166
0.014210058
0.0053768488
0.0020895723
0.006828179
0.022950389
0.011871407
0.011747488
0.014037685
0.018674766
0.017795769
0.015577437
0.023195291
0.022365223
-0.027078947
-0.016488658
-0.012198581
-0.021359162
-0.0044678182
-0.0005471524
-0.0069215905
-0.014677278
-0.00095248375
-0.0073177641
-0.0085441753
0
-0.0015720344
-0.0088122325
0
0.0011460456
-0.0010891842
0
0.0025261035
0.0030696862
0
0.0030078755
0.0051448008
0.0040771551
0.0090556839
0.0053838831
0.0072884056
0.0084596738
0.011402784
0.011095542
0.014828218
0.014123873
0.01631568
0.018145195
0.010153652
0.012142543
0.0092889026
0.0099929956
0.013461094
0.01383624
0.017662536
0
0.0027881716
0.005628457
0
0.0020402203
0.0048453572
0
0.00098306497
0.0031451467
0
0
0.0010063461
0.0032562353
0
0.0022603343
0.0096636141
0.0080591144
0.012980314
0.0064138717
0.0056364772
0
0.0035687847
0
0.0049246025
0.025565122
0.022180226
0.022228253
0.027184805
0.016525352
0.013368315
0.020508254
0.017842308
0.010594937
0
0.0063729866
0.015788044
0.019936417
-0.019049833
-0.0057062339
-0.0072512059
-0.0034802661
0.00010426207
0.001997384
0.0028765208
0.0046497996
0.0098351773
0.012508193
0.016076351
0.012172298
0.011381093
0.015503018
0.0029780858
0.0024680107
0.0015320627
0.00043742025
0.0016206742
0.011276783
0.0080286938
0.002906717
0.004229826
0.024431042
0.018287448
0.014646012
0.005611546
-0.011152394
0.003175038
-0.010161142
0.0043909342
0.013268097
0.002063554
0.012124722
-0.0034942567
0.010879176
-0.004648234
-0.0090798101
-0.0058949858
-0.0068746525
0.0056745375
-0.0061339981
0.0069854908
0.0090159801
0.0081598218
0.0072258705
-0.0071975409
-0.0053299888
-0.0085174068
-0.024875152
-0.011075537
-0.024778763
-0.01048993
0.027975972
-0.011387355
0.027790155
0.008994965
0.027101487
0.0088527298
-0.024277145
0.0083752474
-0.0067691463
-0.023417713
-0.0063584193
-0.0068189661
0.025995439
0.0049119211
0.024573302
0.0048664843
-0.022262956
0.0044703331
-0.018866276
-0.0056637535
-0.018314535
-0.0047413171
0.02153863
0.020855534
0.019903197
0.0037950026
-0.017521856
0.0028942348
-0.040485397
-0.0097977686
-0.039434282
-0.010911316
0.053133476
0
0.04354402
0
0.038360568
0.0048616646
-0.036213644
0.0076753306
-0.0030189067
-0.033190559
-0.005200305
0
0.034558275
0
0.031373804
0.0019866314
-0.030391874
0.0035454518
-0.0013010895
-0.027739232
-0.0023495633
0
0.028499186
0
0.02578644
0.00079823419
-0.025170391
0.0014306201
-0.00040577239
-0.022643861
-0.000694492
0
0.023157789
0
0.020570301
8.7775734e-05
-0.020134999
8.7850156e-05
-0.0020397813
-0.016520996
-0.0011374233
-0.0027297199
0.018726985
0.0011415116
0.017368781
0.00040922071
-0.015347389
-0.00051813624
-0.019305422
-0.000298118
-0.017599758
0.00029552029
0.021117429
-0.00066531639
0.019194461
-0.00037457839
0.017186164
-0.00088635993
-0.015791399
-0.0015880396
0.0010929237
-0.014033453
0.015867705
0.014255932
-0.0024646055
-0.012610815
0.003706631
-0.011106686
0.0048052663
0.0027417043
0.012562165
-0.0037622805
0.010809729
-0.0048183648
-0.0095465642
-0.0059932102
0.0019278972
-0.013906286
0.0012732583
0.015115049
-0.0020479968
0.0129978
-0.002837171
-0.011966393
0.0036218584
-0.0099892541
0.0046523059
0.0027093796
0.010848772
-0.0032640101
0.0086798352
-0.0042856798
-0.0079901331
-0.005412757
0.0057989647
-0.0079519151
0.0070524775
0.009019324
0.0072079071
-0.006645169
-0.0063417582
-0.0079768958
0.00017563487
-0.017629654
0.00041991278
0
0.018000399
0
0.01543569
-0.00039589356
-0.015121062
-0.00084768682
0.00057981639
-0.012606827
0.0012066227
0
0.012870532
0
0.010303149
-0.00073127869
-0.010087404
-0.0015033854
0.00085222498
-0.0075645526
0.0017411661
0
0.0077337363
0
0.0051626949
-0.00094284326
-0.0050404233
-0.0019205105
0.0010010957
-0.0025167713
0.0020389804
0
0.0025884089
0
0
-0.0010176717
0
-0.0020919481
-0.0046194276
0.0031352727
-0.0023026018
0.0043033667
0.0048591475
0.0024237584
0
-0.0032278921
0
-0.0044363766
0.007352542
-0.0047313531
0.008758036
0.0060420211
0.0053898979
-0.0065370022
0.0035768655
-0.0079150351
-0.0031325114
-0.0093863649
0.0048299385
-0.0059816647
0.0037146957
0.0065016084
-0.0040617436
0.0043233889
-0.0052535065
-0.0039746392
0.0055537164
-0.0019781772
0.0068933801
0.0021535865
0
-0.0057268896
0
-0.0071062172
0.0083258499
-0.0015536797
0.0098518365
0.0017778503
0
-0.0085783304
0
-0.010144727
-0.0036400133
0.011265806
-0.0028157847
0.012721358
0.0052348257
0.009811503
0.0042332174
-0.010884818
0.0032631431
-0.012418979
-0.0020505817
-0.013964633
0.013441871
-0.0013757273
0.015099164
0.011817453
0.0023471935
-0.01258933
0.0014993554
-0.01430636
-0.00081285063
-0.016088111
-0.0043729158
0.010250437
-0.0032168536
0.0053967446
0.0040079457
0.002641925
-0.010946755
-0.0021010246
0.011469799
-0.0010299736
0.013178473
0.0013051811
0
-0.011805968
0
-0.013563544
