FiniteElementSpace
FiniteElementCollection: RT_R2D_2D_P0
VDim: 1
Ordering: 0

0.0027988957
0.0012450165
0.0035321503
0.00051176193
-0.0037939842
0.00077917369
-0.0033281414
-0.0016266437
-0.0040205094
-0.00093427575
0.0030396034
-0.0014268226
0.0020430699
0.0028385906
0.002627941
0.0022537196
-0.002918328
0.00223615
-0.0023158873
-0.0030839527
-0.0028137781
-0.0025860619
0.0020295497
-0.0031844532
0.0026239034
0.0027499368
0.0031376903
-0.0034931959
0.0021061601
-0.0028494191
-0.0028546239
-0.0032552014
-0.0024488416
0.0025025792
0.0031972758
0.0028910749
0.0028087801
0.0025450757
-0.0026030013
-0.0031720018
-0.0028586644
-0.0029163387
0.0022436156
-0.003563798
0.0034399533
0.0025260803
0.0029434226
-0.0021826049
-0.0025685636
-0.0031778394
0.0018940622
-0.0038098575
0.0015397832
0.003537928
0.0021367697
0.0029409414
-0.0023654705
-0.001770965
-0.0022808243
-0.0032999982
0.00154694
-0.0038898279
0.00098879247
0.0034818186
0.0016717154
-0.001867762
-0.0013268848
-0.0019475379
-0.0032691748
0.001146906
0.0035732333
0.0015092827
0.0043033422
-0.0045411023
0.0010227099
-0.0040545295
-0.0017904438
-0.0047310833
-0.0011138901
0.0037905886
0.0042692114
0.0017737105
0.0050202121
-0.0052641389
0.0012120317
-0.0047024601
-0.0018960671
-0.0053824072
-0.00121612
0.0044458883
0.0049095762
0.002059146
0.0057566905
-0.0061277043
0.0012457764
-0.0053143347
-0.0018380985
-0.0060057663
-0.0011466669
0.0050072903
0.0056078725
0.0024651087
0.0068272048
-0.008482316
0
-0.0060172073
0
-0.0055530541
-0.00046415324
0.0054532595
0.0042291499
0.0018028226
0.0036471859
-0.0013655739
-0.0045634547
-0.0019542442
-0.0039747844
0.0012365047
0.0041867623
0.0020865164
0.0035493431
-0.0016434051
-0.0043472037
-0.0020733865
-0.0039172223
0.001440284
0.0047630048
0.0019285525
0.0042747363
0.0040656461
-0.0013760278
-0.0047797547
-0.0017019053
-0.0044538771
0.001182311
-0.0052001186
0.0049293844
0.0018966777
-0.0012995961
-0.0018878582
-0.0046118565
0.0012443954
0.0039479246
0.0022926437
0.0032958838
-0.0019165227
-0.0039395122
-0.0021763767
-0.0036796582
0.0016250983
0.0035484559
0.0024961877
0.0029078811
-0.0022180897
-0.0033977194
-0.0023203735
-0.0032954356
0.0018521111
0.0037853727
0.001951174
0.0036863098
0.0031758651
-0.0017108659
-0.0035051054
-0.0016508917
-0.0035650796
0.0013394809
-0.0041767727
0.0043467056
0.0019061579
-0.0015159808
-0.001610166
-0.0040825876
0.0012089907
0.0045750674
0.0012919396
0.0044921186
0.0039550572
-0.00099015575
-0.0042255834
-0.00086425755
-0.0043514816
0.00065811049
-0.0049853107
0.0038716548
0.0012560784
0.0033178702
-0.0010971072
-0.0034588369
-0.00086787595
-0.0036880681
0.00071856318
0.0037732623
0.00043920173
0.0040526238
0.0032935639
-0.0003881775
-0.0032311988
0
-0.0036193763
0
-0.004058578
0.0045625772
0.00045686621
0.0047638215
-0.0003543041
0
-0.0044128821
0
-0.0048697484
0.0056621755
0.0019969947
0.0048457735
-0.0010714562
-0.0058696382
-0.0017015485
-0.0052395459
0.0011088363
0.0052650605
0.001601598
-0.00092896341
-0.0009792831
-0.004934991
0.00066695083
0.0054089776
0.00061414224
0.0054617862
-0.00033412703
0
-0.0052038754
0
-0.0058180176
0.00677191
0.0022728738
-0.00039142457
0
-0.0062094422
0
0.00076529189
0.0008689362
0.00079904621
0.00069599239
0.0011892157
0.0013151043
0.0014142593
0.0012907894
0.0014356975
0.0015502686
0.0016449825
0.0015325625
0.0016261465
0.001736656
0.0018250119
0.0017162688
0.0013884663
0.0015098364
0.0016016955
0.0014820927
0.0011336845
0.0012628259
0.0013583341
0.0012312736
0.00086763437
0.0010017468
0.0011016717
0.00097016615
0.00096660402
0.001057778
0.00098528448
0.00089567881
0.0011419601
0.0012186649
0.0011409159
0.0010672489
0.0012873997
0.001347593
0.0012599503
0.0012055106
0.0013984075
0.0014346459
0.0013273376
0.001302108
0.0010670548
0.0011962366
0.0012851747
0.0011578928
0.0013238857
0.0014493002
0.0015357189
0.001411402
0.0014938806
0.0016177739
0.0016959069
0.0015716792
0.0012423323
0.0013683394
0.0014457953
0.001320119
0.0015715909
0.0016897473
0.0017739618
0.0016569919
0.0018027612
0.0019097575
0.0019905843
0.0018854653
0.0019642022
0.0020671565
0.0021390894
0.0020387231
0.0017384567
0.0018543516
0.0019308949
0.0018162507
0.0018905809
0.0020034205
0.0020715315
0.0019613225
0.002108666
0.0022059467
0.0022672549
0.0021735611
0.0022328751
0.0023225368
0.0023713418
0.0022860767
0.002027915
0.0021346498
0.0021921268
0.0020895403
0.0013911681
0.0015180217
0.001586412
0.0014557789
0.0016456573
0.0017708206
0.0018431201
0.0017173995
0.0017883671
0.001912597
0.0019782176
0.0018576946
0.0015153713
0.0016546381
0.0017264928
0.0015793747
