FiniteElementSpace
FiniteElementCollection: ND_R2D_2D_P1
VDim: 1
Ordering: 0

0
0.091288405
0.18621176
0.12672731
0.12818968
0
0.045811097
0.16785151
0.067785969
0.19526441
0.17986099
0.18027081
0.17065651
0.1397693
0.14983017
0.11041259
0.11117854
0.15051198
0.1416948
0.078297026
0.099137517
0
0.034024536
0
0.022294186
0.057116847
0.069199135
0.03392412
0
0.19082613
0.16270454
0.13250401
0.16380915
0.11151206
0.040187029
0.028251091
0.084959007
0.052141223
0.016155325
0.19256312
0.18475384
0.18713101
0.19481541
0.17552673
0.17577537
0.1872955
0.18021964
0.16831408
0.17301731
0.15291126
0.13464965
0.13981361
0.15782103
0.16047352
0.1426201
0.14298774
0.16079233
0.11982067
0.12278514
0.10192748
0.10231201
0.12317512
0.12096755
0.14089904
0.15876419
0.17375331
0.13640143
0.15443965
0.096578941
0.074026632
0.084745121
0.10654292
0.12727719
0.11436041
0.020668891
0
0.017132845
0.037662351
0.061105817
0.051759582
0.031495112
0.043118292
0.06316476
0
0.014074699
0
0.010989292
0.025517294
0.034254373
0.051985063
0.093058308
0.098820556
0.071888919
0.058051138
0.077882058
0.081082618
0.040220574
0.043355315
0.061263226
0.019376957
0.025090359
0
0.0078488973
0.18960662
0.18118966
0.17632016
0.14592371
0.16641328
0.15137542
0.13085955
0.11213884
0.13161088
0.16697703
0.14725694
0.08982027
0.12021814
0.01841134
0.055295046
0.046924953
0.015425458
0.012438552
0.038402745
0.10604815
0.077692341
0.064560296
0.089512618
0.050410561
0.029480175
0.0093545662
-0.025733797
0.011035255
-0.025328639
0.011179392
0.025916957
0.010763885
0.025490344
-0.010874034
0.024878524
-0.011179021
-0.024742145
-0.011359597
0.011327063
-0.023971711
0.011536385
0.010995904
0.024079369
-0.011125723
0.023093086
-0.011476305
-0.023016855
-0.011707191
-0.026043642
0.010357732
-0.025607215
0.026118936
0.0098106988
0.025684618
-0.0098675333
0.025054499
-0.010438411
-0.024980825
-0.025106817
0.0092304859
-0.024279781
0.009949557
0.025148141
0.0083828117
0.024328575
-0.0084786481
0.023301182
-0.0093251774
-0.023252169
-0.010050522
0.010537714
-0.024163028
0.024227518
0.023206043
-0.010651115
-0.023154798
0.010774697
-0.021959875
0.011260687
0.010165848
0.021994785
-0.010291684
0.020601645
-0.010906157
-0.020584044
-0.011398913
0.0094360993
-0.022031055
0.0085915809
0.022074033
-0.0087150107
0.02065952
-0.0095592724
-0.020625304
0.0096913043
-0.019047264
0.010426538
0.0088465891
0.019070591
-0.00898394
0.017323744
-0.009831883
-0.017310187
-0.010569523
0.011044142
-0.019035652
0.011540048
0.019036231
0.01731111
-0.011189235
-0.017325069
-0.011685193
0.011624336
-0.021878386
0.011869283
0.021921905
0.020570192
-0.011769799
-0.020558964
-0.012021551
0.011912793
-0.01906294
0.012164207
0.019044339
0.01735278
-0.012054946
-0.017396806
-0.01229948
-0.025369261
0.0051424881
-0.024596983
0.0063259509
0.025567241
0.0038919199
0.024795617
-0.0041312124
0.023754419
-0.0053199168
-0.023573776
-0.0064593105
-0.025191796
0.0074111738
-0.024386524
0.025257075
0.024468738
0.023448756
-0.0075194253
-0.023362301
-0.027222643
0.0005997375
-0.025981969
0.0014807645
0.02790177
0
0.026376432
0
0.024892659
-0.00085874451
-0.02462268
-0.0018361659
-0.025903851
0.0026272226
-0.025096571
0.026465998
0.025507636
0.024302563
-0.0029478052
-0.02399866
0.0031735894
-0.02267631
0.0043325627
0.0020536657
0.022904045
-0.0021964147
0.021339772
-0.003340553
-0.021162134
-0.004496503
0.00099740641
-0.023138634
0
0.023342531
0
0.021685689
-0.0010828399
-0.021520713
0.0011411558
-0.019769865
0.0022995152
0
0.019908716
0
0.018011712
-0.0011849036
-0.017892108
-0.0023795067
0.0034688109
-0.019482497
0.004635317
0.019623807
0.017771175
-0.0035746187
-0.017655589
-0.0047557164
0.007640913
-0.022131885
0.0065994751
0.022212406
-0.0067378101
0.02077986
-0.0077700838
-0.020708735
0.0054863444
-0.022326287
0.022479536
0.021005546
-0.0056390634
-0.020877105
0.005777216
-0.019250722
0.0068736821
0.019355539
0.017552743
-0.0059061936
-0.017466506
-0.0070058766
0.0079022507
-0.019110276
0.019168887
0.017400257
-0.0080377067
-0.01735275
0.0060280434
-0.015546039
0.0071373334
0.0048655842
0.01561583
-0.0049684841
0.013565358
-0.006147118
-0.013508157
-0.0072685292
0.0036660934
-0.015700589
0.0024464999
0.015796035
-0.0025057694
0.013714739
-0.0037497044
-0.013634814
0.0012205377
-0.015898158
0
0.016002215
0
0.013892127
-0.0012515177
-0.013801484
