FiniteElementSpace
FiniteElementCollection: ND_2D_P1
VDim: 1
Ordering: 0

0.020647271
-0.021985236
0.021985199
-0.020647302
-0.020505715
-0.022478142
-0.021803
0.022253835
-0.02225379
0.021803039
0.0224781
0.020505748
0.021419561
-0.018526977
0.022914968
-0.015714594
-0.020961962
-0.022364234
-0.022919199
0.018419113
0.023560696
0.015631586
0.022615862
-0.01232282
0.024389715
-0.0084804439
-0.021984575
-0.023604133
-0.024375264
0.012257626
0.025323065
0.0084307572
0.023887979
-0.0043257664
0.026042468
-1.8685633e-07
-0.023267086
-0.025221435
-0.026351749
0.0042956303
0.027398498
1.7713491e-07
0.020563182
-0.022095438
0.021835758
-0.020842159
-0.020842154
-0.022095396
0.020563143
-0.022478052
0.021835765
0.022253776
-0.021802919
0.021802924
-0.022253747
-0.020505606
-0.021985098
0.020647141
-0.020647128
0.021985093
0.020505592
0.022478026
-0.0042997703
0.027879887
-8.9172629e-08
-0.0084534264
-0.026585203
0.008570891
-0.025865473
0.0043498286
0.027425982
8.5997627e-08
-0.012303276
0.025348777
-0.015694867
-0.024238867
0.015937375
-0.02315989
0.012489945
0.024419185
-0.012855873
0.022506232
-0.008812621
-0.016397775
-0.021130358
0.017124268
-0.018175289
0.013454947
0.019601224
0.009223013
-0.0044610262
0.025989653
-8.2945111e-08
-0.024150838
-0.021408509
0.0046567763
0.023530599
8.0094017e-08
-0.018487331
0.023307212
-0.020563162
-0.022587166
0.020842142
-0.021361535
0.018761749
0.022134005
-0.021835733
0.022095399
-0.021835725
-0.020563111
0.022095374
0.020842123
-0.022587103
0.018761695
-0.021361516
-0.022919089
-0.01848725
0.02356055
-0.01569477
0.023307109
0.015937297
0.022133945
-0.019273538
0.02005452
-0.019273518
-0.016397724
0.020054501
0.017124251
-0.021130297
0.0134549
-0.018175269
-0.023159788
-0.012855799
0.024419045
-0.0088125353
0.022506131
0.009222943
0.019601166
-0.024238725
0.012489855
-0.024375083
-0.012303179
0.02532286
-0.0084533449
0.025348603
0.0085707998
-0.026585013
0.0043497411
-0.025865303
-0.026351541
-0.0042997156
0.027398377
0
0.0278797
0
0.027425791
-0.024150702
0.0046566943
-0.021408416
-0.004460937
0
0.025989487
0
0.023530478
-0.014368357
0.015718424
-0.0098777085
-0.014368341
-0.0098776603
0.015718408
0.010920993
0.010921015
-0.017602321
0.0055159626
-0.012671755
-0.0049787633
0
0.019998135
0
0.015285944
