FiniteElementSpace
FiniteElementCollection: RT_R2D_2D_P0
VDim: 1
Ordering: 0

0.0040144318
0.002108575
0.0046046176
0.0015183892
-0.0051612369
0.001315351
-0.0043680129
-0.0019721992
-0.0047830693
-0.0015571428
0.0038724366
-0.0022893238
0.0032800009
0.0021913048
0.0038763584
0.0015949473
-0.0042823569
-0.0036094413
-0.0041075157
-0.0017912494
0.0032195354
-0.0024480724
0.0049084392
0.0018737159
0.0054668041
-0.0063540895
0.00081598276
-0.0052963564
-0.001192156
-0.0053676231
-0.0011208893
0.0046154942
0.0015496533
0.0047221248
0.0014430227
0.00082414213
-0.0046421119
-0.0010543482
-0.004482851
-0.0012136092
0.0040351691
-0.0019005648
0.0053257368
0.00056699181
0.0050685865
-0.0056744912
0
-0.0051074994
0
-0.0046579887
-0.00044951066
0.0044637489
0.00054000704
0.0041149729
0.00088878306
0
-0.0041179817
0
-0.0036373002
-0.0004806815
0.0035538759
-0.0010417785
0.0015009909
0.0039319705
0.0016041896
-0.0038706431
-0.0035932821
-0.0013191396
0.0033249384
-0.0019261716
0.0025464692
0.0036598445
0.0021061601
0.0018547424
-0.003415789
-0.0024825658
-0.0037100747
-0.0021882801
0.0029935006
-0.0028546239
0.0021930838
0.004210778
-0.0040330083
-0.0041463561
-0.0017872171
0.0035154293
0.0022615576
0.0036273377
0.0021496492
-0.003488988
-0.0034178273
-0.0019973323
0.0029911957
-0.0026334743
0.0028138631
0.003262288
0.0025450757
-0.0030458608
-0.0031545043
-0.0025248308
0.002615117
-0.0031720018
0.0030132205
0.0027204564
0.0029078811
0.0023915423
-0.0025328261
-0.0027378779
-0.0024859033
-0.0027848006
0.0021075376
-0.0033977194
0.0023376779
0.0029373313
0.0017403251
-0.0028204746
-0.0019522365
-0.0026214484
-0.0021512627
0.0023507161
0.0023664657
0.0021661549
0.0025510268
0.001814528
-0.0020695107
-0.0019193478
-0.0017736635
-0.002215195
0.0016262149
-0.0027551351
0.0031270794
0.0020587519
0.0031758651
-0.0019098507
-0.0017254413
-0.0029395445
0.001493191
-0.0035051054
0.0015113058
0.0030959192
0.00094557144
-0.0030275477
-0.0010388286
-0.0026753692
-0.0013910072
0.0025346898
0.00053845474
0.0031467592
0
-0.0030988454
0
-0.0025999668
-0.00049887868
0.0026068092
0.0005270256
0.0021675279
0.00096630697
0
-0.0020729412
0
-0.0015824719
-0.00049046923
0.0016571429
-0.0010008542
0.0014992793
0.0022194411
-0.0021423968
-0.001745507
-0.001397744
0.0016978373
0.0014183058
0.0013242894
0.0017918537
0.00092552833
-0.0012527296
-0.00089179644
-0.00084185764
-0.0013026683
0.00084626984
-0.0017806879
0.00048591128
0.0012175258
0
-0.0010965607
0
-0.00065996445
-0.0004365962
0.00076232559
0.00038604421
0.00036860582
0.00077976398
0
-0.00027392024
0
0
-0.00027392024
0
-0.00064252606
0.0012187639
0.00043727379
0.0016277599
-0.00040285775
0
-0.0010453838
0
-0.0014826576
0.0031191298
0.0012944506
0.0033178702
0.0025937701
-0.0012000817
-0.002644029
-0.00089175378
-0.0029523568
0.00078797052
-0.0034588369
0.0023001164
0.0013325611
-0.0012654008
-0.00089519705
-0.0021508917
0.00083942383
0.0020939907
0.0004538712
0.0024795433
-0.00042896624
0
-0.0019116238
0
-0.002365495
0.0029538035
0.00044821013
0.0032935639
-0.00041749364
0
-0.0027829887
0
-0.0032311988
0.0016671514
0.0017552997
0.0018475546
0.0017605011
0.0014654315
0.0015704395
0.0016656176
0.001562915
0.0018351485
0.0019080415
0.0020008229
0.0019273152
0.0020174647
0.0020901076
0.0021749819
0.0021042193
0.002156256
0.0022154561
0.0022945361
0.0022385499
0.0023154374
0.0023679314
0.0024353772
0.0023866315
0.0021867194
0.0022549319
0.0023295507
0.0022643744
0.0016581698
0.0017589204
0.0018498934
0.001750903
0.0018522749
0.0019383232
0.0020264784
0.0019417447
0.0020281228
0.002111063
0.002191349
0.0021106955
0.0018407436
0.0019379815
0.0020226021
0.001927274
0.0020100589
0.0021032015
0.0021792691
0.0020886649
0.0021888532
0.0022667645
0.0023368306
0.0022620754
0.0023298905
0.0024011158
0.0024592252
0.0023918663
0.0021626541
0.002250327
0.0023159193
0.0022315822
0.0023367087
0.0023984632
0.0024613189
0.002403313
0.0024518126
0.0024965713
0.0025512191
0.0025106695
0.0025628878
0.0025990267
0.0026397276
0.0026081789
0.0024638024
0.0025177756
0.0025675152
0.0025178243
0.0025650545
0.0026102486
0.0026457207
0.0026052041
0.0026462826
0.0026730885
0.0026989146
0.0026769755
0.0027000757
0.0027170565
0.0027274137
0.0027154488
0.0026380231
0.0026737171
0.0026940685
0.0026633064
0.0022949962
0.0023756114
0.0024289924
0.0023524492
0.0024476006
0.0025107974
0.0025555043
0.0024967253
0.0025389097
0.0025930582
0.0026232149
0.002573868
0.0024035155
0.0024756868
0.0025153613
0.0024478091
