FiniteElementSpace
FiniteElementCollection: ND_2D_P1
VDim: 1
Ordering: 0

0.0014089028
-0.037923289
0.0013523111
-0.038064482
-0.0014065068
-0.037539186
-0.0012992005
0.037385421
-0.0011436597
0.03782041
0.0012336694
0.037999738
-0.037686559
0.0010440789
-0.037893961
-0.03721254
-0.00092956795
0.037039851
-0.00064760779
0.037541561
0.00077302842
0.037764755
-0.024894207
-0.037958851
-0.024934031
-0.024749688
0.037890141
0.024735434
0.037551754
0.024877372
-0.037647083
0.024891608
-0.024819862
-0.037117676
-0.024822306
-0.024669605
0.03697619
0.024566253
0.036156595
0.024735918
-0.036363437
0.024737655
-0.035323699
-0.022705729
-0.033989709
-0.023472313
0.035040702
-0.021752694
0.033612368
0.021263879
0.031865068
0.02233078
-0.032350894
0.023196339
-0.021933305
-0.030410625
-0.022906236
-0.020749266
0.029807861
0.020215265
0.027450603
0.021521241
-0.028171976
0.022612514
-0.024639666
-0.035379632
-0.02465101
-0.024440075
0.0350885
0.024306276
0.03376966
0.024545959
-0.034164025
0.024576481
-0.035901169
-0.024050891
-0.034746554
0.035616911
0.034373735
0.032842363
0.023855999
-0.033322082
-0.023657838
-0.031627035
-0.02418046
0.031023107
0.028915509
0.023469886
-0.029660335
0.024078562
-0.024470589
-0.032716782
-0.02452927
0.032199578
0.03037849
0.024430733
-0.031040146
0.024526323
0.021754475
-0.024612058
0.022242972
0.021057555
0.024510904
-0.020814296
0.024093624
-0.021558776
-0.024212209
-0.022097997
0.021394486
-0.023607569
0.02196578
0.020620855
0.023471097
-0.020484762
0.022631919
-0.021270986
-0.022785692
-0.021856944
-0.024500846
0.022346956
-0.023984072
0.02255287
0.024351905
0.023782102
0.022993613
-0.022253815
-0.023246884
-0.022475959
0.020139673
-0.02442586
0.018990567
0.024370425
-0.018668859
0.023967541
-0.019853678
-0.024007981
-0.022540056
0.019422281
-0.021473844
0.020412481
0.022517175
0.018226462
0.021455861
-0.018249477
0.020171981
-0.019431521
-0.020184235
-0.020409827
0.02217735
-0.022276654
0.022397234
0.021782035
0.021975451
-0.021751981
0.020719554
-0.022129724
-0.021063162
-0.022329518
0.021197186
-0.021737345
0.021568658
0.020278498
-0.021181947
-0.020456977
0.037942625
0.022565529
0.03849658
0.037153349
-0.022490492
-0.036933166
-0.022354071
-0.037789913
0.022446883
-0.038392747
0.036123213
0.022402236
0.03484929
-0.022314353
-0.034439672
-0.022108268
-0.035817345
0.022236525
0.035466547
0.021899817
0.03666893
0.033984096
-0.021710913
-0.03350333
-0.021124186
-0.035090722
0.021393063
-0.036380541
