FiniteElementSpace
FiniteElementCollection: ND_R2D_2D_P1
VDim: 1
Ordering: 0

0
0.50402541
0.64288167
0.64669961
0.41239289
0.41377413
0.28768889
0
0.57355482
0.56793304
0.2118478
0.20643057
0.68110638
0.58160149
0.62118469
0.68310574
0.50531451
0.46906213
0.58616996
0.61835641
0.61688071
0.46526469
0.49862301
0.34927806
0.35063878
0.49859166
0.24995768
0.40346577
0.10191443
0
0.15804097
0.24679454
0.31336079
0
0.098814591
0
0.16734231
0.66407003
0.55523807
0.66211706
0.55176453
0.43037766
0.55007543
0.36611363
0.12365388
0.36239324
0.1216501
0.078499687
0.25977942
0.68001211
0.6489385
0.64012886
0.67134021
0.5941846
0.57651371
0.62259295
0.60322834
0.54502195
0.53564622
0.5176883
0.4918535
0.55087151
0.63874593
0.64652545
0.6790855
0.59896247
0.59838415
0.64566927
0.6780932
0.63616105
0.66834983
0.57478348
0.59099815
0.48993243
0.51400661
0.44346646
0.46043874
0.53049234
0.53879089
0.46918672
0.46938227
0.5385844
0.38473977
0.39397164
0.39452643
0.38634433
0.46097962
0.58923989
0.57177966
0.61823471
0.38951806
0.31289777
0.27294999
0.35086088
0.19181249
0.14435834
0.22907845
0.23398567
0.15867421
0.1144556
0.062209305
0
0.09392665
0.45914552
0.38760366
0.41888388
0.27127974
0.30939078
0.22956689
0.26332496
0.34174176
0.36714087
0.14323042
0.18914404
0
0.061112318
0
0.048461495
0.11182737
0.15429579
0
0.037985936
0.089649112
0.18893182
0.21557368
0.28959442
0.65986858
0.60787248
0.56881516
0.53336291
0.65870336
0.62193367
0.65680808
0.60629942
0.53151545
0.48591824
0.56405289
0.50290857
0.42564927
0.42639235
0.60331054
0.32927095
0.20577978
0.17154204
0.067570638
0.43742509
0.32744598
0.28352564
0.39106206
0.20433553
0.066872526
0.053145557
0.16789558
0.042569449
0.23717337
0.0031110022
0.022017693
0.0026910376
0.022422813
-0.0029787885
0.021479751
-0.0024923055
-0.021051839
-0.002049882
-0.021622457
0.0023185928
-0.022054114
0.021188707
0.0020120822
0.021634376
0.020597666
-0.0016712801
-0.020132158
-0.0013726762
-0.020732319
0.001785386
-0.021181278
0.001724103
0.01986129
0.0012715979
-0.0013499757
0.018980079
-0.00082222027
-0.018484568
-0.00038098274
-0.019381632
0.00090055392
0.02026744
0.0016478932
0.020710426
0.019666605
-0.0011644035
-0.019210411
-0.0010515214
-0.01980556
0.0016033947
-0.020235705
0.011029986
0.022489817
0.010900545
0.011064195
-0.022099081
-0.010986689
-0.021988973
-0.01107741
0.022417167
-0.011057809
0.011007254
0.022185062
0.011112815
0.010778441
-0.021704366
-0.010439653
-0.021227751
-0.010817231
0.021774288
-0.011061844
0.023039825
0.011094702
0.022914643
0.010955956
-0.02277442
-0.02259559
-0.022253267
-0.011168134
0.022641814
-0.011135751
0.01099918
0.021656866
0.010834096
-0.021181052
-0.01047839
-0.020997954
-0.010785629
0.021509623
0.010572097
0.020688075
0.010220082
-0.02019232
-0.0095790172
-0.019941631
-0.010072615
0.020470565
0.0094204043
0.020041348
0.0099745948
0.0087832017
-0.019467964
-0.0078447204
-0.018760284
-0.0086239318
0.019387842
-0.009327731
0.010431373
0.021174546
-0.020614556
-0.020016532
-0.0099384249
0.020635079
0.0093113749
0.019878458
0.0099714367
0.0085453798
-0.019193243
-0.0076388004
-0.018140953
-0.0085558104
0.018894905
-0.0093772597
0.0076958986
0.018503721
0.006783568
-0.017816534
-0.0056261788
-0.016646603
-0.0066529991
0.017389777
0.0076803575
0.017681496
0.008660234
0.0066200385
-0.016861039
-0.0055049983
-0.015365978
-0.006691798
0.016238349
-0.007825843
0.011146849
0.022201721
0.011236985
0.010901831
-0.021728654
-0.010631402
-0.021005408
-0.011027003
0.021576417
-0.011253918
0.0017815856
0.018531006
0.0019846877
0.018904183
-0.0010998222
0.017958009
-0.0012387767
-0.017597938
-0.001422338
-0.018180545
0.0022463597
-0.018532838
0.017903478
0.0025414205
0.018243583
0.017283476
-0.0016084395
-0.017050219
-0.001724541
-0.017765719
0.0028284026
-0.018117575
0.0005988427
0.016429971
0.00072228922
0.00018295171
0.015396263
7.2695159e-05
-0.014864661
9.7084221e-06
-0.016007781
0.00070240657
0.018118809
0.0032133538
0.018358545
0.016752358
-0.0012048796
-0.015914912
0
-0.017985711
0
-0.021807661
0.019769139
0.009788109
0.019705772
-0.01932108
0.0092909372
-0.019240467
-0.0083813842
-0.018922154
-0.0090112377
0.019422947
0.0087432067
0.018806198
0.0081674533
-0.018422802
-0.0069674902
-0.01799641
-0.0077020584
0.018446955
0.0064881446
0.017795448
0.0073126728
0.0055774194
-0.017218453
-0.0041038543
-0.016108904
-0.0051583684
0.01685362
-0.0061123654
0.0080767772
0.018902624
-0.018348094
-0.017509778
-0.0070052113
0.018136812
0.0075775806
0.01811597
0.0069818703
-0.017958648
-0.0050426529
-0.017068784
-0.0061432892
0.017564904
0.0064335486
0.018195154
0
-0.015649893
0
-0.013197566
-0.0024102602
0.015672637
0.0011335877
0.013766256
0.0028796128
0
-0.011747931
0
-0.010676375
-0.00050796519
0.012299638
-0.0015634726
0.0044757406
0.016529781
-0.015442706
-0.01386509
-0.0028721669
0.01514948
0.00011752301
0.011080265
0.00069307769
0
-0.009767698
0
-0.0089371556
0.00017113977
0.0099873505
-6.1559668e-05
0.0037956414
0.015660308
0.0048310599
0.0027090537
-0.014773604
-0.0015020723
-0.013344343
-0.0024890704
0.01428845
-0.0035286666
