FiniteElementSpace
FiniteElementCollection: RT_R2D_2D_P0
VDim: 1
Ordering: 0

-0.0015428148
0.011319759
-0.00225098
0.012027924
0.0023376294
0.011092595
0.002564793
-0.01056669
0.0034641947
-0.011466092
-0.0023261385
-0.011541251
-0.0026167102
0.010270373
-0.0034389321
0.0032325431
0.0098851163
0.0036178001
-0.009384563
0.0045602158
-0.010326979
-0.0036786439
0.0094185378
-0.0047202001
0.010460094
0.0092002778
0.0047784758
-0.0079446109
0.0059047265
-0.0090708616
-0.0047747926
-0.0091254541
0.010545187
-0.003303196
0.011522245
0.0035492878
0.0046917918
-0.010267958
-0.0032313232
-0.010196085
-0.0033738234
0.009044086
-0.0042148538
0.0036959521
0.0085368971
0.004203141
-0.0081230263
0.0050927225
-0.0090126077
-0.004586809
-0.0057565727
0.0062356099
-0.0068997459
0.0073787831
0.0064381184
0.0061613948
0.0065123335
-0.0044047325
0.0075930789
-0.0054854779
-0.0067592682
-0.0053450001
-0.0060502968
0.0052107101
-0.0070009814
0.006191751
0.005010261
0.0063922001
-0.0036156208
0.0072194385
-0.0044428592
-0.0069628547
0.0025889956
-0.007891536
0.0035176769
0.0027544193
0.0070540147
-0.00094805216
0.0077384448
-0.0016324822
-0.0074234748
-0.0011644211
0.0032227564
-0.0079881767
0.0044516649
0.0072981584
0.008347798
-0.0022140606
-0.0074204302
-0.0016463141
0.0084987747
-0.0044791069
0.0097465585
0.0086088754
0.0045816911
-0.0064259675
0.0059691138
-0.0078133901
-0.0042136965
-0.0075479798
0.0073577216
-0.0060259465
0.005883665
0.0071709458
-0.006632281
-0.005819633
0.0040896765
-0.0072730358
0.0055430792
0.0068089574
0.0082205972
-0.0030579539
-0.0066925557
-0.0024774738
0.0051608239
-0.0057520937
0.0066992211
0.0055868586
0.0072371078
-0.004127723
-0.0052181274
-0.0035937568
0.0087338534
0.012008129
0.0087536481
0.0093120834
-0.012119481
-0.0081395521
-0.011611014
-0.0086480193
0.01253578
-0.0081203686
0.00877825
0.010988411
0.0092474492
-0.010665285
-0.0075570447
-0.0096459936
-0.0085763356
0.011425195
0.0081699381
0.0086690474
0.0085476155
-0.0079256571
-0.0063763975
-0.0063868266
-0.007915228
0.0090272306
0.0068923778
0.0050439834
0.0072359888
-0.0039373678
-0.0046328444
-0.0018627215
-0.0067074907
0.0053750766
0.0040890062
0.0034680066
0.0059960762
0.0044476962
-0.0022214115
-0.0015296492
-0.00010323353
-0.0036478272
0.0037629646
-0.0033528692
0.0078132271
0.0024725478
0.0060786288
0.0042071461
-0.0048871257
0.0026962627
-0.0051108406
0.00026168887
-0.0032033699
-0.0016457818
0.0062279183
-0.0014964923
0.0007196973
0.0017863992
0.0010832103
-0.00046674652
0.0019355481
0.001476888
-8.0864797e-06
0.0020561746
-0.0030488254
0.00018082031
-0.0011734711
-0.002670229
0.0010982917
0.0056107263
0.0027026562
0.0040063618
0.0004647724
0.0042903139
-0.00032969294
-0.0083404976
0.001318249
0.00052373346
0.0073671708
0.0029981157
0.0088160082
0.0015492782
-0.0071955803
0.0026941956
-0.0057928411
-0.0090008185
-0.0039876029
-0.0042056458
0.0072288128
0.0082231761
0.0084267114
0.0070252775
-0.0069165746
0.0091095214
-0.00062282242
-0.0081557991
0.00010950189
1.5249742e-05
0.0071003727
0.0019345809
0.0074039751
0.0016309784
-0.0071447123
0.0026420652
0.00053140519
0.0021043238
-0.0018119672
0.0039163443
0.0026748931
0.003345775
0.00036634902
0.0057062886
-0.0019941647
-0.0013474518
-0.001014363
-0.0034450251
-0.00038768523
0.0050796109
0.003224545
0.0068591328
0.0014450231
-0.0029545001
-0.0074490821
-0.0023943513
-0.0094557482
0.012429064
-0.0013947474
0.01142946
0.0036619998
0.012668683
0.0024227769
-0.0086539801
-0.0043242684
-0.0046085395
-0.0036648806
0.0061997449
0.0061800421
0.0073146288
0.0050651582
-0.0040629714
-0.007023038
-0.0011548332
-0.0054034325
-0.0065734928
0.002253111
0.0092724027
0.0033784595
0.0081470541
-0.00078580689
0.0085160804
5.6922288e-05
6.2430033e-05
5.7941812e-05
8.7702067e-05
4.34933e-05
1.1815881e-06
-7.7410611e-05
2.4051771e-06
-4.2722038e-05
-0.00016271422
-0.00025576857
-9.3264625e-05
0.00012036367
5.2269611e-05
4.374131e-05
0.00015296214
-6.2971544e-05
-0.00014706605
-0.0003019336
-0.00017960836
-0.00058708519
-0.00083579797
-0.0010370244
-0.00074383693
-0.0010998258
-0.0013751194
-0.0016598433
-0.0013439111
-0.0015994599
-0.0019551858
-0.0022605916
-0.0018664015
-0.00091178551
-0.0012498639
-0.0014746675
-0.001091606
0.00018344101
3.067885e-05
1.1478761e-05
0.00020981963
-0.00015053617
-0.00035749777
-0.00046873771
-0.00021575897
-0.00029009626
-0.00059030299
-0.00072313899
-0.00037472507
0.00023023891
-1.5358898e-05
-5.1260378e-05
0.00024299565
4.8658291e-05
0.00011481092
0.00016572769
6.1600194e-05
0.00018572368
0.00025878307
0.0003902989
0.00027625683
0.00033157441
0.00040175184
0.00061786822
0.00050505518
0.00046714139
0.00052578351
0.00082821859
0.00072629329
0.001002969
0.0011476522
0.0014799728
0.0012936249
0.0011220776
0.0013607198
0.0016289069
0.0013506615
0.001594426
0.001820736
0.0021652706
0.0019012951
0.0022100012
0.0025087632
0.0028463641
0.0025162244
-0.00047099811
-0.00086853627
-0.0010285007
-0.00058069996
-0.00070654679
-0.0012063425
-0.0014077696
-0.0008531555
-0.0021453084
-0.002576093
-0.0029022135
-0.0024375187
0.0012841806
0.0014116755
0.0018268943
0.001657932
0.002038074
0.0022460135
0.0026628855
0.0024192545
0.0024456373
0.0026402093
0.0031252745
0.0028972524
0.002796044
0.0030714099
0.0034657237
0.0031630733
0.0028156113
0.0031732545
0.0034847991
0.0031038961
