FiniteElementSpace
FiniteElementCollection: ND_R2D_2D_P1
VDim: 1
Ordering: 0

0
0
0
-0.076016391
-0.046010679
-0.065069646
-0.023221991
0
0
-0.033545918
0
-0.015637254
-0.051354397
-0.043597617
-0.056232303
-0.071914268
0
-0.011450606
-0.022699087
-0.034873351
-0.020810455
-0.024536169
-0.042769862
0
-0.0072382576
0
0
-0.0083189543
0
-0.018822963
-0.062924244
-0.060588208
-0.078277579
-0.042473983
0
-0.029853477
0
-0.052418764
-0.011433055
-0.033536468
-0.031873335
-0.0099936363
-0.0036209186
-0.013480121
-0.071562468
-0.053198524
-0.024243492
-0.036332048
-0.048505112
-0.045749099
-0.05160894
-0.055473884
-0.0057511882
0
-0.0056798293
-0.011686325
-0.028349814
-0.02344584
-0.029241714
-0.034924389
-0.040771895
-0.034114751
-0.037581426
-0.045423995
-0.022489902
-0.026470347
-0.018623896
-0.020143743
-0.028872095
-0.02920298
-0.039145184
0
-0.0048692585
-0.010948974
0
-0.0034307925
-0.0087930461
-0.015407345
-0.01138647
-0.0055167252
-0.0059058392
-0.012235624
0
-0.001620688
0
0
-0.0017382137
0
-0.0042047784
-0.019497925
-0.016217456
-0.026965343
-0.010906637
0
-0.0069642082
0
-0.0098527156
-0.07490267
-0.073537712
-0.075970968
-0.078920616
-0.069314147
-0.065636025
-0.068100549
-0.059051647
-0.056772992
-0.068413089
-0.048403199
-0.056065187
-0.038299212
-0.049224908
-0.058685188
-0.047392708
-0.034524706
-0.02728118
-0.042376202
-0.021665152
0
-0.012823715
0
-0.015986583
-0.033544907
0
-0.019985655
-0.050450319
-0.0057827726
-0.029083452
-0.039597108
-0.028174068
-0.023612883
-0.033830273
-0.0053397055
-0.0042004094
-0.013567311
-0.0087444556
-0.0025394683
-0.00071641805
-0.0029089502
-0.023098192
-0.01575901
-0.0055412976
-0.0083605791
-0.075971822
-0.069243395
-0.063054433
-0.050497503
-0.043896942
-0.053644447
-0.03797955
-0.030517597
-0.011258088
-0.01422825
-0.017453574
0.0018849865
0.01132787
0.0030441797
0.012034517
-0.00084081107
0.010466839
-0.001968427
-0.01226424
-0.0028823766
-0.013317127
0.0039833786
-0.014203255
-0.0035690203
0.0015367509
-0.0025185923
0.0030264615
0.003700847
0
0.0026759285
0
0.0018394402
-0.0017754562
-0.0016567132
-0.0035030485
-0.0017351683
0.0071379063
-0.00065017999
0.0083542148
0.002380153
0.0058363388
0.0012994757
-0.006778861
0.00041131748
-0.0083053344
0.00023917482
-0.0097393817
0.0018885226
0.012638809
0.0025484571
0.014058189
-0.001006282
0.011090126
-0.0016707422
-0.012381235
-0.0020884212
-0.014162613
0.0029436552
-0.015818609
0.0094311255
0.000911481
0.0076792152
-0.0002692632
-0.0085213756
-0.00073482791
-0.010495364
0.0013545361
0.011468516
0.0015652644
0.013578193
0.0092828726
-0.00098886676
-0.0099343583
-0.0010456151
-0.01231423
0.0015544445
-0.014634905
0.015595744
0.0030553767
0.017502626
-0.0022505481
-0.0021602226
-0.016884794
0.0028793138
-0.01904748
0.00199893
-0.0009857076
0.0039516068
0
0.00119118
0
0.00072417773
-0.0022037702
-0.00050034901
-0.0043645878
0.0023840852
-0.00018699662
0.0047310367
0
0.00042228999
0
0.00025938675
-0.0025328515
-2.1389904e-05
-0.0050363706
0.00022339271
0.0070334174
0.00051051904
0.00018647231
-0.00012148144
-0.00026882792
-0.007505816
0.00062110713
0.0078661382
0.00058444522
0.010443388
0.0052641152
-0.00028797637
-0.0053945181
-0.00022053737
-0.008087603
0.00044037551
-0.010775101
0.0026413073
3.1043432e-05
0
0.00019810116
0
0.00018871103
-0.0026988803
1.5996141e-05
0.0026894314
-8.8171599e-06
0.0054004895
0
0.00016450481
0
0
-0.0025536658
0
-0.0052370863
0.0081396714
0.00023246704
0.010896946
-0.00011294913
0
-0.0079895688
0
-0.010781315
0.01796245
0.0024293693
0.020372697
0.015498803
-0.0018396747
-0.016113917
-0.0013299135
-0.018757846
0.0017487829
-0.021382699
0.012989703
0.0013464654
-0.00093307688
-0.00068993195
-0.013452246
0.00098230109
0.013662945
0.00051392703
0.016432826
-0.00036329607
0
-0.013595661
0
-0.016424196
0.019205912
0.00090785718
0.02198907
-0.00069261778
0
-0.019266625
0
-0.022131008
0.012276817
0.01843328
0.013352831
0.018033372
-0.010765583
0.018553067
-0.011746401
-0.021566806
-0.01243401
-0.02155051
0.014151295
-0.021208538
0.0092826995
0.018397803
0.010176254
-0.007847764
0.017977352
-0.0086637974
-0.020656934
-0.0091614837
-0.021262243
0.010759637
0.024271891
0.010981482
0.024771423
0.023424851
-0.0092795844
-0.02625904
-0.0089305687
-0.027438387
0.010756579
-0.028219618
0.01532583
0.0046619045
0.016418252
-0.0035460704
-0.0039256026
-0.017325885
0.0050396952
-0.018655716
0.019273526
0.0050757978
0.020878412
-0.0039932131
-0.0037296325
-0.021103169
0.0047350075
-0.023021289
0.0076642078
0.022277239
0.0077183509
-0.0062867848
-0.0063159199
-0.0059203121
-0.024760828
0.0073141639
0.027122148
0.0063433678
0.029091614
0.0249779
-0.00504738
-0.026585183
-0.0036855052
-0.029165571
0.0047221285
-0.03171272
0.022716766
0.003997286
-0.0031390133
-0.0022585082
-0.023991328
0.0028895101
0.024795887
0.0015034351
0.027653344
-0.0011725048
0
-0.025038057
0
-0.02802494
0.030601096
0.0025068141
0.033703122
-0.0019313408
0
-0.03115873
0
-0.034555635
0.0081032719
0.037038031
0.004649357
0.040672323
-0.0061210509
-0.0033356961
0
-0.038435033
0
-0.04324274
