FiniteElementSpace
FiniteElementCollection: RT_R2D_2D_P0
VDim: 1
Ordering: 0

-0.010114106
-0.010008394
-0.011401243
-0.0087212574
0.012638485
-0.0078612328
0.010491324
0.0099243376
0.011291518
0.009124143
-0.0092211391
0.011304246
-0.011750894
-0.0086633773
-0.012553039
0.013819718
-0.0064858001
0.011642141
0.0080005746
0.011899571
0.0077431443
-0.010371845
-0.0093658862
-0.01063111
-0.009106622
-0.0072375603
0.0097712455
0.008408558
0.0095074168
0.0086723866
-0.008463383
0.010840113
-0.0099140046
-0.0081705814
-0.010206806
-0.0078582816
0.0074516938
0.008640005
0.0066895408
0.009402158
-0.0060733064
0.011499433
-0.010175479
-0.0052093357
-0.01103945
-0.0082233336
0.0047373955
0.0085555892
0.0035006298
0.009792355
-0.0032417831
0.011759908
-0.010023471
-0.00182483
-0.011440424
-0.0081884614
0.0016656201
0.0080260124
0
0.0096916325
0
0.011516463
-0.0033610001
-0.01339929
-0.0057428287
-0.011017462
0.0066458195
-0.011442357
0.004688886
0.014856707
0.00694247
0.012603123
-0.0038306144
0.014515337
-0.0057128789
-0.013443423
-0.0077139446
0.0086774968
-0.011284427
0.0065185007
0.014285396
0.0081568887
0.012647008
-0.0055042458
-0.015982674
-0.007455297
-0.014031622
-0.013514273
0.0056884876
0.016483472
0.006993925
0.015178035
-0.0047876728
0.017845659
-0.016281592
-0.0064281834
-0.013684023
0.0046925004
0.0071378542
0.015400305
-0.0041869775
0.017641511
-0.0076604064
-0.012729975
-0.0091059549
0.010208914
-0.01049031
0.0079692496
0.012864799
0.0088802966
0.011953752
-0.0067743117
-0.011324072
-0.010054901
0.0090740685
0.0093361167
0.010578065
-0.0077681664
-0.012431728
-0.0080339119
-0.012165982
0.0071111952
0.0067570878
0.01185354
-0.0057314647
0.014155988
-0.014566992
-0.0078270311
0.0064792867
0.0067441883
0.013891086
-0.0052346451
-0.016037308
-0.0054733765
-0.015798577
-0.013632531
0.0043394107
0.014929456
0.0036946732
0.015574194
-0.0029404508
0.018107119
-0.013171123
-0.0052700567
0.0046254148
0.0036026584
0.012782664
-0.0031232645
-0.0133883
-0.0018690349
-0.01464253
0.0016547821
0
0.013171245
0
0.01504028
-0.016757978
-0.0019777472
-0.017720682
0.001579225
0
0.016619505
0
0.018597252
-0.019893286
-0.0073951615
-0.016685102
-0.016955695
0.0042002633
0.021625221
0.0069787343
0.01884675
-0.004193379
0.022048533
-0.018737277
-0.006569255
0.0040552245
0.0041747262
0.017987618
-0.0029316515
-0.020379754
-0.0026223548
-0.020689051
0.0015156537
0
0.020112905
0
0.02273526
-0.025921572
-0.0093428361
-0.020772115
0.001746213
0
0.024481473
0
0.033824309
-0.0054567709
-0.013533314
-0.0029409186
-0.0036695345
0.012728101
0.0068744094
0.015113145
0.0044893655
-0.011695982
0.0063266975
-0.0063893046
-0.016403793
-0.0042504187
0.015502625
0.00727794
0.018051503
0.0047290618
-0.014258446
-0.007543532
-0.019978215
-0.0043831291
0.01888813
0.0072278063
0.021712905
0.0044030312
-0.017103306
-0.0095318302
-0.025920816
0
0.024292479
0
0.022359802
0.0019326772
-0.020625687
-0.0028090006
-0.020233883
-0.0032008051
0
0.019550801
0
0.0178727
0.0016781008
-0.017464421
0.0044475625
0.0020617894
0.0022221676
0.002324539
0.0021662261
0.0023689239
0.0025009027
0.0025995191
0.0024693553
0.0025624572
0.0026909064
0.002774092
0.0026472393
0.002722968
0.0028483545
0.0029131741
0.0027891549
0.0028455723
0.0029682579
0.0030135104
0.0028922417
0.0029293638
0.0030490031
0.0030749236
0.0029572531
0.0011218267
0.0013286175
0.0014279784
0.0012244246
0.0015308702
0.0017269981
0.0018211494
0.0016274459
0.0017127828
0.0019045671
0.0019762715
0.0017855426
0.0013149247
0.001515622
0.0015897865
0.0013911226
0.0019154261
0.0020946156
0.0021846437
0.0020074208
0.0022630917
0.0024194676
0.002505917
0.0023512847
0.0024299796
0.0025831285
0.0026506196
0.0024986793
0.0020891625
0.0022648367
0.002334622
0.0021599263
0.0022195739
0.0023939332
0.0024432816
0.0022688011
0.0025572881
0.0027082392
0.0027561396
0.0026061321
0.0026458362
0.0027947048
0.0028244034
0.002677119
0.0023091292
0.0024836659
0.0025161899
0.0023423767
0.0014507698
0.0016489587
0.0016922225
0.0014915947
0.0018448716
0.0020358799
0.0020841027
0.0018910119
0.0019268151
0.0021231881
0.0021562579
0.0019579847
0.0015110213
0.0017213433
0.0017465318
0.0015173554
0.0009460559
0.0010487615
0.00090310283
0.00080382918
0.0011383256
0.0012120719
0.0010532972
0.00098734376
0.0012669204
0.0012987835
0.0011117961
0.0010968536
0.0013008642
0.001242481
0.0010009533
0.0010850286
0.00088716658
0.00080856114
0.0006492571
0.00071741666
