FiniteElementSpace
FiniteElementCollection: ND_2D_P1
VDim: 1
Ordering: 0

1.8859627e-07
-0.026042487
0.0043257634
-0.023887996
-1.7969461e-07
-0.027398519
-0.0042956285
0.026351774
-0.0084307498
0.025221458
0.008480436
0.023267105
-0.02438974
0.012322806
-0.022615884
-0.025323094
-0.012257613
0.024375297
-0.015631566
0.023604162
0.015714575
0.021984599
0.0087221379
-0.020086761
0.012682097
-0.016903312
-0.0085834932
-0.01247263
-0.015913727
0.019597
0.01619914
0.016539882
-0.022915
0.018526952
-0.021419588
-0.023560733
-0.018419088
0.022919239
-0.020505715
0.022364269
0.020647271
0.020961991
0.027398579
-0.004299581
0.027879977
9.3376905e-08
-0.026351838
-0.0084532382
-0.026585299
0.0085707084
-0.025865574
0.0043496439
0.027426079
-9.2712275e-08
0.025323161
-0.012303096
0.025348879
-0.024375365
-0.015694704
-0.024238972
0.01593722
-0.023159995
0.012489773
0.024419289
-0.0044608455
0.025989755
9.2885448e-08
-0.0088124446
-0.024150941
0.0092228423
-0.021408609
0.0046565989
0.023530704
-9.4491103e-08
0.023560801
-0.018487191
0.023307319
-0.022919304
-0.02056305
-0.022587272
0.020842039
-0.021361636
0.018761618
0.022134109
0.022478203
-0.021835654
0.022095502
-0.022253891
-0.022253704
-0.021835822
0.022477989
-0.020563198
0.022095304
0.020842218
-0.0049786585
0.019998305
9.78343e-08
-0.0098775438
-0.017602458
0.010920858
-0.01267183
0.0055158437
0.015286049
-1.0383601e-07
-0.027879904
0.004299776
-0.027425994
-0.0043498357
0.025865489
-0.0085708991
0.026585224
0.0084534342
-0.025989659
0.0044610357
-0.0235306
-0.0046567889
0.021408513
-0.0092230238
0.024150848
0.0088126301
-0.022506246
0.012855882
-0.024419205
-0.019601233
-0.013454957
0.018175301
-0.017124277
0.021130375
0.016397785
0.023159914
-0.025348802
0.012303286
-0.012489954
-0.015937386
0.024238896
0.015694881
-0.019998198
0.0049788509
-0.015285946
-0.0055160424
0.012671753
-0.010921033
0.017602367
0.0098777221
1.1465374e-07
-0.009088999
0.0065029194
-1.5056858e-07
0
-0.0090890964
0
-0.015285977
0.006502841
0.01267178
-0.0055159607
0.017602337
-0.010920992
0
-0.019998157
0
-0.023530489
0.0049787627
0.021408424
0.0098776619
-0.015718428
0.014368367
-0.01571842
-0.019601174
0.014368347
0.018175277
-0.023307245
0.018487348
-0.022134032
-0.018761764
0.021361565
-0.020842159
0.022587202
0.020563182
-0.020054541
0.019273549
-0.017124264
-0.02005451
0.016397738
-0.022133956
0.01927354
0.021361531
