FiniteElementSpace
FiniteElementCollection: ND_R2D_2D_P1
VDim: 1
Ordering: 0

0
0
-0.043942059
-0.027364956
-0.037751479
-0.014057719
0
-0.027504533
0
-0.020940219
-0.033179267
-0.033004814
-0.041460938
-0.041008922
-0.020976356
-0.010375049
-0.020943773
0
-0.0069515258
-0.029985909
-0.024265025
-0.036551199
-0.017584117
0
-0.010769807
0
-0.01621965
-0.024270896
0
-0.011000228
-0.039336542
-0.025887355
-0.015769752
-0.005006397
-0.033670489
-0.025713168
-0.0088687969
-0.012854732
-0.033446564
-0.013008367
-0.036683192
-0.030598384
-0.030531486
-0.036571308
-0.029917366
-0.023674823
-0.024452502
-0.018554841
-0.01854747
-0.02442188
-0.013186948
-0.012327728
-0.017693419
-0.0077264255
-0.0060253255
-0.010599201
-0.0024489652
0
-0.0034551862
-0.043185908
-0.03807474
-0.035572074
-0.040760589
-0.040054003
-0.034321853
-0.032228375
-0.025910214
-0.022933246
-0.02954083
-0.026323671
-0.032619415
-0.035778775
-0.029721805
-0.028177696
-0.023587259
-0.015986851
-0.021947693
-0.019493561
-0.013410805
-0.0099318943
-0.016197759
-0.0079858368
0
-0.0044632315
0
-0.0054919899
-0.019266715
-0.01495179
-0.022678454
-0.011994665
0
-0.0067267939
0
-0.010108014
-0.03544224
-0.037728921
-0.04294262
-0.02631415
-0.029432132
-0.015031611
-0.019362456
0
-0.0068594563
0
-0.0056744912
-0.012192384
-0.033452521
-0.027020025
-0.021374996
-0.01534214
-0.0090963473
-0.0029290269
-0.039241539
-0.036005046
-0.027449428
-0.030807108
-0.03184454
-0.026928094
-0.019682841
-0.023720111
-0.01462695
-0.011906487
-0.0039255172
-0.0049137442
-0.020483848
-0.017344517
-0.0059365641
-0.0072640319
-0.039054562
-0.030740115
-0.020528038
-0.0073511729
-0.0061015551
0.019914185
0.0077272051
0.018616622
0.0082385828
-0.019922593
0.0071337858
-0.018564597
-0.0070026923
-0.017050599
-0.0076267486
0.017159749
-0.0081719334
0.019935149
0.0064601298
0.01851597
-0.019947244
0.0057094939
-0.018467252
-0.0055410352
-0.016847957
-0.0063057168
0.016948179
0.0062201592
0.015238402
0.0069447222
0.0054384479
-0.015097604
-0.0053789456
-0.013221753
-0.0061843154
0.013392132
-0.0069429043
0.0061749531
0.011413252
0.0069765884
0.0053404711
-0.011228021
-0.0052976124
-0.0091255462
-0.0061659672
0.0093091122
-0.0070171317
0.0061258301
0.0070910384
0.0070298876
0.005223953
-0.0069293138
-0.0050911758
-0.0046589249
-0.0060222278
0.0047798577
-0.0069737941
0.0058243452
0.0024042214
0.0068107992
0.0048741144
-0.0023400907
-0.0045529055
0
-0.005511115
0
-0.0065129874
0.017972411
0.0097221671
0.016794317
0.0097023649
-0.017830135
0.0096265113
-0.016567506
-0.0099238237
-0.015165878
-0.010048111
0.015489993
-0.010042564
0.017685061
0.0094190363
0.01634114
-0.017542203
0.0091053
-0.0161217
-0.0093102453
-0.014543013
-0.0096747757
0.014846823
0.010061034
0.013191737
0.010372746
0.00962173
-0.012793435
-0.010034251
-0.010845725
-0.010588128
0.011349728
-0.011000612
0.010541507
0.014061435
0.010557643
-0.013619504
-0.011913976
-0.011239484
0.012506962
-0.011289402
0.017405574
0.0086925235
0.015914428
-0.017277683
0.0081891996
-0.015722699
-0.0082829429
-0.014006943
-0.0088420714
0.014261785
0.0076036053
0.015547144
-0.015386955
-0.01357578
-0.0076461453
0.013779338
0.0077352731
0.011852223
0.0084398268
-0.011618685
-0.0095168512
-0.0078438126
0.0097613699
-0.0086341341
0.0090744978
0.01243573
-0.012122809
-0.010055436
-0.0093725606
0.010413882
0.0096952259
0.0081588331
0.010523228
0.0088238915
-0.0077903215
-0.0089440567
-0.0053260444
-0.0099657142
0.0056404879
-0.011006189
0.007931186
0.0075048852
-0.0072783836
-0.0049212592
-0.0079473715
0.0050970061
0.0078386025
0.0025746426
0.0089191564
-0.0024799199
0
-0.0075662638
0
-0.0086859518
0.010069467
0.0028816463
0.011317395
-0.0027015455
0
-0.0098999575
0
-0.011256846
0.012212085
0.010822541
0.012311269
0.011843408
-0.010002107
-0.012978004
-0.007805874
-0.013568676
0.0089432574
-0.013794688
0.011262784
0.0092668262
-0.0086428198
-0.0060912501
-0.012040809
0.0067699266
0.012697995
0.0036257723
0.014243363
-0.003158343
0
-0.012848029
0
-0.014858145
0.01584613
0.0070205244
0.016061701
-0.0045523875
0
-0.017738608
0
-0.023019446
-0.010539106
0.0097564566
-0.011857719
-0.0090057091
-0.010200436
0.0084896538
-0.010278253
0.010041162
0.0097402984
0.011390928
-0.0072462421
0.01083957
-0.0052426864
-0.011723212
0.0047966025
-0.01200269
0.0067386025
0.011017875
-0.0029573713
0.012945167
-0.00035123192
-0.014678764
0.00063942339
-0.014933338
0.0027079751
0.013291029
0.0028794074
0.017510567
0
-0.018301536
0
-0.016480938
0.00012358379
0.016147136
-0.00086550127
0.014960432
-0.0016551172
0
-0.015305764
0
-0.014300302
0.0011253963
0.013937958
0.0021717127
