FiniteElementSpace
FiniteElementCollection: RT_R2D_2D_P0
VDim: 1
Ordering: 0

0.0045340443
0.0020517099
0.0050802491
0.0015055051
-0.0055538084
0.0013019022
-0.0048040007
-0.0018456873
-0.0051591606
-0.0014905273
0.0043815451
-0.0021892314
0.0058324908
0.00066485565
0.0057423296
0.00075501681
-0.0060781553
0
-0.0054132997
0
-0.0050589849
-0.00035431476
0.0050397148
-0.0010569296
0.005222154
0.0017592775
0.0056795293
-0.0063183571
-0.0053140964
-0.0053436254
-0.0010274005
0.0048612426
0.0013878863
0.0049324283
0.0013167006
0.00070158604
-0.0046573252
-0.00090723472
-0.0045069245
-0.0010576353
0.0042670347
-0.0017230289
0.00047548634
0.0048136151
0
-0.0045834985
0
-0.0042192965
-0.00036420203
0.0042705824
0.00045148295
0.003972003
0.00075006236
0
-0.0037678136
0
-0.0033691018
-0.00039871181
0.0034669108
-0.00090380407
0.0013262686
0.0041612945
0.0014320089
-0.0039307183
-0.0036777052
-0.0011568171
0.0035678241
-0.0017502875
0.0037323496
0.0024064303
0.0041761441
0.0019626357
-0.0046220106
0.0017397825
-0.0039553628
-0.0023193363
-0.0042383036
-0.0020363955
0.0035270659
-0.0026854738
0.0020458751
0.0046876377
-0.0044299861
-0.0045177254
-0.0016352896
0.0040035909
0.0020825126
0.0040997522
0.0019863514
-0.0038672217
-0.0037875176
-0.0018299915
0.0034569487
-0.002472795
0.002648308
0.0038020132
0.0023733607
-0.0035763469
-0.0036783436
-0.0023707983
0.0031477416
-0.0030250699
0.0028968903
0.0032548414
0.0027897905
0.0022551071
-0.0030365604
-0.0026487652
-0.0029743727
-0.0027109529
0.0026076999
-0.0033580945
0.002189055
0.0033908966
0.0015849642
-0.0031834269
-0.0018258413
-0.0029732034
-0.0020360647
0.0027781961
0.0023028702
0.0025678468
0.0025132195
0.0017252146
-0.0023955478
-0.0018795846
-0.0020694476
-0.0022056848
0.0019773353
-0.0027961963
0.003134673
0.0025399713
0.0032024016
-0.0023529191
-0.0021277065
-0.0030214089
0.0019090896
-0.0036522906
0.0013607283
0.0033435882
0.00082158631
-0.0031385633
-0.00093124292
-0.0028055178
-0.0012642884
0.0027820353
0.00046243256
0.003107757
0
-0.0029066692
0
-0.0024740781
-0.00043259114
0.0026091052
0.00047244191
0.0022016776
0.00087986954
0
-0.0020016361
0
-0.0015528953
-0.0004487408
0.0017102933
-0.00094012514
0.0014036755
0.0024604963
-0.0022817118
-0.0018851283
-0.0013367086
0.0019176202
0.001398742
0.0015139704
0.0018023918
0.00089120505
-0.0013775914
-0.00088618338
-0.00094020611
-0.0013235687
0.0009877138
-0.0018498253
0.00045873645
0.0012778247
0
-0.0010941589
0
-0.0006706962
-0.00042346269
0.00081510399
0.00038648807
0.00040133299
0.00080025907
0
-0.00028420813
0
0
-0.00028420813
0
-0.00068554112
0.0012815351
0.00051701665
0.0017522322
-0.00045893011
0
-0.0011444712
0
-0.0016614879
0.0033110766
0.0016525011
0.0035676652
0.0027100789
-0.0015267088
-0.0028558889
-0.0011372291
-0.0032453686
0.0010447445
-0.0038531252
0.0023617847
0.0016290411
-0.0015100548
-0.0010785473
-0.0022813327
0.0010544849
0.0023014249
0.00057389672
0.0027820131
-0.0005293546
0
-0.0021908425
0
-0.0027647392
0.0033690819
0.00059372882
0.0038200976
-0.00055016031
0
-0.0033148995
0
-0.0039086283
-0.0017166795
-0.0018185296
-0.0018355405
-0.0017374028
-0.002017643
-0.0020416845
-0.0020467464
-0.002023686
-0.0019039926
-0.001971146
-0.0019802499
-0.0019170378
-0.0019306697
-0.0019908048
-0.0020026901
-0.0019450166
-0.0020321582
-0.0020546734
-0.0020645846
-0.0020424831
-0.0020541387
-0.002075831
-0.0020878883
-0.0020666677
-0.0019600401
-0.0020156468
-0.002029368
-0.0019756034
-0.0015238045
-0.0016477909
-0.0016710983
-0.0015497809
-0.001757859
-0.0018526064
-0.0018698997
-0.0017782207
-0.0017986003
-0.001887495
-0.0019053741
-0.0018190482
-0.0015754709
-0.001694236
-0.0017172893
-0.0016009857
-0.0016263936
-0.0017402942
-0.0017632575
-0.0016517536
-0.0018395522
-0.001923454
-0.001941596
-0.0018600571
-0.0018804574
-0.0019596329
-0.0019773734
-0.0019006217
-0.0016770575
-0.0017861277
-0.0018088236
-0.0017022708
-0.0019915187
-0.0020435512
-0.0020578618
-0.0020075509
-0.0020796746
-0.00210033
-0.0021127128
-0.0020927525
-0.0021055563
-0.0021246763
-0.0021358514
-0.0021177392
-0.002023462
-0.0020720002
-0.0020856592
-0.0020390013
-0.0020539103
-0.0020985331
-0.0021103131
-0.0020679276
-0.0021289551
-0.0021458685
-0.0021543431
-0.0021388533
-0.0021470698
-0.0021608599
-0.0021649427
-0.0021532235
-0.0020807899
-0.0021206888
-0.0021293477
-0.0020922365
-0.0017273235
-0.0018312364
-0.0018532337
-0.0017521181
-0.0019203943
-0.0019946124
-0.0020111341
-0.0019396047
-0.0019580726
-0.0020267197
-0.0020411507
-0.0019756156
-0.0017765334
-0.0018746695
-0.0018953889
-0.0018004356
