FiniteElementSpace
FiniteElementCollection: RT_R2D_2D_P0
VDim: 1
Ordering: 0

0.0010415655
0.00071394855
0.0017840685
-2.8554444e-05
-0.0021104342
0.00023795941
-0.0016344451
-0.0012029631
-0.0023636051
-0.00047380316
0.0012903282
-0.00096754348
0.0014526569
0.0020133899
0.00072959514
0.00094430372
-0.0018552519
-0.0018979433
-0.0025517002
-0.0012014949
0.0014902957
-0.0017245891
0.0019497279
0.00097835031
0.0026901188
-0.0029845319
0.00051176193
-0.0025179435
-0.0014268226
-0.0032312491
-0.00071351709
0.0022006727
0.0030396034
0.0017953199
0.0037048334
0.0011300899
-0.0040205094
0.0012622591
-0.0034874486
-0.0020508653
-0.0040749156
-0.0014633983
0.003153877
-0.0020143547
0.0016448872
0.0029012562
-0.0027164518
-0.0033665188
-0.0013642877
0.0023676006
0.002280916
0.0030153001
0.0016332165
0.0017128888
-0.0027984916
-0.0025751484
-0.0033673164
-0.0020063236
0.0024306793
-0.0025909444
0.0022827271
0.0037237153
0.001690163
-0.0034823515
-0.0024226173
-0.0039357473
-0.0019692215
0.0031177885
0.0027537404
0.003571066
0.0023004629
0.0021163044
-0.0032983114
-0.0027966743
-0.0035995226
-0.0024954631
0.0029147089
-0.0031518201
0.0029241073
0.0030158298
0.0023389568
-0.002743672
-0.0032145848
-0.0026809073
0.0023704639
-0.0033262732
0.002182471
0.0021920845
0.0014806823
-0.0020024457
-0.0026614553
-0.0019319348
0.0016312716
-0.0024927477
0.0029390874
0.002316358
0.002254001
-0.0020613247
-0.0026824434
-0.0027051546
0.0017034717
-0.0033180408
0.0044458883
0.0018796163
0.0050194302
0.0013060744
-0.0053824072
0.0011915191
-0.0046943099
-0.0017101783
-0.0050783673
-0.0013261209
0.0043700125
-0.0019755386
0.0037905886
0.0018847103
0.0044130398
-0.0047310833
-0.0041524473
-0.0046608103
-0.0014671756
0.00382935
0.0054532595
0.00064615578
0.0053745625
0.00072485286
-0.0055530541
0
-0.0049068983
0
-0.0045743121
-0.00033258618
0.0047076528
-0.00099949582
0.0050072903
0.0016710885
0.0054868598
-0.0060057663
-0.0050595306
-0.0051135404
-0.00094548605
0.0047221676
0.0012834553
0.004823777
0.0011818458
0.00063831956
-0.0044684047
-0.00082894183
-0.0043506696
-0.0009466769
0.0041965627
-0.0015738912
0.00044107711
0.0045104104
0
-0.004133235
0
-0.0038093468
-0.00032388818
0.0040053567
0.00040453976
0.0037458921
0.0006640044
0
-0.0034048071
0
-0.0030574865
-0.00034732057
0.0032817586
-0.00081145407
0.0012044814
0.0041229417
0.0012781024
-0.0038101926
-0.0035925476
-0.0010290991
0.0035576098
-0.001594431
0.0021609481
0.0043001351
0.0015297652
-0.0040296274
-0.0021058655
-0.0043412938
-0.0017941991
0.0036717169
0.001866109
0.0047063563
-0.0043941041
-0.0045130594
-0.0014549359
0.0040554267
0.0018990885
0.0041801948
0.0017743203
-0.0038920734
-0.0038403257
-0.0016461786
0.003554469
-0.0022719044
0.0024171881
0.0039726006
-0.003698426
-0.003824404
-0.0021459264
0.0033218527
0.0020160494
0.0035096347
0.0020608837
0.0014284336
-0.00325271
-0.0016799702
-0.0030617245
-0.0018709557
0.0028990325
-0.0024815578
0.0012327815
0.0033619577
0.00072506527
-0.0030848314
-0.0008361768
-0.0027839378
-0.0011370704
0.0028190578
0.00040879099
0.0029654843
0
-0.0026486955
0
-0.0022711613
-0.00037753416
0.0025068417
0.00030204661
0.00042399667
0.00035451452
0.00023207363
0.00016336253
0.00028623805
0.0002195825
9.6276319e-05
0.00054225112
0.00065620997
0.00058713047
0.00047308883
0.00062779024
0.00073024917
0.0006631656
0.00056125146
0.00040508473
0.00051917192
0.00045284961
0.00033870447
0.00027439913
0.00038866101
0.00032708487
0.00021260562
0.00049691848
0.00059838354
0.00053645415
0.00043530806
0.00037691141
0.00047789256
0.00042317985
0.0003221976
0.0001537491
0.000268583
0.00021360341
9.8247784e-05
3.1164163e-05
0.00015494987
9.273013e-05
-3.1636433e-05
-9.1797155e-05
3.3304212e-05
-2.2951021e-05
-0.00014899442
0.00099385577
0.0010647423
0.00099113443
0.00092263857
0.00082587017
0.00091397384
0.00084460512
0.00075786115
0.0012120333
0.0012328982
0.0011471368
0.0011286142
0.0011257017
0.0011754523
0.0010954424
0.0010491325
0.00097657925
0.0010204382
0.00095064083
0.0009085416
0.0010513887
0.0010684668
0.00099617225
0.00098007172
0.0009145473
0.0009299433
0.00086968359
0.0008548214
0.00084537251
0.00088619701
0.00082725894
0.00078736456
0.00069228719
0.00077786549
0.00071436397
0.00062973159
0.00085433734
0.00092087744
0.00085457435
0.00078957585
0.00072887756
0.00079269955
0.00073564314
0.0006726924
0.00057072537
0.00065463857
0.00059916543
0.0005157542
0.00062141329
0.00068374596
0.00063731991
0.00057539887
0.00073478075
0.00077399881
0.00072661046
0.00068787779
0.00080097641
0.00081541937
0.00076725567
0.00075315195
