FiniteElementSpace
FiniteElementCollection: ND_R2D_2D_P1
VDim: 1
Ordering: 0

-0.011872865
0.029043212
0.036936026
0.015843464
0.016111433
0.043452614
0.037181408
0.016763686
0.020955819
0.035463561
0.010754461
0.022079353
0.013951259
0.0025308046
0.027456388
0.027687219
0.02693699
0.0039399559
0.041308087
0.041940552
0.03839112
0.038690991
0.033875065
0.025364217
0.013250721
-0.015023624
0.024608558
0.018232178
0.018132873
0.014301918
0.0093436141
0.029114631
0.031325043
0.022109203
0.019213596
0.011768122
0.014061892
0.013535333
0.016483839
0.036316478
0.041972365
0.032885504
0.0007366885
0.021391863
0.015952812
0.03004512
0.031160875
0.02297777
0.016375658
0.012730489
-0.0047587267
0.0098220613
0.010258184
-0.0037901085
0.0094766711
0.022331191
0.02234649
0.032178482
0.031530543
0.022232811
0.021998489
0.010769474
0.022183146
0.032417349
0.032481251
0.038900212
0.042338585
0.040831493
0.037773265
0.043079348
0.043359297
0.042586731
0.040008879
0.038179788
0.040837946
0.038227153
0.038642566
0.030570469
0.029340822
0.021655257
0.036147612
0.035877328
0.034097194
0.031709044
0.027891537
0.0021013637
-0.0069457049
-0.013803105
0.014868434
0.0074217629
0.023314852
0.017907771
0.02681428
0.023664471
0.022727517
0.020210308
0.019707428
0.015059579
0.016987689
0.013178919
0.0098726959
0.019487797
0.017590235
0.016968031
0.015536994
0.015063081
0.034892052
0.030990149
0.032659244
0.027196485
0.022328327
0.026696882
0.033454183
0.030521292
0.035317461
0.024456647
0.021068739
0.020665526
0.017765329
0.017731298
0.017039866
0.012845076
0.014394032
0.015221422
0.015326456
0.014735155
0.013501783
0.013530232
0.0031430312
0.016306857
0.027427676
0.016637232
0.027699241
0.040317139
0.043172884
0.040679921
0.039938113
0.026239201
0.034365792
0.036510837
0.031086817
-0.0054404154
0.0090163323
0.019687053
0.02565297
0.021797246
0.014030667
0.018788188
0.016518602
0.03383389
0.026890781
0.034561249
0.022368421
0.019051637
0.015539696
0.016466101
0.014568267
0.0032167273
0.0010477182
0.0054645995
0.00029136946
-0.0046169508
0.0017394047
-0.006773368
-0.0010035492
-0.0086853883
-0.00042721974
0.007480853
0.00020366243
0.0060320874
0.0023645728
0.0080935257
-0.0074543421
0.0029245375
-0.0094195593
-0.0019966724
-0.011119272
-0.0015256
0.0098992687
0.00064178808
0.011409094
0.00021890093
0.0010241418
-0.012511043
-3.5237137e-06
-0.013559265
0.00029106012
0.012585968
0.00061611717
-0.00024658527
0.0092232912
-0.00075673291
-0.010311904
-0.011616814
0.00097473377
0.010654275
0.0013681688
0.0088771701
0.0034246501
0.010748119
-0.010297144
0.0038710573
-0.012075803
-0.0028031508
-0.013565226
-0.002420412
0.012341707
0.014532975
-0.0008769699
0.015068492
-0.0010653789
-0.015503994
-0.000707446
-0.015895161
0.001951848
-0.015886356
0.0020617003
0.015207639
0.0021779523
0.016467003
-0.00055785153
0.016708052
-0.017415547
-0.00043389687
-0.017495826
0.0017525398
-0.017176948
0.0018484289
0.016546923
-0.0031269935
0.016001578
-0.0032087666
-0.003025428
-0.016489177
0.0042452505
-0.015467975
0.0043835226
0.015099091
0.0044692854
-0.0032747287
0.014949029
-0.0033294968
-0.015483951
-0.01470615
0.0045109299
0.014301357
0.0045169389
-0.0017566082
0.011742226
-0.0020373553
-0.0015027992
-0.012568418
0.0024396699
-0.013142992
0.0025917422
0.012460499
0.0027620156
-0.001273077
0.013400571
-0.014235056
-0.014520336
0.0023030579
0.013830495
-0.0033778077
0.013863054
-0.00342561
-0.014406328
-0.013894772
0.0044967743
0.013493096
0.0044596633
-0.0034780485
0.012790296
-0.0035406061
-0.01332333
-0.013100597
0.0044150989
0.012718571
0.0043707271
-0.005130706
-0.00074374425
-0.0025977871
-0.0074667932
0.0011413368
0.0080456155
0.0019844677
0.0058232174
-0.0016839835
0.003395178
-0.0095661759
-0.0016037474
-0.011392012
0.0021290956
0.011718991
0.0027916291
0.010023207
-0.0023554014
-0.012910875
-0.0027141634
-0.014096064
0.0033566972
0.014146354
0.0038457553
0.013102081
-0.0032898583
-0.01492613
-0.004053144
-0.015387396
0.0048011839
0.015148517
0.0051149428
0.014833054
-0.0044557756
-0.014719529
-0.0047428892
-0.014177139
-0.014890226
0.0053085515
0.014615466
0.0053806997
0.014587521
-0.0049123485
0.01418802
-0.004110366
-0.013561299
-0.0043464798
-0.012595952
0.0044856135
-0.014179913
0.0046302245
0.0141528
0.0046569352
0.013674652
-0.0044638047
0.012849227
-0.01443837
-0.0049635836
-0.014328771
0.0053344609
0.014033627
0.0051751867
0.014274455
-0.0048995727
-0.014096883
-0.0047248712
-0.014107335
-0.013733864
0.004912076
0.013431369
0.004555938
0.013906965
-0.0044471933
0.014042737
-0.0056636535
0.012723645
-0.0055456834
-0.0057440076
-0.012995337
0.0070221876
-0.011726595
0.0068911515
0.011563366
0.0066941189
-0.0082038159
0.01002783
-0.0079288665
-0.0083717124
-0.010118577
0.0098161651
-0.0082230192
0.0096406788
0.0081454405
0.0092948504
-0.0056193675
0.01387335
-0.0057340819
-0.0054187687
-0.014150607
0.0065551782
-0.012577385
0.0068403963
0.012365531
0.0070095654
-0.0058193399
-0.014680927
-0.0059118418
0.0065647853
-0.014086226
0.0065433515
0.013529472
0.0063871228
0.014265166
-0.0058782622
-0.013844943
-0.0057243241
-0.01298189
0.0061085617
0.012453905
0.0057244852
0.013427637
-0.0054608687
-0.0068824906
-0.011730351
-0.0064502725
0.0073231953
-0.010072265
0.006691658
0.0093940124
0.005988159
0.011110139
-0.0059219431
-0.01301827
-0.0051010659
-0.011953297
0.0052556293
0.011482898
0.0047228103
0.012620568
-0.0046609307
-0.013704328
-0.0040757456
-0.013958119
-0.013127393
0.0041201142
0.012821621
0.0036185593
0.013488811
-0.0036225704
0.013851337
