FiniteElementSpace
FiniteElementCollection: ND_2D_P1
VDim: 1
Ordering: 0

-1.8685633e-07
-0.026042503
0.0043253981
-0.023888036
1.7713491e-07
-0.027398513
-0.0042952815
0.026351778
-0.0084304181
0.02522148
0.0084800863
0.023267148
-0.024389769
0.012322478
-0.02261593
-0.025323107
-0.012257302
0.024375317
-0.015631282
0.023604195
0.015714275
0.021984648
-0.022915036
0.018526687
-0.021419638
-0.023560758
-0.018418837
0.022919265
-0.020505506
0.022364305
0.020647048
0.020962041
-0.021985271
0.021985027
-0.02064735
-0.022478168
-0.02180284
0.022253856
-0.022253688
0.02180307
0.022477985
0.020505793
0.023530599
-0.0049788339
0.019998202
-7.7544274e-08
-0.021408509
-0.0098777085
-0.017602367
0.010921015
-0.012671756
0.005516019
0.015285954
7.5762826e-08
-0.0065028858
0.0090890088
-7.5587059e-08
-0.012671755
-0.0065028449
0.015285944
0
0.0090890495
0
8.5790206e-08
-8.9172629e-08
-0.027879913
0.0042995783
8.5997627e-08
-0.02742602
-0.0043496448
0.025865524
-0.0085707051
0.026585243
0.0084532304
-8.2945111e-08
-0.025989702
0.0044608511
8.0094017e-08
-0.023530658
-0.0046566103
0.021408572
-0.0092228511
0.024150897
0.0088124467
-0.022506298
0.012855708
-0.024419247
-0.019601292
-0.013454798
0.018175358
-0.017124139
0.02113043
0.016397628
0.02315996
-0.025348829
0.012303085
-0.012489766
-0.015937212
0.02423893
0.015694691
-0.019998266
0.004978677
-0.015286016
-0.0055158712
0.012671809
-0.010920883
0.01760243
0.0098775605
-0.0090890612
0.0065027467
0
-0.0090889326
0
-0.015285859
0.006502874
0.012671644
-0.0055159875
0.017602237
-0.010921039
0
-0.019998079
0
-0.023530447
0.0049787865
0.021408356
0.0098777039
-0.015718485
0.014368226
-0.015718298
-0.019601081
0.0143684
0.018175161
-0.013454957
0.021130215
-0.017124319
-0.0092229834
-0.022506071
0.0088125707
-0.02441901
0.012855852
0.023159734
0.01639779
-0.0046567154
0.024150665
0
-0.025989474
0
-0.027425789
0.0044609542
0.025865285
-0.023307282
0.018487179
-0.02213408
-0.018761611
0.021361612
-0.020842034
0.02258724
0.020563041
-0.020054595
0.019273416
-0.020054398
-0.022133871
0.019273592
0.021361425
-0.018761765
0.022587046
-0.020842197
-0.015937356
-0.023307067
0.015694818
-0.023560541
0.018487311
0.022919069
0.020563179
-0.022095473
0.02183565
-0.022095304
-0.022477995
0.021835795
0.022253707
