FiniteElementSpace
FiniteElementCollection: ND_2D_P1
VDim: 1
Ordering: 0

0.018175277
-0.013454907
0.021130304
-0.017124264
-0.019601174
-0.0092229451
-0.022506135
0.0088125361
-0.024419049
0.012855806
0.023159796
0.016397738
0.021408424
-0.0046566939
0.024150704
-0.023530489
0
-0.025989488
0
-0.027425783
0.004460935
0.025865301
-0.0043497348
0.026585008
-0.0085707959
0
-0.02787968
0
-0.027398333
0.0042996949
0.026351538
0.008453332
-0.012489859
0.024238736
-0.01593731
-0.025348607
-0.02532287
0.012303177
0.0243751
0.015694781
0.021361531
-0.018761718
0.022587122
-0.020842154
-0.022133956
-0.023307124
-0.023560572
0.018487272
0.022919114
0.020563143
-0.018418957
0.022364106
-0.020505606
-0.015631416
-0.022914813
0.015714412
-0.021419384
0.018526805
0.020961801
0.020647141
-0.018780705
0.01878068
-0.020961813
-0.015913555
-0.019148873
0.016198963
-0.016198935
0.019148896
0.015913523
0.021419396
0.020505592
-0.022364101
0.018418927
-0.022919089
-0.020647128
-0.018526778
-0.015714375
0.02291481
0.015631375
0.02356055
-0.012257442
0.023603955
-0.0084305538
-0.02438952
0.0084802445
-0.022615663
0.012322628
0.021984385
-0.0042954047
0.025221237
0
-0.026042253
0
-0.023887755
0.0043255724
0.023266877
-0.0043802245
0.020577244
-0.0085833079
0
-0.021025821
0
-0.017560188
0.0044502226
0.017255017
0.0087219522
-0.01247245
0.019596781
-0.020086538
-0.016903088
0.012681915
0.01653966
-0.012925934
0.01292591
-0.016539684
-0.0088786136
-0.013178715
0.0090355103
-0.0090354944
0.013178734
0.0088785941
0.016903109
-0.0045265548
0.013413806
0
-0.013604303
0
-0.0092777919
0.0046001589
0.0091745917
-0.0046619142
0.0046619073
-0.0091746038
0
-0.0047027425
0
0
0.0047027465
0
0.0092777995
-0.013413821
0.0045265435
-0.017255033
-0.0046001497
0
0.013604312
0
0.017560199
-0.023603955
0.012257394
-0.024375083
-0.021984397
-0.012322587
0.022615678
-0.0084802058
0.024389526
0.0084305045
0.02532286
-0.019596801
0.012472415
-0.012681887
-0.0087219288
0.020086557
0.0085832787
-0.02057726
0.0043802076
-0.023266892
-0.0044502089
0
0.021025832
0
0.023887766
-0.025221253
0.0042953588
-0.026351541
-0.0043255493
0
0.02604227
0
0.027398377
