FiniteElementSpace
FiniteElementCollection: ND_R2D_2D_P1
VDim: 1
Ordering: 0

0
0
0
0.27920671
0.41239289
0.12843341
0
0
0.13118141
0
0.20643057
0.054683938
0.21153608
0.34927806
0.35063878
0.31336079
0.098814591
0
0.058915024
0.16734231
0.20357126
0.090329381
0.091466183
0.2053036
0
0.023323537
0
0
0.023725359
0
0.061176003
0.2510358
0.17166267
0
0.10312915
0
0.43037766
0.078499687
0.25977942
0.14659799
0.040235814
0.0093868775
0.041420738
0.26301304
0.081920572
0.12606071
0.39397164
0.31736953
0.31817183
0.39452643
0.15429579
0.089649112
0.12334946
0.18893182
0.037985936
0
0.028111637
0.06932406
0.093517956
0.1492686
0.36714087
0.28959442
0.30775638
0.38473977
0.21557368
0.1670883
0.23390567
0.24362665
0.11016454
0.11894538
0.17652442
0.072695818
0.073183932
0.1196299
0.17736497
0.11207927
0.16948875
0.049873278
0.064845869
0
0.018835994
0
0.010585091
0.031770338
0.038499241
0.016039091
0.016190472
0.038799876
0
0.0039905218
0
0
0.0040417667
0
0.010886757
0.066161487
0.05157279
0.096247926
0.032520007
0
0.019581855
0
0.029464178
0.23649428
0.15286634
0.21956186
0.19383723
0.12754327
0.093601523
0.15945445
0.072182231
0
0.040019765
0
0.051097781
0.23457979
0.11639676
0.19402639
0
0.06405453
0.35439035
0.13695682
0.032654025
0.10726741
0.33547484
0.18965269
0.27388464
0.1416356
0.094792028
0.14314013
0.078272439
0.023162309
0.014416459
0.050837607
0.026485399
0.0069698161
0.0015555209
0.0071215808
0.080257683
0.051580562
0.014916459
0.024193609
0.19289746
0.14170354
0.11073906
0.034341525
0.044915071
0.17304147
0.055956052
0.017389777
0.0055167815
0.01605837
0.0066200385
-0.016646603
0.0044021285
-0.01527097
-0.0031440308
-0.013724753
-0.0043078478
0.014528858
-0.0055049983
0.01514948
0.0016240167
0.013701238
0.0027090537
-0.01386509
0.00069307769
-0.012436645
-6.1559668e-05
-0.011134005
-0.00065064509
0.012278429
-0.0015020723
0.0099873505
-0.00039599643
0.0089678513
-0.00043790486
-0.0089371556
0
-0.0081368092
0
-0.0073442013
0.00058297042
0.0079820008
0.00084488615
-0.00013056627
0.010906492
0.00047098864
-0.0099101553
-0.0087421707
0.00078312403
0.0095767931
0.00041217299
0.018136812
0.005825984
0.017129326
0.006783568
-0.017509778
0.0048310599
-0.016423136
-0.0035286666
-0.015127981
-0.0045788949
0.015900255
-0.0056261788
0.01428845
0.0012950548
0.012818236
0.0022586802
-0.013344343
-0.011888917
-0.010444141
-0.00021923486
0.011301248
-0.0010587219
0.0033075974
0.014486885
-0.013677778
-0.012131539
-0.0020475
0.012932346
-0.00074216123
0.0097761712
-5.9755306e-05
-0.0011802068
-0.0090195219
0.0018470169
-0.007625443
0.0016027816
0.0082613525
0.0010883851
-0.0023656473
0.0067747309
-0.0020285823
-0.0024269407
-0.0062619323
0.002922131
-0.00493422
0.0030372611
0.0053233155
0.0028748795
0.009591165
-0.001427328
0.0078857057
-0.00058627756
-0.0089201472
-0.0073175773
-0.005747468
0.002440732
0.0061974954
0.0017432081
-0.00133426
0.0082870962
-0.0011879699
-0.0076060714
0.0014737362
-0.0064942293
0.0018065215
0.0070272507
-0.00073605501
0.0070146224
0
-0.0065410209
0
-0.0057179907
0.00086387836
0.0060488683
-0.00096519163
0.005079414
-0.001711883
0
-0.0048653031
0
-0.0039777251
0.0010437057
0.0040976517
0.0019020198
-0.0022052632
0.0057967653
-0.0053952885
-0.0043070183
0.0025384831
0.0045901071
-0.0028058835
0.0034079994
-0.0033376671
-0.0020480147
-0.003223955
0.0021488354
-0.002145763
0.0030105104
0.0022482598
0.0036726436
-0.0010978905
0.0031013244
0
-0.003049551
0
-0.0020780309
0.0011295448
0.002086466
-0.0011381322
0.0010527903
-0.0022064065
0
-0.001061149
0
0
0.0011254458
0
0.0022211832
-0.0031518504
0.0011120577
-0.0039287448
-0.0010708735
0
0.0032313345
0
0.0041055367
-0.0033629975
0.0045520135
-0.0028280652
-0.003626969
-0.0042213637
0.0042797158
-0.0027507735
0.0041880021
0.0029633708
0.0038224445
-0.0036160233
0.003916344
-0.0036417946
-0.0023878091
0.0041036957
0.0025571785
-0.0044984426
0.0012506329
-0.0048316466
-0.0011730463
0
0.0048002815
0
0.005280013
-0.0049077398
0.0014435572
-0.0047152974
-0.0013417409
0
0.0055179902
0
0.0054967499
0.011014452
0.00047333084
0.0091187652
0.0017202097
-0.010284072
-0.0084793655
-0.0066766488
0.0008005148
0.0071943147
-0.00037377287
0.0084844123
0.0003323045
0.0062579055
0.0018768882
-0.007782421
-0.00097285605
-0.0057272879
0.0022787244
-0.0037252064
0.0011066801
0.0040613188
-0.0003433922
-0.0020274415
0.0052917891
-0.0049058076
-0.0031936004
0.0031852326
0.0034435968
-0.0042500729
0.0016753786
-0.003512882
-0.0015547841
0
0.0052071019
0
0.0046470986
-0.0025038524
0.0019660759
-0.0012166114
-0.001809355
0
0.0038180691
0
0.0027191699
0.010504808
0.0036530761
0.0079770557
0.0055294403
-0.0093798015
-0.0069553778
-0.0045112543
-0.00209031
0.0051950023
-0.0041850316
0.00038590233
0.0024726447
0.0023940437
-0.0021673152
0
0.0013349893
0
-0.00040200245
