FiniteElementSpace
FiniteElementCollection: RT_R2D_2D_P0
VDim: 1
Ordering: 0

-0.00041862705
0.00070206487
-0.001880622
0.0021640598
0.0028458391
0.000722412
0.002825492
0.00078246127
0.0043697047
-0.00076175149
-0.0019087374
-0.00078986689
-0.00064285482
-0.0031637683
0.00061217608
-0.00034738145
0.0040742314
0.00154669
0.0050536242
0.00056729719
-0.0029890675
0.00074199796
-0.0088388842
-0.00072512477
-0.0085847306
-0.00097927837
0.010189503
0
0.0094643781
0
0.0087943716
0.00067000645
-0.0078423128
0.0014124243
-0.00085002659
-0.0073013269
-0.0013910124
0
0.0079443451
0
0.007081911
0.00086243404
-0.0064708752
0.0016928857
-0.0057494905
-0.0020952349
-0.0056831309
-0.0021615945
0.0070656891
0.0063614667
0.0059225037
0.0021318488
-0.0050392717
0.002775708
-0.00038268659
-0.0010170342
-0.0013064042
-9.331665e-05
0.0021439634
-0.00093143544
0.0020583646
0.0020884467
0.0027487645
0.0013980468
-0.0012857057
0.0014187452
-0.0017328062
-0.0037904383
-0.0012912625
0.0046120804
0.0021401456
0.0049818501
0.0017703759
-0.0034723675
-0.0026601453
-0.0038162429
-0.0023162699
0.0044832993
0.004458831
0.0028001763
-0.003395918
0.0032205011
-0.0025504568
-0.0019044895
-0.001931673
0.0025145776
0.0028377743
0.0028973044
-0.0017289415
0.0030728525
-0.0037906648
-0.0020377627
-0.0034818436
-0.0034337705
0.0024808799
0.0040570174
0.0025055052
0.0040323922
-0.0017306035
0.0043395514
-0.0034377298
-0.0033998774
-0.002860466
0.0038815672
0.0032509713
0.0035875931
0.0035449453
-0.0028878053
-0.0039117081
-0.002644574
-0.0041549393
-0.003268228
0.0029441131
0.0034154189
0.0024730798
0.0038864522
-0.0020723218
0.0044587044
-0.0046067227
-0.0017701973
-0.0045671289
0.0020537218
0.0018494211
0.0046630051
-0.0013728062
0.0050603962
-0.0025022451
-0.0046810508
-0.0017220748
0.0051423334
0.0018990135
0.0045049717
0.0025363752
-0.0039664547
-0.00097867797
-0.0057274784
0
0.0061032331
0
0.0051177966
0.00098543647
-0.0048139013
-0.0010333433
-0.0039595099
-0.0018877347
0
0.0040844533
0
0.0030833694
0.0010010839
-0.0030332971
0.0019272966
-0.0027219733
-0.0034202001
0.0036707331
0.0029325996
0.0026654301
-0.0026702112
-0.0026459237
-0.0020286992
-0.0032874356
-0.0018250821
0.0021117581
0.0017059473
0.0013762905
0.0024414149
-0.0013033927
0.0031667215
-0.00097073665
-0.0021789517
0
0.0021126328
0
0.0012395409
0.00087309183
-0.0013460962
-0.00074141943
-0.00062694078
-0.0014605748
0
0.0004981215
0
0
0.0004981215
0
0.0011250623
-0.0021865665
-0.00065008286
-0.0028398763
0.00065029889
0
0.0017753612
0
0.002425444
-0.0048688266
-0.0011965263
-0.0050451065
-0.004366009
0.0013466035
0.0043203677
0.00097950668
0.0046874645
-0.00076237393
0.0051216169
-0.0039542987
-0.0016606116
0.0018062167
0.0012393781
0.0037335601
-0.001073804
-0.0034807286
-0.00056220514
-0.0039923275
0.00059852572
0
0.0030239697
0
0.0035861749
-0.0045004272
-0.00042692224
-0.0048358789
0.00047140688
0
0.0040575818
0
0.004484504
0.0010457452
-0.003008864
0.00032623701
-0.0022893558
-0.00016396712
-0.003073659
-9.9172115e-05
0.0041565865
0.00043261032
0.003624804
0.00026844218
0.0035670092
-0.00063958319
-0.0048378987
-0.00093330622
-0.0045441757
0.0014066602
0.0011358903
0.0011848787
0.0050114079
-0.0006855345
0.0052591796
-0.0046619026
-0.00026490208
-0.0041285584
0.0003148834
0.0006037665
0.0049702965
-0.00011806734
0.0051171313
-0.00043709347
-0.00519874
-0.00028350541
-0.005352328
0.00067797491
0.0003151139
0
0.0047996179
0
0.0050831233
-0.0010560942
-0.00098114609
-0.00060604961
-0.00070683461
-0.00032754177
-0.00020329164
0.00021494743
7.1771828e-05
0.0011315005
0.0012981661
0.0017149932
0.0015537238
0.0019550681
0.0021090175
0.0024761855
0.0023313666
0.0016289788
0.0017943994
0.0021773466
0.002015974
0.00018395053
0.00032956792
0.00072770418
0.00056922349
0.00048068233
0.00063727235
0.0010548122
0.00088980507
0.0012912798
0.0014606997
0.0018490882
0.0016784565
0.00095457285
0.0011221811
0.0015057117
0.0013323043
0.0016955769
0.0018719288
0.0022152754
0.0020384093
0.0020455227
0.0022147252
0.0025528896
0.0023873514
0.0026994355
0.0028593852
0.0031305944
0.0029778961
0.0023556365
0.0025309176
0.0028147192
0.0026428776
0.002377808
0.0025329887
0.0028572462
0.0027101133
0.0026784746
0.0028125072
0.0031143201
0.0029925432
0.0032701502
0.0033784222
0.0036021975
0.0035084356
0.0030089787
0.0031464648
0.003397537
0.003271045
0.0034935683
0.0036079798
0.0037759972
0.0036744769
0.00370518
0.0037836966
0.0039216949
0.0038588707
0.0039687509
0.0040157435
0.0040662114
0.0040348617
0.0038124191
0.0039005316
0.0039813029
0.0039068022
0.0028964694
0.003063209
0.0032735641
0.0031133994
0.0032194881
0.0033635181
0.0035558169
0.0034216188
0.0035823781
0.0037058544
0.0038127335
0.0037005744
0.0032912766
0.0034436187
0.0035718976
0.0034283559
0.00099016038
0.0011641992
0.0014955376
0.0013154108
0.0019919993
0.0021753924
0.0024642125
0.0022806355
0.0016227452
0.0018072166
0.0020940741
0.0019065375
0.002952881
0.0031270881
0.0032716444
0.0031035637
