FiniteElementSpace
FiniteElementCollection: RT_R2D_2D_P0
VDim: 1
Ordering: 0

-0.00078918517
-0.0092052652
-0.0092876554
-0.00070679499
0.01370598
-0.0043582334
0.0088589483
0.017231338
0.017070646
0.00901964
-0.0044318404
0.013875455
-0.013231356
-0.012607824
-0.021480946
0.025752629
-0.0075515119
0.020696317
0.019893155
0.028489084
0.012100389
-0.016349997
-0.024460301
-0.024088012
-0.016722286
-0.018912359
0.022941142
0.03053647
0.029997827
0.023479785
-0.018533535
0.029034261
-0.02186167
-0.01264738
-0.013646131
0.011931263
0.01968443
0.021281093
-0.0075659783
0.026362495
-0.024833265
-0.015465732
-0.032747485
0.036709401
-0.010160869
0.031404539
0.021732201
0.038709909
0.01442683
-0.02728116
-0.02833196
-0.03512541
-0.034474866
-0.028982504
0.038939531
-0.028450518
0.032264639
0.037939041
0.037235713
0.032967968
-0.027801695
0.039641138
-0.036713664
-0.033529004
-0.041792151
0.046359526
-0.026279733
0.039110255
0.034334107
0.042748001
0.030696361
-0.034549471
-0.038778881
-0.038082442
-0.03524591
-0.031125198
0.035094317
0.037604067
0.036970001
0.035728384
-0.030441142
0.043369683
-0.042481542
-0.032836657
-0.03744658
0.030000081
0.03359984
0.039769925
-0.025608926
0.046997656
-0.033463943
-0.015402049
-0.025627872
-0.027978037
0.014198525
0.039465533
0.021417704
0.032246353
-0.01006462
0.037583783
-0.035065047
-0.025620545
0.023915284
0.030106495
0.033449928
-0.01960494
-0.044072586
-0.025986093
-0.037691432
0.023480489
0.028756413
0.041721732
-0.019460771
0.048247054
-0.043562765
-0.017509921
-0.036117463
0.015546372
0.022258609
0.041534816
-0.011875874
0.047168864
-0.0082230308
-0.0095036732
0.00057384742
-0.0037576541
0.0094100782
0.016644584
0.018069101
0.0079855607
-0.0050036739
0.01248556
-0.012450821
-0.022339298
-0.0079024931
0.021814167
0.020324516
0.030135233
0.012003451
-0.017698165
-0.016319073
-0.034044452
-0.011567575
0.032832285
0.023215473
0.040641747
0.015406011
-0.029125947
-0.019593954
-0.044143842
-0.014488888
0.042063798
0.025088368
0.04927609
0.017876077
-0.038804446
-0.028478773
-0.045705792
-0.021577426
-0.022351361
0.043148678
0.031622802
0.048800897
0.025970584
-0.039478465
0.032197912
-0.031216125
-0.036128823
-0.03787847
-0.029466478
0.041865782
-0.029839215
0.035576174
0.039194497
0.040941543
0.033829128
-0.03155658
0.040151017
-0.035267251
-0.044906501
-0.028252766
0.041786411
0.035972794
0.045593413
0.032165792
-0.037877796
-0.039963901
-0.041625547
-0.03621615
-0.032325597
0.037955109
0.038357153
0.039850253
0.036462009
-0.033949198
0.044138359
-0.051340629
-0.025172927
-0.045628473
-0.04412308
0.021538865
0.052497221
0.025866519
0.048169567
-0.01797649
0.055366004
-0.056892536
-0.023095618
-0.051773407
-0.048909133
0.017883116
0.055884086
0.020952442
0.05281476
-0.014756261
0.061154117
-0.042218043
-0.032363434
-0.040295752
-0.03446038
0.029212337
0.039162156
0.029363061
0.039011432
-0.024559419
0.046815446
-0.046476705
-0.028406706
-0.052532049
0.056013329
-0.021372936
0.048979559
0.029060331
0.053436483
0.024603407
-0.045512654
-0.032282061
-0.049541949
-0.024466095
0.045620517
0.030357783
0.047684426
0.028293874
-0.041863029
-0.049203907
-0.026804278
-0.051542091
0.055480815
-0.018169391
0.046845928
0.022050397
0.046737146
0.02215918
-0.043343488
-0.034255299
-0.04379273
-0.026258463
0.03968759
0.030422959
0.039687856
0.030422693
-0.03585827
-0.042578687
-0.035900298
-0.040627587
-0.034602888
0.031874454
0.038756753
0.031869315
0.038761892
-0.027778361
0.046883828
0.00022633337
0.00029035842
0.00026888807
0.00021278446
0.00035236412
0.0004123269
0.00037480751
0.00032293959
0.00028264968
0.00032786708
0.00027287019
0.00023226725
0.00018610247
0.00023531157
0.00018978734
0.00014581412
0.00047001847
0.00052501006
0.00047050728
0.00042416645
0.00024814629
0.00028156497
0.00021947508
0.00018461835
0.00031118855
0.00033617628
0.00027745869
0.00025069878
0.00019883047
0.000230352
0.00019702258
0.00015823153
0.00012345664
0.00016291616
0.00011482483
6.7732277e-05
9.2248972e-05
0.00013322091
6.7215313e-05
2.652147e-05
0.00017324098
0.00021177621
0.00014703262
0.00010762152
3.7959298e-05
8.1454304e-05
1.8101721e-05
-3.279769e-05
-4.9528801e-05
-6.0062734e-06
-8.3700222e-05
-0.0001334247
0.00016030671
0.00015047682
8.3965822e-05
9.4847284e-05
0.0001262541
8.6762731e-05
1.2606359e-05
5.6875059e-05
3.200242e-05
-3.7169218e-05
-0.00012667656
-4.8872301e-05
-0.00011909393
-0.0002113941
-0.00032350949
-0.00021905736
-0.00032590762
-0.00044411878
-0.00057275374
-0.00043950812
-0.00031385541
-0.00042670825
-0.00053657891
-0.00040977777
-0.00055936102
-0.000708525
-0.00085018272
-0.00068460458
-0.00081408268
-0.00099612949
-0.0011445379
-0.00094633931
-0.00010139981
-3.9794825e-05
-8.8873915e-05
-0.00016432926
-0.0002177791
-0.00012555439
-0.00014587181
-0.00025742012
0.00013109062
0.00017894667
0.00017690098
0.00011912685
-0.00057269821
-0.00070785927
-0.00087006343
-0.00071760761
-0.00087028111
-0.0010402953
-0.0012162501
-0.0010289624
-0.0012141516
-0.0013876413
-0.0015971215
-0.0014071862
-0.00119161
-0.001395318
-0.0015747869
-0.0013559128
-0.0010797228
-0.0012933222
-0.0014403121
-0.0012123663
