FiniteElementSpace
FiniteElementCollection: ND_R2D_2D_P1
VDim: 1
Ordering: 0

0
0
0
0
-0.015210485
0
0
-0.013758913
0
-0.023521249
-0.0067279765
-0.020177496
-0.0329885
-0.012333526
0
-0.0076783813
-0.019449338
-0.022239625
-0.010900586
-0.010302811
-0.021278968
0
-0.0032011631
0
0
-0.0029779914
0
-0.0064806731
-0.029953788
-0.017032079
0
-0.0098789946
-0.010006861
-0.027892858
-0.016270321
-0.0053728014
-0.0013286511
-0.0047318729
-0.025837516
-0.0081826431
-0.018369628
-0.011294295
-0.014974375
-0.021741061
-0.0063488737
0
-0.0050888701
0
-0.0038599904
-0.0089194075
-0.011579188
-0.017499193
-0.028803788
-0.024036018
-0.030804863
-0.018958152
-0.025331539
-0.013153645
-0.013723475
-0.019427657
-0.0088439053
-0.0085844992
-0.0133644
-0.018975959
-0.01214748
-0.017665749
-0.006564495
-0.0081977252
0
-0.0026608642
0
-0.0015471319
-0.0042896037
-0.0049776739
-0.0022293159
-0.0021445352
-0.0048131484
0
-0.00060792065
0
0
-0.00057960616
0
-0.0013774988
-0.0074970515
-0.0056555375
-0.010139682
-0.0038781634
0
-0.0022491876
0
-0.003132108
-0.023811243
-0.015554841
-0.021678188
-0.028197867
-0.018811588
-0.025447081
-0.012695392
-0.0091313706
-0.015246359
-0.0074046371
0
-0.0040039663
0
-0.0048943749
-0.016476289
-0.0056483178
-0.0044363702
-0.013165661
-0.026200308
-0.021345401
-0.016220803
-0.011040824
-0.015428028
-0.0098061313
-0.0032316229
-0.0020752715
-0.0065097883
-0.00347266
-0.0010421476
-0.00024266132
-0.00095699169
-0.0087592911
-0.0061093913
-0.0017961635
-0.0026704208
-0.019539936
-0.023356489
-0.013800489
-0.011324387
-0.003536816
-0.0043892893
-0.021111461
-0.00043071548
-0.019382839
-0.00064308478
0.020794302
-0.0002144737
0.019004891
-0.00010799134
0.017237257
-6.024489e-05
-0.017638035
1.8642021e-05
-0.020330381
-5.7476951e-05
-0.018543357
0.019766755
0
0.018022983
0
0.016291641
-9.3433886e-05
-0.016784927
0.00021145373
-0.015022736
0.00035222082
0
0.014552965
0
0.01280529
-0.00031461207
-0.013250112
-0.00056181351
0.00043123815
-0.015866295
0.00046296307
0.015462334
0.013670327
-0.0007448838
-0.014065387
-0.00087238924
-0.021262547
-0.00078335535
-0.019837879
-0.00080471814
0.021260951
0.019661068
0.017976459
9.1829507e-05
-0.018249257
0.00012384046
0.00046915703
-0.016552589
0.00047192603
0.016230776
0.014433549
-0.00095533545
-0.014775255
-0.0010086534
0.0014087121
-0.01293556
0.001518485
0.0012503018
0.012596205
-0.0016211963
0.010732251
-0.0018555046
-0.011052706
-0.0020280106
0.0023122999
-0.0091464743
0.0025540754
0.0019976702
0.008859386
-0.0023861673
0.0069960193
-0.0027862218
-0.0072390171
-0.0031060509
-0.011677597
0.0027254423
-0.0097170162
0.0028285095
0.011365973
0.0094307231
0.0074802654
-0.0033445843
-0.0077251709
-0.003501641
0.001035492
-0.012239796
0.00075743105
0.0118653
-0.00095063705
0.010057146
-0.001320336
-0.01040145
0.00041287481
-0.011471201
0
0.011056993
0
0.0093205742
-0.0005103721
-0.0096976272
0.00060984083
-0.0079433573
0.0011465518
0
0.0076111796
0
0.0059442826
-0.00071182017
-0.0062243105
-0.0013478313
0.0016093841
-0.0085650047
0.0082606266
0.0064913696
-0.0019062684
-0.0067478849
0.0022122123
-0.0049670456
0.0027876268
0.0015545757
0.00476589
-0.0017665396
0.0030994808
-0.0025261107
-0.0032392039
-0.0032010246
0.00081663366
-0.0045558983
0
0.0043353484
0
0.0027990102
-0.00092389821
-0.0029532639
0.0010335982
-0.0014302851
0.0019829629
0
0.001349323
0
0
-0.001146063
0
-0.0022039662
0.0028468447
-0.0015791111
0.0036237198
0.0015065943
0
-0.0031734443
0
-0.0040537809
0.0040031987
-0.0057315334
0.0042301231
0.0036851804
0.0055403602
-0.0042884754
0.0036340981
-0.0046958052
-0.0037645942
-0.005007618
0.0032793506
-0.005351589
0.0051615754
0.0033737052
-0.0037891635
-0.0035047509
0.0043120285
-0.001715932
0.004909547
0.001648661
0
-0.0048438455
0
-0.0055422338
0.0054137679
-0.0018478313
0.0058207954
0.001781978
0
-0.006146908
0
-0.0066552249
-0.012322499
0.002867248
-0.010326977
0.0028458373
0.011993567
0.010012916
0.0079800041
-0.0035760894
-0.0082545057
-0.0035683339
-0.013051268
0.0027722094
-0.011055025
0.0026572004
0.012672328
0.010670688
0.0085601965
-0.0034790969
-0.0089135821
-0.0033148843
0.0043231722
-0.0066718696
0.0041401003
0.004395319
0.0063878218
-0.0053205885
0.0042060886
-0.005303669
-0.0043968502
-0.0051538324
0.0043626278
-0.0061458744
0.0059309516
0.0038995121
-0.0052182206
-0.0040443229
0.0061257128
-0.0019864817
0.0063206493
0.0019153206
0
-0.0070631357
0
-0.0073650418
0.0063948281
-0.002155774
0.0063307962
0.0020650133
0
-0.0075521044
0
-0.0076111368
