FiniteElementSpace
FiniteElementCollection: ND_R2D_2D_P1
VDim: 1
Ordering: 0

0
-0.042775155
0
-0.026288041
-0.036965902
-0.035852947
-0.025127469
-0.01330147
0
-0.0480444
-0.019110999
-0.049368035
-0.040369338
-0.043083002
-0.032005118
-0.031390321
-0.042606227
-0.039680711
-0.034660819
-0.02201937
-0.014090189
0
-0.01998244
-0.0065247627
-0.0279564
-0.021995215
-0.016291842
0
-0.0096335699
0
-0.04742945
-0.037762899
-0.04651148
-0.031847666
-0.011006314
-0.03147007
-0.024154925
-0.0081112018
-0.011279804
-0.046569139
-0.041995981
-0.044389847
-0.048856273
-0.04600133
-0.040846852
-0.040576677
-0.04579068
-0.040459098
-0.034859742
-0.03526032
-0.029460043
-0.029146705
-0.034954119
-0.033958884
-0.039662804
-0.044971697
-0.038133771
-0.043570539
-0.048379242
-0.041628249
-0.039201922
-0.033638109
-0.036578749
-0.030391608
-0.023915437
-0.027401777
-0.020217893
-0.012844412
-0.01701208
-0.008482316
0
-0.0055530541
-0.036033525
-0.033424315
-0.032303604
-0.030029786
-0.023890754
-0.020812904
-0.027195334
-0.023883074
-0.028094437
-0.026331302
-0.02338016
-0.022302814
-0.016806575
-0.014952362
-0.020468615
-0.017902008
-0.012336785
-0.0089754594
-0.014618881
-0.0099835996
-0.0073926386
-0.0032311988
0
-0.004058578
0
-0.0048697484
-0.017149442
-0.012981352
-0.010612853
0
-0.0058180176
0
-0.045324123
-0.043162739
-0.037709161
-0.032063044
-0.037136724
-0.041433769
-0.044897424
-0.037692639
-0.028617897
-0.018158747
-0.0060172073
-0.037399099
-0.033947009
-0.025266782
-0.02849493
-0.03001096
-0.025598249
-0.018517441
-0.021984596
-0.013326941
-0.011080707
-0.0036193763
-0.0044128821
-0.018220898
-0.015547844
-0.0052038754
-0.0062094422
-0.015186418
-0.016703192
-0.01506744
-0.017587462
0.015308063
-0.01573082
0.015204627
0.015582856
0.014956368
0.016630161
-0.014816986
0.017576607
0.0083345406
-0.013629838
0.0077928636
-0.014277376
-0.0083864024
-0.012796269
-0.0079048673
0.012742378
-0.0073401304
0.013591901
0.0071631613
0.014252988
0.0085836043
-0.011779495
0.0081646807
-0.0089300766
-0.01059226
-0.0085670429
0.010528424
-0.0081074616
0.011713825
0.007660671
-0.01173054
0.0070795813
-0.012775597
-0.010542666
-0.0075586801
0.010608131
-0.0069349556
0.011809419
0.0064371929
0.012883299
-0.013645808
0.0064517502
-0.014322863
-0.0067005049
-0.0060027012
0.013787191
0.005673596
0.014491129
0.007273978
-0.014803321
0.0064327555
-0.015095784
-0.007140303
-0.0063579353
-0.005491499
0.014983027
0.0054879057
0.015269451
0.0079797044
-0.015216855
0.0070816333
-0.0075580538
-0.006677378
-0.0056757877
0.015369532
0.0060499975
-0.015531124
-0.014673266
-0.015440174
0.015876514
-0.013533062
0.015794088
0.01318559
0.015529586
0.014435377
-0.015188374
-0.016372419
-0.012311457
-0.016292773
0.017061956
-0.01100654
0.016975704
0.010338189
0.016628517
0.011826291
-0.016000724
-0.018020537
-0.0096075243
-0.017908922
0.019410736
-0.008061229
0.019212034
0.0067105039
0.018509589
0.0086728995
-0.017449143
-0.02163234
-0.0062763336
-0.021245852
0.028009277
0
0.02316759
0
0.020625427
0.0038695005
-0.019706957
-0.015634784
0.0048792829
-0.015560476
-0.0045538592
0.015986381
-0.0033167643
0.01603446
0.0035634441
-0.015275139
0.0044493566
-0.01475583
-0.004561508
0.015104867
-0.00360553
0.015684608
0.0033397277
-0.016207127
0.0022056049
-0.016566885
-0.015505608
-0.0026892753
0.015889445
-0.001914261
0.016810338
0.0011453931
0.017321805
-0.016598614
0.0020949169
-0.0019801538
-0.00058500985
0.017372457
0.00046429711
-0.014002615
0.0048552204
-0.013042582
-0.0052729864
0.013220491
-0.0045432221
0.014264688
0.0040384068
-0.01192292
0.0057540937
-0.010694935
-0.0062531832
0.010776916
-0.0055251547
0.012039472
0.0050496476
-0.012131288
0.0043307983
-0.013376641
-0.010835449
-0.004753837
0.01086252
-0.0039327944
0.012180566
0.0035882072
0.013476698
-0.014528195
0.0032773626
-0.0038404249
-0.0031637866
0.014730955
0.0026196018
-0.014825177
0.0020437121
-0.016139868
-0.013504872
-0.002480671
0.013468871
-0.001744672
0.014804404
0.0014650221
0.016187036
-0.012184084
0.0028003295
-0.010858491
-0.0030524406
0.01082994
-0.0021045642
0.012149319
0.0019463209
-0.012089471
0.0010135102
-0.013389536
-0.010785185
-0.0010863138
0.010732148
0
0.012017176
0
0.013289743
-0.014701479
0.00079737608
-0.016061748
-0.00092196522
0
0.014559904
0
0.015852069
-0.01843188
-0.0013382133
-0.018248783
0.00074991537
0.01921809
0.0016508687
0.019903548
-0.0032868043
-0.017387279
0.00036124019
-0.0013908512
-0.0010234834
0.017662789
0.00019914165
-0.017554986
0.00023731268
-0.019381524
-0.00060412432
0
0.017226162
0
0.018846544
-0.021979111
-0.005148946
0.00070791993
0
0.021280956
0
