FiniteElementSpace
FiniteElementCollection: ND_2D_P1
VDim: 1
Ordering: 0

0.0074513039
0.014878812
0.0091643756
0.013911166
-0.0087222581
0.015443214
-0.010227145
-0.014836563
-0.011439901
-0.014474208
0.010593485
-0.013714284
0.014129313
0.011713658
0.013577694
0.014289889
-0.012338864
-0.013807073
-0.012912613
-0.01384312
0.012508174
-0.013497401
0.0089692729
0.012641385
0.010530084
0.011331611
-0.0097671513
-0.011107456
-0.012121268
-0.012774436
0.011763568
-0.011683108
0.013613417
0.012968592
0.013468435
0.013390292
-0.013159652
-0.013036936
-0.013086802
-0.013434834
0.013093942
-0.013483588
-0.010717152
0.0093407015
-0.010091236
0.010004273
0.01226606
0.0086491438
0.011461551
-0.010277972
0.010271906
-0.010817494
-0.0090655211
-0.011295134
-0.013926909
0.0079338381
-0.012943167
0.01566428
0.007204059
0.014495536
-0.0090161489
0.01297989
-0.0096747191
-0.011593448
0.012303398
-0.0076540273
0.012599524
0.011899019
0.008725416
-0.01352596
0.006864097
-0.013820128
-0.0058724785
-0.01393473
-0.017437351
0.0064746463
-0.016072231
0.019202028
0.0057640802
0.017625469
-0.007609869
0.015729521
-0.0083203475
-0.014375789
-0.02091289
0.0050909006
-0.019109656
0.022524172
0.0044697956
0.020482701
-0.006218753
0.018147642
-0.0069049872
-0.016998291
0.015417278
-0.003736084
0.015344119
0.015180062
0.0047631144
-0.01688103
0.0025821379
-0.017195833
-0.0012785444
-0.016942135
0.015603517
0.011303382
0.01536444
-0.012389875
-0.014361218
-0.013161647
-0.014798912
0.012298394
0.014734529
0.013488628
0.013722737
-0.014610918
-0.012265432
-0.014875602
-0.013521354
0.014023065
0.012387433
0.014201167
0.013424929
0.010918246
-0.014748877
-0.0097742439
-0.014301553
-0.011381962
0.014051102
-0.01258107
0.014056157
0.012971767
-0.01359873
-0.013708697
-0.013387184
0.013319498
0.012330779
0.015786452
0.010511155
-0.017073647
-0.0081941722
-0.016455912
-0.01054094
0.015703452
0.018986627
0.0082218779
0.018727573
-0.024672083
0
-0.018496348
0
-0.015908412
-0.0043410464
0.016645843
0.0032020679
0.015042125
0.0063343232
0
-0.014209266
0
-0.012845378
-0.0026434651
0.013691139
-0.0053009342
0.0089548084
0.015182095
-0.015342227
-0.014204704
-0.0077326363
0.014384531
0.012800829
0.013349834
0.011848027
-0.01351437
-0.011228698
-0.013046164
-0.012297783
0.0130798
0.010535408
0.013618987
0.0088703501
-0.013616958
-0.0081792566
-0.012757427
-0.0098463083
0.012951817
