FiniteElementSpace
FiniteElementCollection: ND_R2D_2D_P1
VDim: 1
Ordering: 0

0
0
0
-0.071385286
-0.08208515
-0.051386886
0
0
-0.04275835
0
-0.065110858
-0.027715941
-0.04023615
-0.078988497
-0.069375319
-0.079192506
-0.038517417
0
-0.029094391
-0.05956217
-0.065591175
-0.04061989
-0.03734295
-0.059229111
0
-0.014740445
0
0
-0.013634179
0
-0.022611881
-0.033103575
-0.043668458
0
-0.022612813
0
-0.074968247
-0.034463053
-0.074296277
-0.053133099
-0.022409165
-0.0068020424
-0.019125645
-0.058938023
-0.023794233
-0.019149898
-0.078374774
-0.07614569
-0.071626552
-0.073134961
-0.053970178
-0.036918807
-0.048573425
-0.063146043
-0.0183908
0
-0.015338033
-0.032099795
-0.041362553
-0.056099157
-0.082483548
-0.077752002
-0.078282731
-0.081570789
-0.068661613
-0.059813315
-0.070794691
-0.069845913
-0.046484023
-0.04782008
-0.060060515
-0.034491379
-0.033113291
-0.045765195
-0.057219018
-0.040742525
-0.051700656
-0.025988148
-0.032250993
0
-0.011636796
0
-0.0074748698
-0.018711726
-0.021621685
-0.010764692
-0.010347656
-0.02079111
0
-0.0032734061
0
0
-0.0031342993
0
-0.0066432357
-0.028540849
-0.021206742
-0.033195735
-0.016641694
0
-0.0095796355
0
-0.011547224
-0.060110022
-0.043947008
-0.052132107
-0.042682859
-0.034423226
-0.02360887
-0.032251382
-0.02358188
0
-0.012363798
0
-0.011983226
-0.037351661
-0.021344815
-0.027046614
0
-0.010461612
-0.075216795
-0.051064253
-0.016878163
-0.044988908
-0.080391488
-0.064301624
-0.074210642
-0.05397978
-0.040630694
-0.049248726
-0.036899956
-0.013520977
-0.0095711579
-0.027009159
-0.015949294
-0.0053286093
-0.0013930728
-0.0049119132
-0.031188464
-0.02494745
-0.0081946295
-0.010670289
-0.052377019
-0.03358164
-0.034116739
-0.012064817
-0.012266649
-0.029730071
-0.011261513
0.015266735
-0.01606779
0.014866613
-0.01684783
-0.018204875
-0.014971876
-0.01766103
0.01696791
-0.016808851
0.018205899
0.014201837
0.019139044
0.034392427
-0.0043480065
0.032664013
-0.0054559418
-0.036466947
-0.0032786394
-0.034280463
0.0043066313
-0.032062792
0.0059188633
0.030701995
0.0073592229
0.033060311
-0.0026845891
0.030643155
-0.0050473271
-0.033827297
0
-0.03136892
0
-0.028672408
0.0029350941
0.028031039
0.0056116688
-0.0070982104
0.028556144
-0.0089054319
-0.029733163
-0.027229285
0.0080109616
0.026217331
0.010154305
0.021505772
-0.0096607757
0.021522953
-0.010854757
-0.024822355
-0.0082595667
-0.024638632
0.010247874
-0.023974875
0.011661138
0.02113617
0.012909852
0.026602814
-0.010566734
0.025136801
-0.012145943
-0.028880144
-0.027035798
-0.024938068
0.012089646
0.023350236
0.013866152
-0.013636124
0.020364578
-0.022887574
-0.021443824
0.015501061
0.019245659
-0.013370663
0.021284429
-0.015372078
-0.011168217
-0.022600755
0.011998503
-0.020022805
0.014440276
0.018955399
0.016662234
-0.015332217
0.016368252
-0.017753219
-0.012683575
-0.017204076
0.013254048
-0.014149885
0.016077331
0.013528671
0.018670635
0.016102004
-0.019956927
0.014106574
-0.021954422
-0.017655374
-0.0153445
-0.012762734
0.021037376
0.01182837
0.023189467
-0.0087364017
0.023665049
-0.0060564237
-0.024515896
0.0064163547
-0.021576469
0.0093235099
0.020886319
-0.003134168
0.025192441
0
-0.025726181
0
-0.022536554
0.0032957651
0.022120765
-0.0034300293
0.018824381
-0.0067124945
0
-0.019123812
0
-0.015517891
0.003543136
0.015324833
0.0069603903
-0.0098063432
0.017877471
-0.01841194
-0.01503515
0.010208167
0.014646848
-0.010546907
0.01121247
-0.013733236
-0.007170474
-0.011470238
0.0073509227
-0.007749236
0.010835339
0.0076020677
0.014139832
-0.0036402402
0.011652319
0
-0.011756875
0
-0.0078845161
0.0037246132
0.0078447816
-0.0037988885
0.0039450505
-0.0075070737
0
-0.00394891
0
0
0.003863951
0
0.0076423973
-0.011083115
0.0038507691
-0.014487692
-0.0039111649
0
0.011296693
0
0.014787074
-0.021946603
0.009265477
-0.02422463
-0.019442236
-0.0099173034
0.020095014
-0.0068232782
0.022713863
0.0064248744
0.025091866
-0.016703412
0.010447728
-0.010874863
-0.0074023315
0.017233495
0.0071453982
-0.017686422
0.0036504691
-0.020652251
-0.0037643524
0
0.018076393
0
0.021132734
-0.023367571
0.0033258156
-0.025826132
-0.0035058924
0
0.023931774
0
0.026458829
0.0121931
-0.023749244
0.010877863
-0.025324693
-0.014282713
-0.012628051
-0.010696436
0.025142127
0.0093268091
0.026907568
0.0055913051
-0.029945098
0.0047055316
-0.031589615
-0.0076570396
-0.028189659
-0.0062746396
0.029205881
-0.0045723756
0.031033832
0.0035810963
0.032825332
-0.026295676
0.0074915027
-0.0084686193
-0.0059349781
0.027244741
0.0053306465
-0.028035336
0.0028286218
-0.030020738
-0.0031033995
0
0.02871118
0
0.03070131
-0.031835412
0.002037764
-0.033582598
-0.002484497
0
0.032463716
0
0.034070624
0.0001194859
-0.03304432
-0.00048722012
-0.033735767
-0.0030265473
-0.0025677574
-0.0021769538
0.034718101
-0.0001006834
0.036743055
-0.035471191
0.00038661981
-0.037954346
-0.001411016
0
0.035674952
0
0.037648057
