FiniteElementSpace
FiniteElementCollection: RT_R2D_2D_P0
VDim: 1
Ordering: 0

0.0080779188
-0.00087248745
0.0082667881
-0.0010613567
-0.0076823934
-0.001196132
-0.0073587488
0.00064898523
-0.0074153912
0.00070562761
0.0078446244
0.00028346388
-0.0019302398
-0.0093638701
-0.001395098
-0.0098990119
0.0012205188
-0.0093828323
0.0012394809
0.0089615471
0.0004722973
0.0097287308
-0.0014987887
0.00962504
-0.0086610741
-0.00033959846
-0.0085685638
0.00019095359
0.0080496764
-0.00070948407
0.008950114
-0.00032816536
-0.0081402124
0.00063811634
-0.0091064941
-0.0081211174
-0.00072857902
0.0069401767
-0.001847558
0.0080591557
0.0005683611
0.0079894004
-0.00013184837
-0.007730421
0.00070629443
-0.00063116568
-0.0075508872
-0.00081069945
0.0069846263
-0.0017719928
0.0079459196
0.00081005117
-0.0070850134
0.0018461552
-0.0069887987
-0.0018682075
0.0058252683
-0.0029828881
0.0069399488
0.001846383
-0.0054323243
0.0030537089
-0.0066396503
-0.0054785044
-0.002936708
0.0037215518
-0.0041473826
0.0049322264
0.0028811009
0.0047596184
0.0029096236
-0.0043573208
0.0040308073
-0.003838364
-0.0043306151
-0.0038650697
0.0027962823
-0.0049074944
0.003838707
0.0039136521
-0.0027786534
0.0042087802
-0.0041063327
-0.0030551206
-0.0038709153
0.0007584188
-0.0050788648
0.0019663682
0.0037584777
0.0015160658
0.0015771397
-0.0038016814
0.0030356511
-0.0052601927
-0.0030651419
-0.0027604906
-0.004244501
0.0030000762
0.0026001211
0.0025645462
-0.0039769253
-0.009832448
-0.0040434892
-0.0045171192
0.010165234
0.0036394029
0.0097778664
0.0040267705
-0.010292979
0.0035662398
0.0042912408
0.00034805661
0.003898392
0.00074090539
-0.0035167207
-0.00027283913
-0.0028958249
0.00042334023
-0.0024482802
-2.4204434e-05
0.0031299474
-0.00079264906
0.0058546509
0.0014876468
0.0055272139
0.0018150837
-0.0053190654
-0.0045723241
-0.0041028121
-0.001262161
0.0046831876
-0.0021061873
0.0012976582
0.0041315036
0.0018493422
0.00037316863
-0.0031783226
-7.9683913e-05
-0.0024425502
-0.00081545627
0.0030546294
-0.0018923304
0.0014152386
-0.005514325
0.0023102099
-0.0064092963
-0.0019216484
-0.0051934943
-0.0022424792
0.0046485773
-0.0031768061
0.0055829041
0.0025669328
0.0058396271
-0.0043140095
0.0026945684
-0.0039013254
-0.0025188715
0.0033862512
-0.003430798
0.0042981777
0.003044968
-0.003595655
0.0039783975
-0.0045290845
-0.0032008845
-0.0038255685
0.0024447982
-0.0047047766
0.0033240063
0.004245785
0.0035913937
-0.0047918218
0.0035564642
-0.0057813531
-0.0034395433
-0.0043996522
0.0045515027
0.0037103957
0.0047054342
-0.0030072789
0.0027433887
-0.0024156094
-0.002484
0.0019178442
-0.0034467911
0.0028806353
0.0032490046
0.0034154105
-0.00077060754
0.0043117152
-0.0016669122
-0.0036532214
0
-0.004423829
0
-0.0050687166
0.0006448876
0.0048765098
0.0012096823
-0.0022932101
0.004156679
-0.004073089
-0.004878802
0.0020153953
0.0045860819
-0.0013507715
0.005328532
-0.0020932217
-0.0009830258
-0.0052465477
0.00050480331
-0.0057602229
0.0010184784
0.0055058089
0.0011957552
-0.00040410749
0.0054554281
0
-0.0054728241
0
-0.0057511882
0.00027836417
0.0056818673
-0.00029765925
0.0059549029
-0.00074675328
-0.00025326974
-0.0058046124
-0.00023571941
-0.0059587247
-8.1607035e-05
0.0058126604
-0.0002238495
-0.0033357508
0.00470526
-0.0032105111
-0.004524892
0.0019652852
-0.0053880034
0.0028283967
0.0046731456
-0.0023449553
0.0051113408
-0.0049565102
-0.0056507268
0.0018899719
0.0051866542
-0.0012791013
0.0055455257
-0.0021514814
-0.001387921
-0.0052791837
-5.1038064e-05
-0.0058985437
0.00056832196
0.0052387845
0.00026158073
0.00080548597
0.0058860577
0.00073208865
0.00050163176
-0.0056548705
-0.00095533773
-0.0054137084
-0.0011964998
0.0054031098
-0.0016794478
0.0007862325
0.0051110897
-0.00056637946
0.00016711576
-0.004459748
-0.0028666637
-0.0054866644
-0.0018397474
0.0042390556
-0.0027117815
-0.0014840741
-0.0013659647
-0.00135742
-0.0014854955
-0.0015464675
-0.0015495463
-0.0015730256
-0.0015529115
-0.0015590796
-0.0015738359
-0.0016307082
-0.0015994089
-0.0016064341
-0.0016559256
-0.0016502446
-0.001581027
-0.0015925414
-0.001613897
-0.0017024842
-0.0016655304
-0.0017084413
-0.0017624679
-0.0017942817
-0.0017218798
-0.0017071921
-0.0017991105
-0.0017789347
-0.0016664885
-0.0018891611
-0.0019757224
-0.001992716
-0.0018882687
-0.0016026659
-0.0017365328
-0.0016754818
-0.0015193995
-0.0013297566
-0.0014663329
-0.0013593731
-0.0011978498
-0.0015486471
-0.0015259433
-0.0014716207
-0.0015365856
-0.0011001833
-0.00084973586
-0.00081958899
-0.001077097
-0.0015381644
-0.0013321674
-0.0013192523
-0.0015378558
-0.0015324068
-0.0013002252
-0.0012732021
-0.0015206319
-0.0016811744
-0.0017007326
-0.0018454767
-0.0018128338
-0.0017171524
-0.0017296515
-0.0018991453
-0.0018744463
-0.0020079547
-0.0020448056
-0.0021651101
-0.002116602
-0.0019194736
-0.0019659816
-0.002061581
-0.0020007726
-0.0017377082
-0.0017412331
-0.0019356573
-0.0019193827
-0.002124634
-0.0021422869
-0.002286666
-0.0022676708
-0.0020763203
-0.0021027419
-0.0022408896
-0.0022066303
-0.0023108598
-0.00235179
-0.0024380276
-0.0023909688
-0.0023824871
-0.00240237
-0.0024929302
-0.0024722465
-0.0024496417
-0.0025025491
-0.0025485836
-0.0024900194
-0.0020573225
-0.0021326557
-0.0021806351
-0.002090654
-0.0022006086
-0.0022602587
-0.002331814
-0.0022613874
-0.002103184
-0.0022078675
-0.0022174617
-0.00209811
-0.0025155698
-0.0025795757
-0.0025990027
-0.0025298773
-0.0014211611
-0.0016001426
-0.0015156477
-0.0013132178
