FiniteElementSpace
FiniteElementCollection: ND_R2D_2D_P1
VDim: 1
Ordering: 0

0.1976276
0
0.1484362
0.1866724
0.12633877
0.18445298
0.12335526
0
0.091122393
0.16692527
0.068304806
0.19526441
0.18027081
0.19532218
0.17965986
0.17872807
0.19406632
0.14899235
0.13966099
0.16913388
0.17622024
0.19314925
0.13793462
0.099330746
0.079985274
0.122517
0.034333483
0
0.05290053
0.079747868
0.097717572
0
0.19082613
0.19002857
0.16181881
0.18754013
0.1595787
0.11243868
0.041567435
0.11140846
0.042048979
0.19828227
0.19481541
0.19488987
0.19826858
0.1872955
0.18524036
0.19278245
0.19444705
0.19384417
0.19761829
0.18491138
0.18662208
0.17496807
0.17455847
0.18610182
0.18336553
0.19099059
0.17194595
0.16720061
0.17848057
0.1595557
0.15704788
0.13919214
0.1345106
0.15238341
0.14569539
0.16045013
0.19260282
0.1920717
0.19721124
0.18208934
0.18355549
0.16603721
0.16952623
0.14477446
0.15036157
0.1277231
0.1190302
0.13718235
0.11430894
0.10722134
0.085216829
0.075233463
0.098034827
0.087010082
0.10871722
0.062949762
0.048582425
0.074548205
0.052288521
0.038530663
0.017258455
0
0.021455251
0
0.032626506
0.11845151
0.12631629
0.086833632
0.097385844
0.10583329
0.11196893
0.13207539
0.048794691
0.06308584
0
0.022000398
0.1963768
0.18984241
0.19583615
0.18946863
0.18030468
0.18834298
0.17497188
0.16546554
0.14539723
0.1560874
0.19467269
0.18707046
0.17374021
0.1550364
0.13195243
0.12044663
0.090770029
0.10254742
0.06720913
0.056377792
0.018795416
0.023323199
0.13119765
0.10217063
0.11852774
0.067245374
0.023696287
-0.025197355
0.011205494
-0.024853137
0.011107504
0.0254911
0.011179392
0.025119025
-0.011359597
0.024567189
-0.011422189
-0.024350092
-0.011379586
0.011631499
-0.023670998
0.011622687
0.011536385
0.023836397
-0.011707191
0.022923598
-0.01182542
-0.022811877
-0.011840514
0.031373662
0.011131635
0.031509741
0.031042537
-0.01141922
-0.030428869
-0.011407201
-0.030784798
0.011107023
-0.030947796
0.030517369
0.011674539
0.02979328
-0.011893878
-0.029109178
-0.011870502
-0.029872218
0.011662738
0.029202285
0.011590831
0.029784215
0.028405783
-0.011773283
-0.02771206
-0.011606857
-0.028536029
0.011463804
-0.029136615
0.030158085
0.011047769
0.030331489
-0.011347799
-0.011246579
-0.029521072
0.010959289
-0.029697659
0.028903455
0.010848308
0.02907536
0.028515816
-0.01111004
-0.027952693
-0.010945938
-0.028335795
0.010722457
-0.02849497
0.02790353
0.011288072
0.027058809
-0.011377899
-0.026477032
-0.011094315
-0.027335941
0.011071492
0.026864294
0.010822406
0.027479003
0.025996646
-0.010764323
-0.025643534
-0.01039279
-0.026519297
0.01054856
-0.027127313
0.027849732
0.010590789
0.027987487
-0.010763139
-0.010571137
-0.027478242
0.010463691
-0.027585369
0.0083920114
0.031147184
0.0086967989
0.0080707274
-0.030550977
-0.0082058054
-0.029961516
-0.0085019667
0.03058787
-0.008782204
0.0077543252
0.029919802
0.0074539336
-0.02928065
-0.0076089347
-0.028659466
-0.0079041344
0.029309117
0.0071813114
0.028663679
0.0069474272
-0.028099003
-0.0070824032
-0.027487533
-0.0073314179
0.028042248
0.0067626339
0.027617582
0.0066358809
-0.027251079
-0.0067051304
-0.026685407
-0.006871015
0.027024977
0.027257301
0.010353576
0.02732341
0.026932159
-0.010379071
-0.026932444
-0.010194145
-0.027228913
0.010274741
-0.027242614
0.02633033
0.010253869
0.025439045
-0.0099780961
-0.02539525
-0.009502697
-0.0263271
0.0099345005
0.026537649
0.0095679323
0.027176631
0.025509317
-0.008920241
-0.025736487
-0.0081231478
-0.026981231
0.00908558
-0.027732355
0.027449023
0.010245649
0.027395691
-0.010017401
-0.0098359045
-0.028000917
0.010288066
-0.027863683
0.029040118
0.010445003
0.028782203
0.028683106
-0.009567209
-0.030234747
-0.0091013341
-0.030804533
0.01066486
-0.030485977
0.027643035
0.0083241646
0.025886785
-0.0068328814
-0.025521473
-0.0047779558
-0.02808348
0.006481866
0.027337768
0.0032446419
0.030946596
0.024248468
-0.0022651772
-0.022121381
0
-0.025060346
0
-0.028778419
0.034776899
0.011933655
0.033423844
-0.0054182685
0
-0.034441744
0
-0.046351168
0.006575893
0.027034685
0.0065905305
-0.027009162
-0.0065263758
-0.026511489
-0.006589276
0.026501073
0.0066908385
0.02723099
0.0068884381
-0.027782311
-0.0065364797
-0.027341731
-0.0065118051
0.026765823
0.0064992765
0.025719576
0.0066786802
0.0063468396
-0.025741824
-0.00606783
-0.024703221
-0.0063126345
0.02469045
-0.0065615763
0.0072206525
0.028824832
0.0076136068
-0.030582022
-0.0064904292
-0.030047977
-0.0065297064
0.028338703
0.0090773159
0.034586322
0
-0.036948021
0
-0.032022563
-0.0043485307
0.031924937
