FiniteElementSpace
FiniteElementCollection: ND_2D_P1
VDim: 1
Ordering: 0

0.040481076
0.013853273
0.040351655
0.013849244
-0.040412223
0.013826143
-0.040262153
-0.013861122
-0.039855846
-0.013869004
0.039985327
-0.01382568
0.013852031
0.039367104
0.013787186
0.013848083
-0.03918113
-0.013795528
-0.038227771
-0.013810886
0.03848601
-0.013740168
-0.03178617
0.013755421
-0.031921701
-0.031429249
-0.013677243
0.031272191
-0.013403752
0.031683456
0.013529377
0.031867398
-0.031561392
0.013158019
-0.031778684
-0.03111179
-0.012991634
0.030963783
-0.012428866
0.031436194
0.012627957
0.031670322
0.012222616
-0.027799349
0.011534973
-0.029089575
-0.012290518
-0.026232341
-0.011638678
0.026097723
-0.010856459
0.027687246
0.010711482
0.028997126
-0.027650707
0.0097576826
-0.028979323
-0.026037284
-0.0099514341
0.026047491
-0.0089386598
0.027692924
0.0086866582
0.029046096
-0.031324532
0.011927452
-0.031559406
-0.030844034
-0.011705351
0.030768972
-0.010813338
0.031244022
0.011046483
0.031464004
0.012293245
-0.030102644
0.011566103
-0.012223928
-0.01150988
-0.010650899
0.030023308
0.010682685
-0.030014402
0.009641727
-0.0307562
-0.0096494689
-0.0085147565
0.030091645
0.0084470016
0.030825447
-0.031213762
0.0099766967
-0.031403576
-0.0097477519
-0.0085065823
0.031255383
0.0087111229
0.031399819
-0.032826756
-0.031723699
-0.033250471
-0.032223331
0.031611946
0.032070848
0.031332941
0.032729763
-0.031469046
0.03318839
-0.032576711
-0.031010458
-0.033076226
-0.031855858
0.030828635
0.031596839
0.030096203
0.032385841
-0.030345135
0.032932207
-0.031623599
-0.033358062
-0.031234872
-0.033427531
0.031571748
0.031151718
0.030546157
0.033239548
-0.03068136
0.033313546
-0.031438445
-0.03149153
-0.030472356
0.031381128
0.030146179
0.031033551
0.031209754
-0.031181533
-0.029817742
-0.030184906
-0.028761552
-0.031312667
0.029527609
-0.028794288
0.028370629
0.028287812
0.026950585
0.02979368
-0.027457438
0.031021646
-0.033113511
-0.029962188
-0.033196876
-0.032775212
0.029753932
0.032624779
0.028775304
0.032999523
-0.029078327
0.033096524
-0.032175979
-0.029471746
0.029134542
0.027943578
0.031966123
-0.028390001
0.010545621
-0.033210594
0.010879274
0.01006928
0.033079864
-0.0098850518
0.0325968
-0.010389476
-0.032751634
-0.010760581
0.0094388686
-0.032961781
0.0086445466
0.032874952
-0.008439385
0.032384388
-0.0092375463
-0.032468569
0.0091224105
-0.031701916
0.0097675185
0.0083401657
0.031609224
-0.0083418095
0.030539665
-0.0090922434
-0.030651076
-0.0097181322
