FiniteElementSpace
FiniteElementCollection: ND_R2D_2D_P1
VDim: 1
Ordering: 0

0
-0.047426565
-0.028533498
-0.056255039
-0.040652291
-0.038597742
-0.031113658
0
-0.051207796
-0.023521249
-0.054061121
-0.044515649
-0.052659157
-0.054736997
-0.044855298
-0.046682158
-0.035106069
-0.033993353
-0.045766977
-0.027577164
-0.040374311
0
-0.018783406
-0.027482601
-0.0329885
0
-0.012333526
-0.022239625
-0.021278968
-0.029953788
-0.050087691
-0.05061396
-0.041053366
-0.037143389
-0.015115274
-0.037268761
-0.014859719
-0.027892858
-0.016270321
-0.025837516
-0.055708923
-0.052580439
-0.05191981
-0.05497064
-0.04783369
-0.046508218
-0.050580945
-0.052200908
-0.053188032
-0.05606298
-0.046697064
-0.04827232
-0.043265362
-0.044170363
-0.049188806
-0.049435748
-0.053530381
-0.044363421
-0.043856464
-0.049020109
-0.038319793
-0.038515413
-0.032174803
-0.031611223
-0.037956759
-0.036677545
-0.04267701
-0.041418031
-0.039284839
-0.044494377
-0.033059504
-0.029863163
-0.036458247
-0.022247018
-0.01745687
-0.025960031
-0.0080614975
0
-0.011836292
-0.039366238
-0.041654513
-0.029831363
-0.033075137
-0.025892182
-0.028803788
-0.035595755
-0.037348648
-0.017332978
-0.02206061
0
-0.0078406789
0
-0.0063488737
-0.013806757
-0.018369628
-0.030804863
-0.031918296
-0.025331539
-0.025689374
-0.019427657
-0.018975959
-0.02516506
-0.030269849
-0.028197867
-0.03472305
-0.023811243
-0.053695456
-0.049099277
-0.054014809
-0.04933574
-0.046113741
-0.051239119
-0.04656079
-0.041223547
-0.034937378
-0.0401657
-0.042791052
-0.034479869
-0.023571359
-0.0086371444
-0.042926935
-0.034503464
-0.030660911
-0.039330672
-0.023485252
-0.0084902965
-0.0068977182
-0.019782246
-0.034465078
-0.028654168
-0.022197511
-0.032315838
-0.027578719
-0.014318239
-0.021116893
-0.013836251
-0.021373036
0.014195598
-0.020707028
0.01368966
0.020882817
0.013120408
0.021292525
-0.013304864
0.021533913
-0.021507848
-0.012727585
-0.02173328
-0.021097426
0.012489448
0.021362729
0.011797609
0.02177577
-0.012107687
0.021984467
0.00051372703
-0.021550662
0.0010687172
-9.5988457e-05
0.021702133
0.00027140917
0.021658151
-0.00029769875
-0.021531924
-0.00082864521
-0.00076233169
-0.021896169
-0.0014868239
0.022145821
0.0015140835
0.022049347
0.00087674607
-0.02182704
-0.0008179716
-0.021498615
-0.00030180504
-0.0013355279
0.021663269
0.00098539957
0.020974754
0.00060302185
-0.020894934
0.0001944385
0.0002013398
-0.021294336
0.00068496472
0.021377481
0.020843261
-0.00022354599
-0.020820644
-0.00064040268
0.00035493049
-0.020101509
0.00069195571
3.1827506e-05
0.020049722
-0.00035117277
0.019003203
-0.00058007507
-0.019136784
-0.00083176672
-0.00026544322
-0.020016455
-0.0005199406
0.019995569
-2.2260064e-06
0.01875785
-0.00015454907
-0.018879846
0.00062359776
-0.017512138
0.00073881597
0.00054064903
0.017302675
-0.001081855
0.01566858
-0.0011240611
-0.015944107
-0.001179213
0.00088248468
-0.017934496
0.0010498529
0.01772005
0.016221695
-0.0012500497
-0.016508564
-0.0013383564
-0.022112197
-0.011448633
-0.022303359
-0.021691889
0.011043231
0.022101247
0.01022147
0.022536913
-0.010752684
0.022711088
-0.023077989
-0.010021257
-0.023236706
-0.022610004
0.0093188923
0.023243354
0.0083073351
0.023775683
-0.0092499014
0.023926461
-0.024697936
-0.0084228172
-0.02485978
-0.024028199
0.0071180766
0.02498167
0.005584007
0.025961085
-0.0074701793
0.026207243
-0.027814289
-0.0061110231
-0.028429757
-0.025962994
0.0031498705
0.02673785
0
0.029287126
0
0.034625962
-0.0022710714
-0.022467124
-0.0031157078
0.022880255
0.002841853
0.022700747
0.0021746444
-0.022336505
-0.0040205286
-0.023413371
-0.0049790993
0.024106323
0.0040220829
0.02369316
0.0034816004
-0.023152417
-0.0026131264
-0.022412271
-0.0022805891
-0.0027261576
0.022678253
0.0015257619
0.021260951
0.0016453451
-0.021262547
0.0015538708
-0.0018346294
-0.021874493
0.022129395
0.021182871
0.0013154511
-0.021076208
-0.0059676744
-0.025020851
-0.0068746623
0.026238852
0.0038684931
0.024752919
0.0042934211
-0.024285701
-0.0071213793
-0.027751983
0
0.026520271
0
0.023657244
0.0016747999
-0.024437636
-0.00070221842
-0.022228612
-0.0016065435
0
0.021585816
0
0.019766755
0.0002844472
-0.020330381
0.00070861904
-0.0024484426
-0.022823841
0.022668278
0.020794302
0.0011685676
-0.021111461
-0.00070874077
-0.019974309
-0.00080471814
0.01993173
0.00012384046
0.018460479
9.3564187e-05
-0.018624031
0.0004916915
-0.017080436
0.00047192603
0.016833934
-0.0010086534
0.01509157
-0.0010463679
-0.015387319
0.0015899101
-0.013576853
0.0016324595
0.001518485
0.013261181
-0.0020280106
0.011365973
-0.0021436166
-0.011677597
-0.0022092627
0.0016802185
-0.014875086
0.0016953501
0.0016693954
0.014531496
-0.0022191748
0.012672328
-0.0021810003
-0.013051268
-0.002128538
0.0016562235
-0.014204726
0.013889117
0.011993567
-0.0022315601
-0.012322499
