FiniteElementSpace
FiniteElementCollection: RT_R2D_2D_P0
VDim: 1
Ordering: 0

0.00095864288
0.001766266
0.0016979089
0.001027
-0.0020587993
0.001268875
-0.0015614083
-0.0022237501
-0.0022582316
-0.0015269268
0.0011956978
-0.0020291379
0.0028766393
0.0020960061
0.003528198
0.0014444474
-0.0039252148
0.0015331091
-0.0033623178
-0.0023271143
-0.0039276283
-0.0017618037
0.0029606347
-0.002329367
0.0019342209
0.0019690469
0.0026343928
-0.0030158311
-0.0024912316
-0.0031285669
-0.0016920317
0.0021026744
0.0025985903
0.0027375016
0.001963763
0.0020267835
-0.0025567602
-0.0028694175
-0.0031040151
-0.0023221626
0.0021608458
-0.0028988185
0.0025753521
0.0035092033
0.0019626357
-0.003314912
-0.0026854738
-0.0037428231
-0.0022575626
0.0028973484
0.0030161022
0.0033258107
0.0025876399
0.0023733607
-0.0031000817
-0.0030250699
-0.0033781249
-0.0027470266
0.0026796572
-0.0033931801
0.0032036472
0.0027218971
0.0026425959
-0.0024880077
-0.0029326837
-0.0029485042
0.0020965841
-0.0035738172
0.00027481191
0.0023024077
0.0010219506
0.001555269
-0.0013498381
0.0017987659
-0.00084619632
-0.0027940707
-0.0015614786
-0.0020787884
0.00052159624
-0.0025791428
0.0025005355
0.0018974674
-0.0017214592
-0.0023656619
-0.0022546158
0.0013580125
0.0032246407
0.0020240533
0.0025585999
-0.0017836171
-0.0023748684
-0.0029825659
0.0014373529
-0.0035692662
0.0030968425
0.0012589452
0.0023594936
-0.0010232359
-0.0017244476
-0.0028680545
0.00072879041
-0.0033982093
0.0039229406
0.0014790929
0.0031726381
0.0033354216
-0.0011369286
-0.0044059539
-0.0018509582
-0.0036919243
0.00090077068
-0.0042702464
0.0039762069
0.0020781383
0.0033365955
-0.0017352569
-0.0042852436
-0.0022722285
-0.003748272
0.0014204565
0.004808575
0.0020508
0.0041782314
0.0040832175
-0.0015468711
-0.0050509391
-0.0019904797
-0.0046073305
0.0012633777
-0.0053947528
0.0048532848
0.0017163034
0.004037752
-0.0011759049
-0.0019541752
-0.0046164825
0.0010377285
-0.0052950574
0.0038154445
0.0025754332
0.0031559699
-0.002273209
-0.0039187861
-0.0025913325
-0.0036006626
0.0018908521
0.0034476202
0.0029713075
0.0027897905
-0.0027202953
-0.0033580945
-0.0028323344
-0.0032460553
0.0022985767
0.0038614921
0.0024153533
0.0037447155
0.0032024016
-0.0021732439
-0.0036522906
-0.0020889922
-0.0037365423
0.0017369796
-0.004414916
0.0044471011
0.0022547357
-0.0018889469
-0.0020088559
-0.004295007
0.0014988035
0.005029639
0.0016146573
0.0049137852
0.0043235901
-0.001302807
-0.0048059407
-0.0011306612
-0.0049780865
0.00087286298
-0.0057198809
0.0042075796
0.0016209692
0.0035676652
-0.0014490777
-0.0038531252
-0.0011413178
-0.0041608852
0.0009759136
0.0044270939
0.00059195126
0.0048110562
0.0038200976
-0.0005343215
-0.0039086283
0
-0.0044429498
0
-0.0050349011
0.005449325
0.00060217701
0.005720011
-0.00049239241
0
-0.0055272935
0
-0.0061294705
0.0060508222
0.002047326
0.0050412247
0.0051770778
-0.0010804308
-0.0066935116
-0.0019831502
-0.0057907921
0.0010866621
-0.006751456
0.0057694907
0.0018557906
-0.0011347742
-0.0012202209
-0.0056344342
0.00079671315
0.0064964498
0.00076182168
0.0065313413
-0.00044378207
0
-0.0065732526
0
-0.0073350743
0.0080566046
0.0027294819
0.0064137848
-0.00045788691
0
-0.0077929612
0
-0.010522443
-0.0005061492
-0.00068086145
-0.00071499676
-0.00054033635
-0.0011779505
-0.0013291676
-0.0013585902
-0.0012093031
-0.00085214916
-0.0010183951
-0.0010511627
-0.00088583149
-0.00091872616
-0.0010831818
-0.0011145934
-0.00095095307
-0.0012399471
-0.0013873543
-0.0014156157
-0.0012700346
-0.0012997191
-0.001443522
-0.0014712048
-0.0013291536
-0.00098265491
-0.0011455524
-0.0011762269
-0.001014002
-0.00021847593
-0.00039651434
-0.00042865676
-0.00025007108
-0.00057366453
-0.00074830559
-0.00078087224
-0.00060616881
-0.00063791071
-0.00081280885
-0.00084426368
-0.00066898802
-0.00028064782
-0.00045989786
-0.0004902614
-0.00031014571
-0.00033852379
-0.00051980941
-0.00054866518
-0.00036576891
-0.0006995475
-0.00087542959
-0.00090656878
-0.00072981428
-0.00076011578
-0.00093801119
-0.00097016707
-0.00079093895
-0.00039190893
-0.00057704292
-0.00060531531
-0.00041704225
-0.0010451908
-0.0012067894
-0.0012374329
-0.0010764636
-0.0013584741
-0.001498765
-0.0015263025
-0.0013878248
-0.0014172997
-0.0015538578
-0.0015814394
-0.0014469627
-0.0011080759
-0.0012683255
-0.001299607
-0.0011402901
-0.0011733215
-0.0013313647
-0.001363611
-0.0012072871
-0.0014768282
-0.0016090175
-0.0016365225
-0.0015068606
-0.0015369736
-0.0016638542
-0.0016908876
-0.0015670432
-0.0012421721
-0.001396282
-0.0014292419
-0.0012778288
-0.00044140384
-0.00063414277
-0.00066474979
-0.0004655409
-0.00082298964
-0.0010034927
-0.0010383602
-0.00085720402
-0.00089436255
-0.0010749001
-0.0011129879
-0.00093443214
-0.00049095396
-0.00069946866
-0.00074059673
-0.00052443621
