FiniteElementSpace
FiniteElementCollection: RT_R2D_2D_P0
VDim: 1
Ordering: 0

-0.016319133
-0.025014155
-0.024422994
-0.016910295
0.028701566
-0.019753818
0.023441229
0.031449442
0.03092339
0.023967281
-0.019205299
0.029184975
-0.027590209
-0.027261177
-0.035097568
0.039147736
-0.021494451
0.03338101
0.03227665
0.040003586
0.025654074
-0.0293022
-0.036391943
-0.035872808
-0.029821335
-0.029942361
0.033554004
0.039441836
0.038894772
0.034101068
-0.029453627
0.04052025
-0.0076017915
-0.033126345
-0.015894872
-0.024833265
0.02011538
-0.028022648
0.015011682
0.039521606
0.022739254
0.031794034
-0.010979505
0.036709401
-0.035579598
-0.02676225
0.025165127
0.031821164
0.033864213
-0.021104857
-0.044530897
-0.027982431
-0.037653323
-0.038177627
0.025467894
0.047743562
0.031162314
0.042049143
-0.021737708
0.048293866
-0.043139939
-0.018963755
-0.035155688
0.017252638
0.024486281
0.041060222
-0.013733174
0.046290804
-0.017734235
-0.042729053
-0.010160869
-0.01212354
0.040680109
0.022725209
0.047528609
0.015876709
-0.036873562
0.021732201
-0.026507534
-0.043344806
-0.02003629
-0.01997391
0.040994985
0.029426361
0.046359526
0.024061821
-0.036713664
0.030692962
-0.02728116
-0.026042664
-0.034411465
-0.018912359
0.038709909
0.032703535
0.038939531
0.024456966
-0.02833196
0.03053647
-0.051670465
-0.021449289
-0.04395435
-0.04559711
0.018412927
0.055513098
0.025226989
0.048699036
-0.015651594
0.054496731
-0.051742843
-0.027883441
-0.044645003
0.024064474
0.053009323
0.028671989
0.048401808
-0.02077215
-0.057231052
-0.026162591
-0.051840611
-0.049098083
0.02053902
0.055994483
0.023635988
0.052897515
-0.017558814
0.061501292
-0.058936976
-0.023373848
-0.051214722
0.018130624
0.024770829
0.054861087
-0.016425185
0.061809751
-0.027794509
-0.048777836
-0.031927342
0.035670832
-0.041075166
0.027968161
0.047366862
0.030176591
0.045158433
-0.024076452
-0.032072188
-0.043123028
-0.03412005
0.038277132
-0.035228995
0.030383099
0.039528266
0.030519752
0.039391613
-0.026144801
-0.043546852
-0.026264103
-0.04342755
-0.035775422
0.022748322
0.037844085
0.021045673
0.039546734
-0.018398777
0.04741206
-0.0095582522
-0.046301212
-0.0061415433
-0.04971792
0.011494704
-0.039574359
0.0047678517
0.036996211
0
0.041764062
0
0.047905606
-0.065882487
-0.025012436
-0.057295235
-0.056594322
0.015482665
0.066864996
0.022122152
0.060225509
-0.015047694
0.070190251
-0.060808695
-0.021773187
-0.051246416
0.014073709
0.054768501
0.013498078
0.055344133
-0.010252323
-0.058260299
-0.0083118175
-0.060200805
0.0049556988
0
0.052861304
0
0.061173122
-0.076263412
-0.027664617
-0.063646489
0.0060595455
0
0.067232667
0
0.094897284
-0.019483659
-0.051314469
-0.01340825
0.048421322
0.022924394
0.054982357
0.016363359
-0.044952619
-0.025823092
-0.050801801
-0.018572866
0.047732131
0.026623824
0.052184172
0.022171783
-0.043547222
-0.022590646
-0.065966695
-0.013919186
-0.012956917
0.060556522
0.020307943
0.067583737
0.013280727
-0.056895783
0.02235164
-0.026185681
-0.076875253
0
0.068711603
0
0.063603982
0.0051076215
-0.061674932
-0.0075370947
-0.060368377
-0.0088436497
0
0.056066887
0
0.051691257
0.00437563
-0.052394885
0.012349122
-0.019827272
-0.061334821
-0.015388234
0.056600115
0.056432453
0.012516784
-0.052114944
0.02173666
-0.016608826
-0.052256211
-0.016467559
-0.0087209406
0.048544568
0.010915619
0.046293053
0.013167135
-0.044504787
0.020918558
0.00051214029
0.00057442703
0.00066985416
0.00059817875
0.00063920538
0.00070635751
0.00082058092
0.00074409862
0.00085004676
0.00093690515
0.0010541008
0.00095604843
0.00052809424
0.00060449528
0.00067811285
0.00059229735
0.0006834803
0.00076537592
0.00086019731
0.00076740475
0.00084909402
0.00095327741
0.001043383
0.00092749522
0.00065354456
0.00074907439
0.00081647318
0.00071103108
0.00057668674
0.00062426967
0.00055130034
0.00051315645
0.00044567866
0.00047658539
0.00040367205
0.00037726854
0.00037053104
0.00041004627
0.00034610992
0.00031104701
0.00076380372
0.00087925374
0.00093626287
0.00081080292
0.0010014106
0.0011291128
0.0012089798
0.0010695466
0.0011305678
0.0012814309
0.0013449363
0.0011831746
0.00085088305
0.00098629653
0.0010281606
0.00088287599
0.0012608013
0.0013946017
0.00149803
0.0013525473
0.0015284311
0.0016600006
0.0017851214
0.0016430415
0.0017483598
0.0019001055
0.0020021213
0.001841802
0.0016547599
0.0018415202
0.0018589208
0.0016696815
0.00090560124
0.0010607972
0.0010834276
0.00091800181
0.0012261908
0.0013979988
0.0014391857
0.0012586875
0.0012799605
0.0014668045
0.0014789857
0.0012887058
0.00091927813
0.0010961746
0.0011001748
0.000912074
0.00066684196
0.00070337141
0.00061025644
0.00058400779
0.00050184917
0.00052050283
0.00043881031
0.00042445709
0.00076495633
0.00076477467
0.00062642085
0.00063857057
0.00075048072
0.00071342095
0.00056021115
0.00060006225
0.00048523503
0.00045518394
0.00038479912
0.00040498941
0.00052723028
0.00051052808
0.00042358182
0.00043788267
0.00037320266
0.00036468894
0.0003310055
0.00033253566
