FiniteElementSpace
FiniteElementCollection: RT_R2D_2D_P0
VDim: 1
Ordering: 0

-0.0091149219
-0.0047122284
-0.011484719
-0.0023424316
0.012585579
-0.0030704747
0.010943826
0.006116237
0.013141959
0.0039181042
-0.0097932795
0.0056095435
-0.0072007497
-0.0096551092
-0.0093241539
-0.007531705
0.010347261
-0.0078076699
0.0084998219
0.010875183
0.010327052
0.0090479525
-0.0074883847
0.010883722
-0.0095541743
-0.0096780684
-0.011424573
0.012599519
-0.0076462233
0.010567674
0.010322927
0.012025281
0.00886532
-0.0094147101
-0.011539197
-0.010822674
-0.010131234
-0.0093840416
0.0098701258
0.011549794
0.0107426
0.01067732
-0.0086743756
0.012825618
-0.012131044
-0.0093267592
-0.01029267
0.0083272414
0.0097406536
0.011412206
-0.0073255039
0.013413461
-0.0052982875
-0.012112701
-0.0074888883
-0.0099221
0.0083637057
0.0065436745
0.0084485783
0.011508557
-0.0056913135
0.013306132
-0.0027907594
-0.011549124
-0.0052249613
0.0060615637
0.0044345399
0.0067216154
0.011019057
-0.0036584386
-0.01200174
-0.0054027688
-0.014334034
0.015417603
-0.0036148671
0.013629701
0.0064097464
0.015765136
0.0042743117
-0.012492108
-0.014635223
-0.0060242626
-0.017044619
0.018194229
-0.0039289098
0.016098876
0.0064812818
0.018281915
0.0042982432
-0.014933115
-0.017102081
-0.0067330888
-0.01990626
0.021514809
-0.0037888393
0.01857056
0.0061144583
0.020918788
0.0037662304
-0.017191209
-0.019832745
-0.0081096659
-0.024153571
0.030257582
0
0.022147916
0
0.020668891
0.0014790252
-0.019518138
-0.014424138
-0.0060808368
-0.012662456
0.0049599337
0.015947176
0.0071884455
0.013718664
-0.0043818982
-0.014694668
-0.0077235257
-0.012681365
0.0064352746
0.015527881
0.0080486847
0.013914471
-0.0056908202
-0.016937699
-0.0075418092
-0.01508671
-0.014603642
0.0057146273
0.017054842
0.0068654628
0.015904006
-0.0050397671
0.018406048
-0.017135003
-0.0068816778
0.005140153
0.0073797743
0.016166427
-0.0048538755
-0.014158559
-0.0088026987
-0.011987277
0.0075693707
0.014195916
0.0084667336
0.013298553
-0.0065733712
-0.012853286
-0.0095403851
-0.010618939
0.008508253
0.012182384
0.0087624803
0.011928157
-0.0072726261
-0.013462952
-0.0075031263
-0.013232452
-0.011224933
0.0065244607
0.01207963
0.0061522773
0.012451814
-0.0052238048
0.014731135
-0.015583975
-0.0075537048
0.0061152107
0.0063087763
0.01453757
-0.0050364326
-0.015990283
-0.0051573703
-0.015869345
-0.013638555
0.0039570485
0.014143303
0.0033128027
0.014787548
-0.0027016038
0.017243315
-0.013165586
-0.0047508359
-0.011078694
0.0040653855
0.011154582
0.003125255
0.012094712
-0.0027022457
-0.011897219
-0.0015934555
-0.013006009
-0.010137774
0.0013658097
0.0094759967
0
0.010841806
0
0.012435262
-0.01496951
-0.0017699435
-0.015901171
0.0013493018
0
0.013784564
0
0.015554507
-0.019951154
-0.0077029483
-0.017209979
0.0046385996
0.020806731
0.0069135777
0.018531752
-0.0047198912
-0.018710133
-0.0065399205
0.0040246752
0.0039725222
0.017295468
-0.0030286579
-0.018463273
-0.0025098985
-0.018982032
0.00141042
0
0.016964927
0
0.019474826
-0.024020864
-0.008908011
0.0018747454
0
0.021349571
0
-0.0011125063
-0.0012342149
-0.0014533952
-0.0013320386
-9.3417036e-05
4.3814535e-05
-7.5353543e-05
-0.00021480392
0.00017356486
0.00029280279
0.00017461962
5.5520499e-05
-5.1268578e-05
6.8027703e-05
-2.4684896e-05
-0.0001444569
-0.00032576734
-0.0001836343
-0.00027863816
-0.00042392947
-0.00062613323
-0.00047433747
-0.00057679332
-0.00073370568
-0.00092781948
-0.00077818358
-0.00089136012
-0.0010467979
-0.0013446186
-0.0014418408
-0.0016601232
-0.0015633278
-0.0015239899
-0.0015891499
-0.0018077616
-0.001742122
-0.0016353619
-0.0016606122
-0.0018849267
-0.0018556717
-0.0016628547
-0.0016465541
-0.0018945591
-0.0018962237
-0.0011540619
-0.00099181733
-0.0010772831
-0.0012475534
-0.00082757165
-0.00066466968
-0.00073541939
-0.00090526916
-0.00096409218
-0.00078634278
-0.00081458382
-0.0010009256
-0.0013251169
-0.0011452931
-0.0011930171
-0.0013844165
-0.00050685534
-0.0003580307
-0.00041964731
-0.00057210194
-0.00022188961
-0.00010159115
-0.00016130668
-0.00028179144
-0.0003229708
-0.00020315795
-0.00022724722
-0.00034504688
-0.00061730394
-0.00046170306
-0.00048308984
-0.00064042382
-0.0006402755
-0.00048375394
-0.00046483271
-0.0006172796
-0.00034854603
-0.00023444265
-0.00022624272
-0.00033486028
-0.00030602022
-0.00020461884
-0.00017183268
-0.0002644538
-0.00057359718
-0.0004284829
-0.00037744662
-0.00051254975
-0.0014227358
-0.0012168646
-0.0012115256
-0.0014364167
-0.0010119684
-0.00081738098
-0.00079313901
-0.00099263411
-0.00094004037
-0.00074324598
-0.00067181421
-0.0008583163
-0.0014190672
-0.0011675987
-0.0010780284
-0.001347231
