FiniteElementSpace
FiniteElementCollection: ND_R2D_2D_P1
VDim: 1
Ordering: 0

0
0
0
0.28391269
0.41325579
0.4105326
0.28602926
0
0.13672326
0
0
0.13552197
0.21263354
0.060445026
0.20911908
0.35264195
0.35132383
0.39905373
0.24975843
0.3175244
0.10408614
0
0.064775555
0.17524742
0.21119913
0.097865931
0.097410644
0.21029015
0
0.027018802
0
0
0.026847241
0
0.063902997
0.3139123
0.17300836
0
0.36272109
0.084449582
0.26639389
0.15396057
0.045321109
0.011240594
0.044857549
0.26421263
0.083022206
0.34783901
0.27211007
0.31118671
0.38564548
0.2343702
0.26877509
0.34414822
0.051691257
0
0.041480234
0.095365202
0
0.031471086
0.075315537
0.13074263
0.10100561
0.15750923
0.36970857
0.29516222
0.31288161
0.38697606
0.19616598
0.22315939
0.17537759
0.2411805
0.24998073
0.32151675
0.18414779
0.18374377
0.24945231
0.1182009
0.12669091
0.079455518
0.07926212
0.12640372
0.11740408
0.17422962
0.055423601
0.071487572
0
0.021691319
0
0.012604969
0.036227023
0.043450215
0.018850482
0.018781801
0.043327213
0
0.0049501248
0
0
0.0049241472
0
0.012468392
0.070970868
0.054768085
0.0998885
0.035922364
0
0.021392393
0
0.030964036
0.38492367
0.31102808
0.29223269
0.36640952
0.23965321
0.15580613
0.22080662
0.19327174
0.26500316
0.074176318
0
0.040699772
0.32690874
0.28731443
0.045983524
0.036130318
0.11483734
0.3395001
0.2438839
0.19776894
0.27980922
0.21537793
0.14981543
0.10185261
0.14915061
0.085456515
0.026316508
0.016893098
0.056738733
0.030325172
0.0084765046
0.0019779624
0.0084033397
0.084672135
0.056444467
0.016681173
0.025921549
0.33695032
0.19607386
0.24087905
0.035501128
-0.013534225
-0.012248151
-0.012779947
-0.013735166
0.012689662
-0.010608149
0.011803373
0.0091035322
0.010674368
0.010871373
-0.011811196
0.012469057
-0.0095530162
-0.010667194
-0.011228592
-0.0077255901
0.0093810372
0.0066067697
0.0080412035
0.0083923137
-0.0094213415
0.010084204
-0.0034532222
-0.0012141665
-0.0024244308
-0.0025969223
0.0019419711
0
0.0010708595
0
0.0003315161
0.0010649701
-0.0015285234
0.0022890722
-0.00094229134
-0.00076482813
-0.0020300641
0
-0.00028199811
0
-0.00076112042
0.00082781928
-0.00012851807
0.0018021794
-0.0041543031
-0.0032594901
-0.003123674
-0.0046040631
0.0028136801
0.0019038166
0.0011213915
0.0029117772
-0.0022005444
0.0041498501
-0.011872522
-0.010663739
-0.01075197
-0.012140056
0.010698579
-0.0090858084
0.0094899955
0.008245523
0.0082581835
0.0097925374
-0.0095652958
0.011278304
-0.0074393196
-0.0081514589
-0.0057645628
0.0067440925
0.0051273806
0.0055301399
0.0066725639
-0.0069042658
-0.0060430242
-0.0057090374
-0.0075325591
0.0043971054
0.0033578457
0.0054892835
-0.0045716611
0.0069084195
-0.0090382499
-0.0083469418
-0.010513482
0.0070306405
0.0058314251
0.0083664085
-0.0071137611
0.0098301934
-0.0077409782
-0.0058863686
-0.0091892355
-0.0063228779
0.0046700245
0.0057441958
0.0035710013
0.0071139045
-0.0046764891
0.0085512104
-0.0049756813
-0.0035112205
-0.0037218944
0.0024157855
0.0033044202
0.0015923313
0.0044655802
-0.0025397695
-0.0039469124
-0.0016867747
-0.0051399872
-0.0028819151
0.00090196499
0.0024607165
0.00036954365
0.0034115948
-0.0009757102
0.0045045055
-0.0064537412
-0.0035161556
-0.0078632269
0.0025558678
0.0016653668
0.0057324457
-0.0024403055
0.0070921377
-0.0025884447
-0.0013996591
-0.0015838966
0.00046722597
0.0013738346
-4.3143004e-05
0.0022695761
-0.00072820155
-0.00072138856
0.00036767643
0
-0.0011010599
0
-0.0012944688
0.00061624174
0.00072043551
-0.00051678756
0.00092104194
-0.0011667301
0
-0.0013427119
0
-0.0012518065
0.00042337465
0.00097313504
0.00097095578
-0.0019558516
-0.00020565531
-0.00040424628
-0.0006065984
0.0016472819
0.00015906989
-0.001358975
0.00035517398
-0.0020495987
-0.00079277423
-0.00065389869
0.00064719061
-0.00055368623
0.001105697
0.00038612079
0.0016732372
-0.00034360588
0.00088321582
0
-0.0010393836
0
-0.00073188582
0.00028282795
0.00067120959
-0.00025091953
0.00036416091
-0.00054817692
0
-0.00036819657
0
0
0.00025937665
0
0.00051618849
-0.00091120311
0.00026071005
-0.0013567775
-0.00032676566
0
0.00079945395
0
0.0011332603
-0.0049553573
-0.0015063964
-0.0062173163
-0.003841319
0.00093445266
0.0031813106
0.0004021929
0.0041444322
-0.00076333156
0.0052646039
-0.002875702
-0.00043822594
8.1790138e-06
-0.00017014552
0.0023604396
-9.1532354e-05
-0.0019023804
5.2614596e-05
-0.002561677
-0.00016926949
0
0.0015377225
0
0.0020316953
-0.0033512681
-0.00025560562
-0.0042844405
8.8020263e-05
0
0.0026313754
0
0.003354191
-0.012115555
-0.013324196
-0.010967885
-0.014492368
0.010928471
-0.012023689
0.0097058891
0.011458527
0.0083872392
0.012831872
-0.0096959766
0.014088583
-0.0070966349
-0.0093442901
-0.005716415
-0.01084801
0.0058565213
0.0045663408
0.0033157864
0.0085625243
-0.0043024716
0.010121029
-0.012323599
-0.0082870655
-0.013696194
0.0069590236
0.005427359
0.011710494
-0.0066993045
0.013258564
-0.0016836229
-0.005382231
-0.00068578645
-0.0066662344
0.001186383
0.00045173091
0
0.0042171379
0
0.0052442687
