FiniteElementSpace
FiniteElementCollection: ND_R2D_2D_P1
VDim: 1
Ordering: 0

0
0
0.065975524
0.10038356
0.096685325
0.050321508
0.02869235
0
0.061605204
0
0.092950298
0.037427427
0.066222111
0.080887648
0.073692823
0.10565065
0.10262144
0.098653937
0.08391239
0.060961304
0.046906523
0.024347828
0.089005956
0.054375345
0.051866674
0.08453766
0.019383941
0.018595886
0
0.032782391
0.086074266
0.061878579
0.063992552
0.0663269
0
0.037175194
0
0.034210275
0
0.05981646
0.096301706
0.10808522
0.082233205
0.04250997
0.073083384
0.029302681
0.026798591
0.077477859
0.088701927
0.036232937
0.035965866
0.019933333
0.071241655
0.088045141
0.084395148
0.067640183
0.089914879
0.10229778
0.10076353
0.10488185
0.10691175
0.10111574
0.099200395
0.062670828
0.079118303
0.072435915
0.056539382
0.097157444
0.091644781
0.091563576
0.084465317
0.075926666
0.064629667
0.056852741
0.045729273
0.052124826
0.037893881
0.027343854
0.033500441
0.096320585
0.082105717
0.080055593
0.093810063
0.064835833
0.046381908
0.045326945
0.063284907
0.057563996
0.074205527
0.042668133
0.024536424
0.028823222
0.039820635
0.030193545
0.04800734
0.028208155
0.022999129
0.0091251287
0
0.013494002
0
0.016795016
0.082305935
0.071833042
0.066398031
0.093036363
0.083030676
0.097218007
0.088690348
0.08791612
0.064879794
0.078950628
0.067267585
0.077868132
0.052432181
0.037233148
0.053245986
0.034972898
0
0.018839339
0
0.019647302
0.065180021
0.037252237
0.051130413
0
0.019544951
0.036352173
0
0.021799656
0
0.010436061
0.027461953
0.078080964
0.095616186
0.10352468
0.067905145
0.0884241
0.092117072
0.074641788
0.054902222
0.036072815
0.088643552
0.055358146
0.069257642
0.035865856
0.044225711
0.034299763
0.01139235
0.015249313
0.074396281
0.087875894
0.095507245
0.076986063
0.078630404
0.052929153
0.050472639
0.017908196
0.019276806
0.051874333
0.019431138
0.018745492
0.013067571
0.0060179791
-0.0038907897
0.0064232788
-0.004679891
-0.0097583296
-0.0029418802
-0.010167866
0.0046037974
-0.010385198
0.0055250655
0.0066675028
0.0062759945
0.013659798
-0.0018509682
0.014054345
-0.017694514
-0.00064166988
-0.018052023
0.0023408846
-0.018144071
0.003533439
0.014221733
0.013854307
-0.0087128792
0.013322174
-0.0097662868
-0.01750932
-0.0075343713
-0.016786452
0.0092229872
-0.015805028
0.010415903
0.012569212
0.011486369
-0.00027193866
-0.0084449621
-0.00013955926
-0.0087645296
-0.0031042254
-0.0079235417
-0.0032154013
0.0096098696
-0.003177816
0.010089662
-0.0001320536
0.010351541
-0.0072055541
0.0067424312
-0.0063064493
-0.01040266
0.0080330898
-0.010218043
0.0089184089
0.0066431726
-0.010648471
0.0063702256
-0.01132289
-0.0098341433
-0.0092606482
0.012380133
0.0059299566
0.013050419
-0.011766976
-0.00025653186
-0.011974231
-0.0029876592
-0.0026458963
0.013467388
-0.00051810912
0.01362327
-0.0048378359
-0.012921841
-0.0039452786
-0.0056205406
0.014511006
0.0031619037
0.015065261
0.0024092687
-0.013557002
0.0015579344
-7.3078728e-05
-0.013877048
0.00075083214
-0.00081305016
0.015288626
-0.0013947456
0.015197058
-0.0021457298
-0.013891303
-0.0029612574
0.024798034
-0.0070288543
0.022539744
-0.0082856941
-0.027456552
-0.0058449203
-0.024800139
0.0072596415
-0.021851154
0.0085009538
0.019979965
0.0097885059
0.023443999
-0.0072549239
0.019892663
-0.0085466124
-0.024694584
-0.0059637143
-0.02083656
0.0068690444
-0.016837145
0.0083127803
0.016157282
0.0097131336
-0.0098554689
0.017151329
-0.011181896
-0.018648953
-0.015229247
0.011092038
0.014084167
0.012458977
0.025541284
-0.0046378615
0.021439848
-0.025942809
-0.0032296281
-0.02167722
0.0037151491
-0.017355067
0.0053490866
0.017241927
-0.012214221
0.010807707
-0.01361836
-0.010769815
-0.011624218
0.011728299
-0.0078647825
0.013229339
0.0073495132
0.014662269
-0.0092688638
0.012270379
-0.0076875334
-0.012725372
0.0084381467
-0.0085297772
0.010139705
0.0082621209
-0.010940599
0.0041623774
-0.012601544
-0.0091380745
-0.0042784408
0.0098027403
0
0.01168658
0
0.013402038
-0.014146077
0.0037377911
-0.015597019
-0.0039801399
0
0.014975349
0
0.016430215
-0.015183017
-0.00091924588
-0.015291474
-0.014780824
-0.0021594521
0.016503322
-0.00154354
0.016909162
-0.0014592625
0.016975214
-0.014096249
0.0053367339
-0.013171559
-0.0085147449
0.014796737
-0.0076215597
0.015776842
0.0046165501
-0.012068788
0.011610988
-0.010851215
-0.014578648
0.012395722
-0.013122367
0.01364585
0.010466925
0.015592912
-0.012514528
0.013536933
-0.013835396
-0.017882915
-0.015439046
-0.012750525
0.013814559
0.011245252
0.015153234
-0.015120214
0.009155358
-0.016330679
-0.011449288
-0.0095670898
0.016465671
0.0076870484
0.017736368
-0.017662919
0.0060541099
-0.018972549
-0.016337501
-0.0074796575
0.01738315
-0.0051872512
0.018699515
0.004242433
0.020017086
-0.014990934
0.0087313767
-0.0098394845
-0.0067285995
0.016042725
0.0060085035
-0.016972731
0.0030922074
-0.018291753
-0.0034403833
0
0.017788225
0
0.019069194
-0.019574727
0.0022290216
-0.020856673
-0.002691554
0
0.020296568
0
0.021504607
0.0029861945
-0.020273543
0.0022351961
-0.021464858
-0.0055285941
-0.0043781112
-0.0031085803
0.021373405
0.0016366813
0.022874175
-0.022206945
0.00092522341
-0.023745604
-0.0016728151
0
0.022759935
0
0.024225845
-0.0046830519
-0.026102401
-0.0050358964
-0.02683867
0.00090494593
0.00023217607
0
0.026279136
0
0.032512416
-0.0060291316
-0.026314418
-0.0070657459
0
0.027011043
0
0.02493936
0.0020218282
-0.024527573
0.0037777673
