FiniteElementSpace
FiniteElementCollection: ND_2D_P1
VDim: 1
Ordering: 0

-0.02452927
0.017602171
-0.024359304
0.018990567
0.024526323
0.015968265
0.024409324
-0.015609585
0.024077452
-0.017254792
-0.023985604
-0.018668859
0.017013275
-0.023392425
0.018433707
0.01537787
0.02351287
-0.015263243
0.022706041
-0.01687454
-0.02257014
-0.018286698
-0.024007981
0.019635767
-0.023382885
0.020620855
0.023967541
0.023353092
0.022517175
-0.019490933
-0.022540056
-0.020484762
0.016831215
-0.021516649
0.018226462
0.015249977
0.021657383
-0.015319795
0.020377149
-0.016873237
-0.020237946
-0.018249477
-0.031040146
-0.024445782
-0.029137753
-0.024587509
0.03037849
-0.024016823
0.028305497
0.024012343
0.025975213
0.024539401
-0.02701349
0.024738149
-0.029660335
-0.023303063
-0.027417725
0.028915509
-0.022319978
0.026515232
0.02202484
0.02380951
0.023164289
-0.02488698
-0.02474246
-0.024669185
-0.025013108
-0.024082523
0.023370955
0.024243662
0.020449742
0.025099946
-0.022099702
0.025466369
-0.028171976
-0.021094103
-0.025635002
0.027450603
-0.019657841
0.024801863
0.019060909
0.021868172
0.020640014
-0.022793939
-0.026761033
-0.018043569
-0.024023724
0.026099795
-0.016279822
0.02329181
0.015493651
0.02026937
0.017333353
-0.021033183
-0.025685589
-0.019281423
-0.026192391
-0.024498474
0.017100429
0.024796491
0.013045531
0.026619176
-0.016107829
0.027396655
0.014083766
-0.024540951
0.011943548
0.024781263
-0.011636111
0.024562752
-0.013734762
-0.024261726
0.0095406467
-0.02516865
0.0068639366
0.025762886
-0.0068342087
0.025658681
-0.0093264485
-0.02501329
0.0093263231
-0.024514562
0.011508665
0.0070535148
0.02511965
-0.0073733943
0.024187973
-0.0094652756
-0.023677744
-0.011521772
0.013536933
-0.023728465
0.024056089
0.023255355
-0.013469621
-0.022932203
0.003894974
-0.026667282
0.00063669772
0.028067229
-0.0017289556
0.027764803
-0.0042343442
-0.026556487
-0.029510681
-0.0030750316
-0.030561992
0.037444042
0
0.031647008
0
0.02926838
-0.00058884952
-0.028811067
0.0014187375
-0.027206929
0.0029306095
0
0.027493332
0
0.025839897
-0.0017531248
-0.025622925
-0.0034993887
0.0048181523
-0.025864785
0.026624656
0.025244499
-0.0053605325
-0.024738307
0.013504817
-0.021877982
0.01162856
0.022175444
-0.011788253
0.020845358
-0.013613922
-0.02058292
0.0096673653
-0.022539474
0.0076809155
0.022945611
-0.0079342082
0.021468143
-0.0098819591
-0.021148411
