FiniteElementSpace
FiniteElementCollection: ND_R2D_2D_P1
VDim: 1
Ordering: 0

0.69397312
0.49288426
0.28391269
0.26442453
0.64049397
0.41325579
0.4105326
0.63938225
0.39933284
0.56360047
0.56069411
0.20911908
0.19569898
0.67947796
0.5789513
0.6130493
0.61213184
0.67939087
0.49632898
0.35264195
0.35132383
0.49497683
0.45874978
0.57617059
0.61115524
0.68206141
0.45330701
0.4876122
0.33510728
0.33822398
0.49107662
0.21029015
0.3139123
0.24482778
0.30038371
0.1554792
0.18887841
0.19106489
0.65788838
0.54705823
0.42993942
0.54468827
0.65898863
0.54138754
0.41857849
0.3577553
0.26421263
0.35081697
0.24555983
0.25071257
0.69318394
0.67511972
0.67495903
0.69326633
0.6662466
0.63294246
0.64153839
0.59413694
0.5935983
0.6411661
0.63181627
0.66574474
0.61566071
0.56879043
0.58576814
0.53526851
0.46787846
0.46717514
0.53461797
0.45961532
0.38697606
0.39538995
0.32151675
0.32088269
0.39469351
0.38492367
0.45753025
0.5841538
0.56610597
0.61375437
0.52508333
0.43928901
0.50699683
0.48100839
0.54005313
0.67563322
0.67705773
0.69454697
0.63147975
0.64129047
0.56460302
0.58202929
0.47839538
0.5025831
0.43095565
0.44813374
0.51981012
0.52947799
0.45777299
0.45952004
0.53122763
0.37108008
0.3807007
0.30278169
0.30427479
0.38236234
0.36640952
0.33977881
0.41312131
0.26500316
0.23007152
0.3059819
0.24945231
0.23965321
0.31102808
0.4068303
0.32944404
0.35382019
0.27591761
0.29324425
0.2511798
0.17752959
0.20221634
0.21930137
0.22856626
0.22982165
0.22293421
0.2975964
0.68397867
0.65363878
0.61707809
0.65309736
0.60019497
0.5001431
0.42608631
0.35661107
0.42469359
0.59835232
0.55853325
0.48101074
0.52254321
0.6850433
0.65329392
0.5974353
0.52045917
0.47410432
0.49334916
0.41286649
0.3407368
0.38794838
0.28288628
0.27866464
0.3784236
0.32153813
0.22437552
0.25898896
0.2616961
-0.016799034
-0.020308402
-0.016991534
-0.020342236
0.01696168
-0.020150053
0.017093689
0.019651463
0.017141257
0.019872783
-0.017116305
0.019960797
-0.017004566
-0.019861808
-0.017068685
0.016932909
-0.019435701
0.016919129
0.018778622
0.016783856
0.019288702
-0.017028863
-0.018671727
-0.016876383
-0.019106857
-0.018080286
0.016520281
0.01737319
0.01612482
0.018041522
-0.01660341
0.018546762
-0.019390458
-0.017164507
-0.019528358
0.017092969
0.016938853
0.018890665
-0.017123013
0.019077973
-0.016749584
-0.018865483
-0.016649385
0.016458394
-0.018145962
0.016263883
0.017299024
0.015917152
0.018116261
-0.016411191
-0.015510886
-0.015779218
-0.014852505
-0.016685746
0.014771193
-0.014712316
0.013985856
0.013938138
0.013075854
0.015067615
-0.014062008
0.01604273
-0.013913199
-0.013495636
-0.013007706
0.012945555
-0.012140056
0.011926151
0.011278304
0.010814284
0.01266763
-0.011987897
-0.011924922
-0.010875632
-0.013236018
-0.010513482
0.0096331966
0.0098301934
0.0084058713
0.011254541
-0.0096829895
0.012605415
-0.0144224
-0.013148364
-0.015459501
0.012052387
0.010928471
0.013844156
-0.012115555
0.014944698
-0.018401124
-0.016979893
-0.018636493
-0.017998541
0.016669491
0.01748656
0.016277925
0.017945341
-0.016723866
0.01822789
-0.017426859
-0.016204969
0.015595484
0.014934253
0.016850994
-0.015677024
-0.016332695
-0.015018594
-0.017029085
0.014142512
0.013223893
0.015881419
-0.01422754
0.016639676
-0.017542997
-0.016345866
-0.017871467
0.015758007
0.015105967
0.017208016
-0.015838209
0.017582248
0.0044547669
-0.02006358
0.0040158043
0.00488381
0.019682231
-0.0049224977
0.019306593
-0.0044628942
-0.019686134
-0.0039906002
0.0052661496
-0.019272272
0.0055701323
0.018860753
-0.0056705887
0.018539033
-0.005336263
-0.018915382
0.0057655443
-0.018473084
0.005825919
0.018130346
-0.0059803097
0.017917774
-0.0058944148
-0.018200385
0.005729125
-0.017849167
0.0054581025
0.017641877
-0.0056539131
0.017570064
-0.0059056102
-0.01770481
0.0061099118
-0.017424784
0.0061557941
0.0058832123
0.017352645
-0.0061436644
0.016975742
-0.0063395155
-0.016997911
-0.0063521502
-0.017283114
0.0063691223
-0.016618974
0.0060188378
0.017100486
0.0065672533
0.016475647
-0.0067983051
0.015696963
-0.0065562007
-0.015807459
-0.0061544633
0.006591508
-0.016414295
0.0064278929
0.016430832
-0.0067292037
0.015711333
-0.006859887
-0.015668109
0.0071386185
-0.014756434
0.0070410267
0.0070374983
0.014816324
-0.007344073
0.013748047
-0.0074203346
-0.01367985
-0.0072900892
-0.015500645
-0.01330267
-0.016324114
-0.014492368
0.012175821
0.014088583
0.010993601
0.015181929
-0.0122363
0.01608397
-0.014910175
-0.011014746
-0.01591395
-0.013696194
0.0096540658
0.013258564
0.0081190125
0.014647746
-0.0095973812
0.015807691
-0.010632896
-0.0084232871
-0.012023689
-0.0091892355
0.0071411576
0.0085512104
0.0058565213
0.010012748
-0.0070966349
0.011458527
-0.0175199
0.0054677797
-0.017362635
0.017556916
0.0048602767
0.017456559
-0.0051832255
0.017159955
-0.005756685
-0.017032006
0.0060730606
-0.016516558
0.0055317116
0.016661009
-0.0058914584
0.015956671
-0.0064033709
-0.015813428
-0.01735362
0.0048251658
-0.016846015
0.017597103
0.003990295
0.017044332
-0.004399575
0.016260037
-0.0052124011
-0.016117886
0.0067368214
-0.014922495
0.0062445848
0.01505359
-0.0065790125
0.013961031
-0.0070612406
-0.013849415
0.0076975282
-0.01244298
0.0075403812
0.0076403049
0.012511948
-0.0079191859
0.011116416
-0.0079639655
-0.011051579
-0.007784931
