FiniteElementSpace
FiniteElementCollection: RT_R2D_2D_P0
VDim: 1
Ordering: 0

-0.0027012916
-0.0029564994
-0.0052087913
-0.00044899963
0.0063513609
-0.0014579135
0.0048527751
0.0048928503
0.0072700193
0.002475606
-0.003695114
0.0039892833
-0.0059413547
-0.0061058429
-0.0035306258
-0.00433426
0.0056629246
0.0076752272
0.0079238641
0.0054142876
-0.0044954435
0.007024687
-0.0059921205
-0.0038994741
-0.0084336811
0.0095631218
-0.0023424316
0.0080060792
0.0056095435
0.010312767
0.0033028559
-0.0068436867
-0.0097932795
-0.0069875457
-0.011897318
-0.004883507
0.013141959
-0.0051196491
0.011274062
0.0079223394
0.013086295
0.0061101062
-0.010016561
0.0079908633
-0.0066040219
-0.0091134486
0.008592252
0.01064335
0.0059397656
-0.007377987
-0.0090980991
-0.0094169071
-0.0070591789
-0.0072100668
0.0087553175
0.010116089
0.010483723
0.0083876834
-0.0075242485
0.010280342
-0.0089540618
-0.011760556
-0.0069066435
0.011038877
0.0094080813
0.01237255
0.008074408
-0.0097188749
-0.010646295
-0.011036273
-0.0093288968
-0.0084851034
0.010211358
0.010639079
0.011023603
0.0098268345
-0.0088665336
0.011996574
-0.011376854
-0.009288157
-0.0096129458
0.0084357658
0.0097890109
0.010643329
-0.0072221278
0.012709358
-0.0087983439
-0.0067762829
-0.0065175045
0.0061846992
0.0082522097
0.0082128315
-0.0050449575
0.0099441569
-0.011507254
-0.0071827099
-0.0093695018
0.0063579014
0.0082117495
0.01085551
-0.005293373
0.012744847
-0.014933115
-0.0067586715
-0.016722655
-0.0049691323
0.018281915
-0.0042703943
0.015793638
0.0062406626
0.016959152
0.0050751486
-0.014392396
0.0074054066
-0.012492108
-0.0070590568
-0.014431516
0.015765136
0.013675212
0.015222888
0.0058577305
-0.012366907
-0.019518138
-0.002257551
-0.019251011
-0.0025246777
0.020668891
0
0.01841134
0
0.017132845
0.0012784955
-0.016891691
0.0036378155
-0.017191209
-0.0058107707
-0.018731585
0.020918788
0.017632695
0.017735046
0.0035354645
-0.016026387
-0.0048346288
-0.016239807
-0.004621209
-0.0025294242
0.015429841
0.0032440213
0.014867202
0.0038066607
-0.013998554
0.0060479132
-0.0017073865
-0.016069654
0
0.015425458
0
0.014074699
0.0013507587
-0.014176391
-0.0016361471
-0.013078742
-0.0027337963
0
0.012438552
0
0.010989292
0.0014492603
-0.011304894
0.0032231087
-0.0047155473
-0.013582318
-0.0051317836
0.012885451
0.011960187
0.0041483722
-0.011556724
0.006173966
-0.0083122598
-0.013772523
-0.0060792097
0.012989838
0.0080993005
0.013861549
0.0072275891
-0.011592031
-0.0070527803
-0.015365967
0.014527581
0.014772072
0.0058034213
-0.013070088
-0.0073286238
-0.013321763
-0.0070769488
0.012575232
0.012240041
0.0065091572
-0.011147996
0.0086829239
-0.0093079378
-0.012414866
0.01163056
0.011883483
0.0084300007
-0.010205788
-0.0076405778
-0.010852665
-0.0079359088
-0.0055905235
0.010189987
0.0062964537
0.009431195
0.0070552455
-0.0087859074
0.0091220033
-0.0047741982
-0.010740399
-0.0029172285
0.010103218
0.0032216322
0.0089350339
0.0043898161
-0.0088337613
-0.0016347257
-0.010022391
0
0.0093545662
0
0.0078488973
0.0015056689
-0.0083064276
-0.00054929519
-0.00069798345
-0.00091680772
-0.00076707008
-0.00097975595
-0.0011303139
-0.0013368652
-0.0011857424
-0.00084258004
-0.0009813511
-0.0012009968
-0.0010620119
-0.0015461073
-0.0016672396
-0.0018739226
-0.0017529564
-0.001275987
-0.0014151381
-0.001622069
-0.0014828387
-0.0016809125
-0.0018201069
-0.0020076133
-0.0018685882
-0.0019508624
-0.0020716679
-0.0022587744
-0.0021381626
-0.0023132738
-0.0024336434
-0.0025947899
-0.0024747164
-0.0020442968
-0.0021830177
-0.0023448329
-0.0022065411
-0.001383416
-0.0015348302
-0.0017225982
-0.0015711742
-0.0017474379
-0.0018985981
-0.0020613132
-0.0019106671
-0.0019557409
-0.0020221921
-0.0022299024
-0.0021626003
-0.0017769099
-0.00187356
-0.0020800973
-0.0019834457
-0.0021217018
-0.0021250752
-0.0023425178
-0.0023367104
-0.002071977
-0.0021048195
-0.0023167121
-0.002281318
-0.0024813237
-0.0025184416
-0.002708412
-0.0026701258
-0.0025403052
-0.0025475343
-0.0027396817
-0.0027314961
-0.0029092069
-0.0029181293
-0.0030819073
-0.0030723606
-0.0028461427
-0.0028852609
-0.0030477441
-0.0030080056
-0.0021810837
-0.0022777876
-0.0024648193
-0.0023680768
-0.00236062
-0.0024286642
-0.0026165507
-0.0025479286
-0.0027228489
-0.0027919063
-0.0029532728
-0.0028838991
-0.0025427973
-0.0026395421
-0.0028004602
-0.0027037595
-0.0030297565
-0.0030993724
-0.0032291055
-0.0031592939
-0.0031544913
-0.0031947325
-0.0033252318
-0.0032845549
-0.0032199119
-0.003230035
-0.0033616052
-0.0033509251
