FiniteElementSpace
FiniteElementCollection: ND_2D_P1
VDim: 1
Ordering: 0

-0.026436666
-0.025881414
-0.0246376
-0.027779725
0.025921041
-0.023724663
0.024001787
0.022996838
0.021853787
0.025256594
-0.022592753
0.027275028
-0.027457438
-0.029404384
-0.025906889
-0.030740256
0.026950585
0.02527375
0.023344844
0.02902555
-0.024108789
0.03048156
-0.028390001
-0.031774924
-0.027099606
-0.032501188
0.027943578
0.026522839
0.024869056
0.031620056
-0.025598371
0.032425691
-0.029078327
-0.032918504
-0.028032516
-0.033032961
0.028775304
0.027611368
0.026262971
0.032893474
-0.026829042
0.03302901
-0.025397877
-0.021323156
-0.023356976
0.024848144
-0.018689959
0.022681688
0.017853544
0.020353906
0.020520828
-0.021115235
-0.019738566
-0.018705045
-0.02227203
-0.01705806
0.017901556
0.016270358
0.015356794
0.018948818
-0.016156602
0.021526176
-0.032950996
-0.025473235
-0.033111563
-0.032420999
0.024728676
0.032512277
0.02300113
0.033123799
-0.023970753
0.033314433
-0.031517267
-0.023878888
-0.030252856
0.022972395
0.030052332
0.020810805
0.031478938
-0.021922817
-0.031509275
-0.019689667
-0.032727937
-0.029860924
0.018341119
0.029627573
0.015487894
0.031591959
-0.017093842
0.033099179
-0.033455968
-0.022325694
-0.03368472
0.021059099
0.018849333
0.034012797
-0.020536322
0.034295123
-0.028656654
-0.022056145
-0.026767431
0.021164774
0.026237273
0.018729879
0.028284519
-0.019732599
-0.024626424
-0.020313993
0.019500243
0.016964176
0.023968563
-0.017812268
-0.023248766
-0.015102362
-0.025648072
-0.020727469
0.014272345
0.019842338
0.011459803
0.02242617
-0.012211176
0.024948232
-0.027876145
-0.017109949
0.016034901
0.013085421
0.027370897
-0.014152621
-0.026682124
-0.010854819
-0.029238091
-0.024079441
0.0099169402
0.02299308
0.0066067293
0.025720564
-0.0072875144
0.028528411
-0.021460978
-0.0091851813
-0.018840915
0.008572178
0.017702115
0.0056634928
0.020323941
-0.0060908086
-0.019003522
-0.003005022
-0.021667111
-0.01641647
0.0027896163
0.014985728
0
0.017507244
0
0.020113292
-0.024432828
-0.003606843
-0.027361122
0.0032638297
0
0.022827547
0
0.025713685
-0.031655232
-0.013959978
-0.033647129
0.012136142
0.0082781706
0.031430957
-0.0098823831
0.034338399
-0.030573164
-0.0050004981
-0.034287528
0.0041174475
0
0.028917493
0
0.03278724
