FiniteElementSpace
FiniteElementCollection: RT_R2D_2D_P0
VDim: 1
Ordering: 0

0.0029587845
-0.0067486024
0.002832502
-0.00662232
-0.0017732148
-0.0063005987
-0.0022212185
0.0054794472
-0.0022255548
0.0054837835
0.0029719151
0.0056231965
-0.0030231693
-0.0010937676
-0.0020900615
-0.0020268754
0.0031880337
0
0.0020942662
0
0.0012763297
0.0008179365
-0.0011202603
0.0017877377
-0.00068660206
-0.0051445571
-0.00040769546
-0.0054234637
0.0019478112
-0.0039486915
0.00075194553
0.0034989496
0.00030757872
0.0039433164
0.00043470799
0.0047857199
0.0016843538
-0.0040961914
0.0017796355
-0.0041914731
-0.00083531797
-0.0035883972
-0.0013431121
0.0027574932
-0.0014756568
0.0028900379
0.0019661674
0.0030765698
-0.0033089784
0.00071412684
-0.0025820164
-0.00041938324
0.0020254827
-0.00071542199
0.0023215215
0.0011500986
-0.0015963689
0.0012653873
-0.0017116576
-0.0012775887
-0.0010342022
0.00070091767
-0.0010881844
0.00075489987
0.001333159
0.00082267158
-0.0018582208
0.0019627455
-0.0018547989
-0.00162222
-0.0015627873
0.0007632389
0.0018258593
0.00062635266
-0.00068440536
-0.0004947588
-0.0013099069
0
0.0005919243
0
0.00011369699
0.00047822731
5.7666813e-05
0.0010306529
-0.00033800086
0.00037495253
-0.00065528657
0
-0.00022430387
0
-0.00039850968
0.00017420581
0.00057733072
0.000376584
0.00050169954
-0.0010345212
0.00074476705
-0.00020090535
-0.00058013995
-0.00072556119
0.00052200524
0.00092367947
-0.00011398624
0.00088891955
-7.9226317e-05
-7.7046305e-05
-0.00076250113
-0.00016199467
-0.00063160475
-0.00029289105
0.00073971961
-0.00044209099
-4.6774001e-05
0.00060760302
0
-0.00044528368
0
-0.00037019223
-7.5091452e-05
0.00052069981
0.00016531452
0.00031341418
0.00037260014
0
-0.00020487771
0
0
-0.00020487771
0
-0.0005182919
0.00062306477
0.00043260969
0.00093017469
-0.00038114012
0
-0.00089943201
0
-0.0013320417
0.00027405231
0.0015921482
0.00050776335
9.2105734e-05
-0.0013808408
-0.00091845592
-0.001056772
-0.0012425247
0.0011713041
-0.0016633688
-4.26717e-05
0.0011983815
-0.0010516298
-0.000830958
-0.00066276276
0.00094268838
0.0012746845
0.00053498195
0.0016823909
-0.0004864482
0
-0.0018184899
0
-0.0023534719
0.0021489641
0.00065646156
0.0026638067
-0.00059019875
0
-0.0029436706
0
-0.0036001322
0.0048611613
-0.00330682
0.0049857799
-0.0034314386
-0.0051741439
-0.0039015996
-0.0045793643
0.002041203
-0.004857898
0.0023197367
0.0042677918
0.0016017485
0.00474822
-0.0038155538
0.0048342658
-0.004652333
-0.0042466555
-0.0042212313
0.0025428604
-0.0043741578
0.0026957869
0.0041796818
-0.0005808823
0.0045296352
-0.0009308357
-0.0013293914
-0.0036256487
-0.00083812964
-0.0038572131
-0.00060656524
0.0034706426
-0.0016655579
-0.0043740443
0.0029794171
-0.0043815463
-0.0024081259
-0.0024314798
0.0030999237
0.0028406177
0.0029611243
-0.0017290505
0.002804543
-0.0016929758
-0.0023057314
-0.0021704609
0.00049108216
0.0023709647
5.7503857e-05
0.0036347236
-0.0012304765
0.0037336385
-0.0034658672
-0.0030033679
-0.0029173653
-2.8498799e-05
0.0029240077
0.0019339967
0.0027849645
0.0020730398
0.0011913217
-0.0021746903
-0.0027449253
-0.0017367329
-0.0031828827
0.0017261671
-0.00424168
0.00091780353
0.0020974466
-0.0017604207
-0.0013454061
-0.0020783834
0.0014309047
0.0033014928
0.00081693171
0.0039154658
-0.00070772002
0
-0.0043078522
0
-0.0051247839
0.0048089571
0.0010605399
0.0054745843
-0.00084324158
0
-0.0059680255
0
-0.0070285654
0.0021347227
0.0068510549
0.0016236352
0.0073621424
-0.002393717
-0.0010172465
0
-0.0080458119
0
-0.0096694471
-0.0016880007
-0.0018013962
-0.0020957334
-0.0019627151
-0.0023410227
-0.0023832139
-0.0027609026
-0.0027182124
-0.002085565
-0.0021622791
-0.0025190303
-0.0024298405
-0.002508126
-0.0026341567
-0.0029105045
-0.0027718715
-0.00274719
-0.0028468533
-0.0031425969
-0.0030342663
-0.0032882548
-0.0034035439
-0.003627378
-0.0035068091
-0.0030063399
-0.0031556266
-0.0033671779
-0.0032092102
-0.0030621218
-0.0031046481
-0.0034118547
-0.0033700865
-0.0036396757
-0.0036801413
-0.0039073652
-0.0038687105
-0.0035008973
-0.0035797736
-0.0038088592
-0.0037282486
-0.0039151433
-0.0039963502
-0.004140724
-0.0040600487
-0.0040553367
-0.004091702
-0.0042316805
-0.0041980539
-0.0042957321
-0.0043262051
-0.0043745769
-0.0043476208
-0.004161787
-0.0042408193
-0.0042958356
-0.0042195166
-0.003378792
-0.0035433459
-0.0036827778
-0.0035139181
-0.0036880514
-0.0038121931
-0.0039564726
-0.0038305175
-0.0039330857
-0.0040590463
-0.00411905
-0.003994899
-0.0036137726
-0.003784459
-0.0038475885
-0.0036776858
-0.0011128521
-0.0013153935
-0.0014600654
-0.0012399818
-0.0015124868
-0.0017026528
-0.0018838081
-0.0016752902
-0.0018182008
-0.0020440099
-0.0021807904
-0.0019383688
-0.0022189231
-0.0023695335
-0.0026190256
-0.0024527449
-0.0026611116
-0.002841188
-0.0030337554
-0.0028418101
-0.002261005
-0.0024672557
-0.0026346003
-0.0024136334
-0.0025408511
-0.0027749543
-0.0028884025
-0.0026433629
-0.0029935492
-0.0031952112
-0.0033246789
-0.0031158659
-0.0032088086
-0.0034216742
-0.0034857803
-0.0032724168
-0.0027232971
-0.0029758238
-0.003038065
-0.0027829687
-0.002161436
-0.0024517045
-0.0025069005
-0.0022086522
