FiniteElementSpace
FiniteElementCollection: ND_R2D_2D_P1
VDim: 1
Ordering: 0

0
0
0
0.08535613
0.12335526
0
0.044174818
0
0
0.041239818
0.068108812
0.019854711
0.10556544
0.079747868
0.097717572
0
0.035082118
0
0.022002909
0.056349687
0.065510981
0.03183028
0.030644767
0.063568792
0
0.0093533771
0
0
0.0089596346
0
0.019612174
0.11140846
0.042048979
0.028560458
0.082253668
0.048044426
0.0155027
0.00397438
0.014279343
0.097385844
0.07498453
0.084309582
0.10583329
0.022000398
0
0.017934152
0.039171686
0.06308584
0.052671343
0.032183803
0.043051083
0.062955503
0
0.014425887
0
0.010986338
0.025506963
0.033410121
0.050751785
0.11196893
0.090996814
0.095037296
0.11568994
0.070234778
0.055448365
0.074634752
0.076256352
0.096459938
0.057277171
0.056364679
0.075199705
0.038293122
0.040304075
0.025944799
0.025439545
0.039584836
0.036274804
0.052835428
0.018870774
0.02380565
0
0.0076257299
0
0.0044900344
0.012446261
0.014625639
0.0065789522
0.0064380177
0.014322778
0
0.001807259
0
0
0.0017686559
0
0.0042069867
0.022438581
0.017091329
0.030513981
0.011687255
0
0.006863164
0
0.0095543334
0.089966868
0.019438441
0.056665255
0.047306009
0.015983554
0.012595758
0.037905447
0.1029226
0.076601566
0.062375685
0.085145019
0.065870529
0.047509915
0.032541919
0.045909997
0.028365633
0.0092223607
0.0059778307
0.018995176
0.010295567
0.0030541555
0.00073717816
0.0029232567
0.026284476
0.01823304
0.0054834639
0.0081464134
0.026765823
0.0062052055
0.025991677
0.0063468396
-0.027341731
0.0060236643
-0.026511676
-0.0054267408
-0.025318375
-0.0057935657
0.024908518
-0.00606783
0.031924937
0.0026797657
0.029084487
0.0047899995
-0.032022563
0
-0.02854732
0
-0.025665218
-0.0018912243
0.026414557
-0.0036356403
0.028338703
0.005714657
0.027362971
-0.030047977
-0.028432364
-0.026389589
-0.0047987995
0.025886374
0.0040060981
0.024080466
0.0047899947
0.0028627397
-0.024189536
-0.0023124776
-0.021927658
-0.0033541296
0.022073298
-0.0041770022
0.0014395845
0.023886955
0
-0.023058736
0
-0.02059141
-0.0011420791
0.021449432
0.0009213594
0.019066207
0.0018908669
0
-0.018203251
0
-0.015868683
-0.00074253168
0.0167215
-0.0015428656
0.0028104178
0.019942402
0.0036075165
-0.019638859
-0.017338224
-0.0023402649
0.017734395
-0.0030788595
0.02469045
0.0060406893
0.023421806
0.0063588605
-0.024703221
0.0057053965
-0.023405114
-0.0052804905
-0.021868991
-0.0056939603
0.021926267
-0.0060780508
0.0053145188
0.023539779
-0.023796995
-0.0220205
-0.0047959881
0.021917686
0.0042644869
0.020086336
0.0048094066
-0.020056887
-0.017960301
-0.0037325834
0.018089551
-0.0043064005
0.0052849133
0.020223785
0.0057257213
-0.020121687
-0.018195854
-0.0048233522
0.018338
-0.0053093021
0.004317965
0.016296476
0.0048347262
0.0037797334
-0.016124879
-0.0032338554
-0.013941446
-0.0037748424
0.014127982
-0.0043078378
0.0032037108
0.015967466
0.0025803912
-0.015771812
-0.0021001528
-0.013523186
-0.0026759237
0.013754675
0.0021453072
0.01148107
0.0026701702
0.0016282939
-0.011240688
-0.001156377
-0.0089464584
-0.0016077746
0.0091725649
-0.0020889453
0.0031984035
0.011861871
0.0037332609
-0.011675936
-0.0093564165
-0.002591727
0.0095265036
-0.0031156286
0.0019159939
0.015479569
0.0012376362
-0.01503794
-0.00095461354
-0.012748957
-0.001518402
0.013201406
0.00058550418
0.014410134
0
-0.013581855
0
-0.011347059
-0.00043985317
0.012136929
0.00029792867
0.0099108358
0.0006817722
0
-0.0091758644
0
-0.0070840125
-0.00015511626
0.0077454576
-0.00040951017
0.0011330879
0.010919052
-0.010484561
-0.0082581619
-0.00075016351
0.0086502295
0.00036136699
0.0064107923
0.00067788109
0.0001308817
-0.0060841839
0.00016139861
-0.0039761075
4.006992e-05
0.0042150068
-0.00018734827
6.4653962e-06
0.0056559474
0
-0.0050916278
0
-0.0032230688
0.00015296905
0.0036592153
-0.00033142776
0.0017712193
-0.00047534496
0
-0.0015100349
0
0
0.00054583708
0
0.00082084319
-0.00046072863
0.002075086
-0.00032015751
-0.001945421
0
0.00090755886
0
0.00084887345
0.0019577981
0.0071491969
0.0024593314
0.0014898099
-0.0070078761
-0.00087293366
-0.0046532039
-0.0012989785
0.0047543839
-0.0017697699
0.0010596963
0.0068519927
-0.0066597776
-0.0043975538
-0.00049785729
0.0045387908
-7.997095e-05
0.002250266
0.00023805081
-0.0021737064
0
0.00067627843
0
0.0004139176
0.00061872585
0.0023650943
0.0010517801
-0.0023114766
0
8.0506148e-05
0
-0.00031197541
