FiniteElementSpace
FiniteElementCollection: RT_R2D_2D_P0
VDim: 1
Ordering: 0

-0.0034065265
0.0031579793
-0.0020818333
0.0018332861
0.00061372338
0.0028428074
0.00092889522
-0.004760404
-0.00024126611
-0.0035902427
-0.002251233
-0.0037596423
0.01114068
0.0029059257
0.012081791
0.0019648148
-0.015452762
0.0015986101
-0.014145446
-0.0024557536
-0.014110372
-0.0024908273
0.010988745
-0.0035838731
0.016072253
0.0015126363
0.015221631
0.0023632583
-0.0183908
0
-0.016878163
0
-0.015338033
-0.0015401309
0.013756358
-0.0030054041
0.0035845175
0.01111025
0.003463013
-0.012889113
-0.012268162
-0.0036263547
0.010024333
-0.004712271
-0.00039839828
0.0020920605
0.0011793011
0.00051436112
-0.0032910428
0.0014405038
-0.0026394861
-0.0034557252
-0.0039864541
-0.0021087571
0.00070576643
-0.0025822918
0.0056346634
0.0043599893
0.0064930669
0.0035015858
-0.009099443
-0.0082024666
-0.0084264288
-0.0044883089
0.00577786
-0.0052035158
0.0040720891
0.0019350481
-0.0034159508
-0.0042547381
-0.0043647285
0.0015393726
0.0058335354
0.0060807351
0.0055306604
0.0049028637
-0.007495757
-0.0058641324
-0.0072001892
-0.0061597002
0.0053130191
-0.0069274161
0.0071893855
0.0051345014
0.0073679031
0.0061285113
-0.006139315
-0.0067754377
-0.0053973497
-0.007517403
0.0042296586
-0.0084222458
0.0020100934
0.0079702917
0.0024519303
0.0075284548
-0.0040859191
-0.0034835305
-0.0033995754
-0.0085062009
0.0020158252
-0.0089423059
0.0044625969
0.0095840665
0.003106243
-0.010911809
-0.0035789824
-0.0098418276
-0.0046489634
0.0083688975
0.0018170557
0.012467171
0
-0.013520977
0
-0.011636796
-0.001884181
0.010772369
0.002065638
0.0091405684
0.0036974389
0
-0.0095711579
0
-0.0074748698
-0.0020962881
0.0072655756
-0.0039712809
0.005241834
0.0074822202
-0.0082974324
-0.0068812395
-0.0053874738
0.0060942564
0.0056723904
0.0048418156
0.0069248313
0.0039757535
-0.0051846026
-0.0039626495
-0.0035456137
-0.0056016384
0.003286523
-0.007156931
0.0021462605
0.0054360826
0
-0.0053286093
0
-0.0032734061
-0.0020552032
0.0035286363
0.0018803333
0.0017412265
0.0036677431
0
-0.0013930728
0
0
-0.0013930728
0
-0.0031342993
0.0054357428
0.0017313224
0.0069909434
-0.0017776139
0
-0.0049119132
0
-0.0066432357
0.0095540613
0.0020072711
0.0095626154
0.0088021011
-0.0026476153
-0.0094152033
-0.0020810965
-0.009981722
0.0014051389
-0.010583854
0.0081658407
0.0035933982
-0.0041563403
-0.003007515
-0.0083057563
0.0024839512
0.0084470646
0.0013850061
0.0095460097
-0.0015513938
0
-0.0081946295
0
-0.0095796355
0.010536452
0.0008769346
0.011064657
-0.0010906538
0
-0.010670289
0
-0.011547224
-0.0011719984
0.0077330024
-0.00024491251
0.0068059165
-0.00088091046
-0.00067636278
-0.0011886573
-0.0084300114
-0.00027854916
-0.0084636481
-0.002446709
0.0091012185
-0.0013302578
0.0079847673
0.00098559976
0.0092452325
0.00084158581
-0.010628993
0.00018536229
-0.0099727697
-0.00099605763
-0.0096385695
0.009830269
0.00030648744
-0.00092100367
-0.00096999928
-0.010534859
0.00021235285
0.011517063
0.00029898085
0.011430435
-0.00051759293
0
-0.012064817
0
-0.012363798
0.011342222
-0.00028342248
0.010629586
9.7148844e-05
0
-0.012266649
0
-0.011983226
-0.0042480858
0.0076215899
-0.002683457
0.0060569611
0.0028844887
0.0025213113
0.0012679981
-0.0083852564
-0.0021949168
-0.0078967162
0.010083302
-0.00079990121
0.0086882859
0.00072171325
0
-0.011261513
0
-0.010461612
0.0011801623
0.0016397584
0.0020901687
0.0015979203
0.0028363493
0.0032558511
0.0038299032
0.0034023769
0.0047798946
0.0051429664
0.0056316056
0.0052886905
0.0039530725
0.0043805114
0.0049031708
0.0044821561
0.0011767996
0.0015849322
0.0020770202
0.001635497
0.0030452217
0.0035056482
0.0040330712
0.0035630709
0.002107345
0.0025774817
0.0030786588
0.0025857673
0.0040672219
0.0045397607
0.0050197227
0.0045509871
0.0050081491
0.0054673714
0.0058774736
0.005432885
0.0039929258
0.0045145816
0.0049485065
0.0044302957
0.0049840969
0.0053933677
0.0058465817
0.0054537235
0.0057608538
0.0060803957
0.0064853914
0.006192266
0.0065788486
0.0068427714
0.0071490569
0.006916803
0.0058860802
0.0062583779
0.0066245664
0.0062765038
0.0066207065
0.006941345
0.0072054183
0.0069148956
0.0072027469
0.0074012564
0.0075969724
0.0074338473
0.0076079163
0.0077344946
0.007812861
0.0077234968
0.0071558758
0.007414112
0.0075654605
0.0073411499
0.0048409193
0.0053497977
0.0057128743
0.0052186052
0.0058197675
0.0062451975
0.0065661946
0.0061638492
0.0064607583
0.0068367093
0.0070536719
0.0067068096
0.0055576199
0.0060327061
0.0063049326
0.0058528704
0.0028906856
0.0034494836
0.003884275
0.0033164957
0.0025302902
0.0031378387
0.0035302151
0.002915935
0.00372929
0.0042988625
0.0046865164
0.0041219962
0.004487427
0.0050407818
0.0053557509
0.0048187517
0.0032905175
0.003902553
0.0042469032
0.0036446717
0.0012981525
0.0019134954
0.0022835726
0.0016384172
0.0019958516
0.0026545315
0.003015344
0.0023597253
