FiniteElementSpace
FiniteElementCollection: RT_R2D_2D_P0
VDim: 1
Ordering: 0

-0.0017767922
0.0040405561
-0.0020077253
0.0042714893
0.0014516352
0.0037418329
0.0017503584
-0.0026144055
0.0020226751
-0.0028867223
-0.0021057496
-0.0029847466
-0.0022300456
0.0043589794
-0.0024288061
0.0045577399
0.0020531575
0.0021406477
0.0024147758
-0.0032588747
-0.0023480039
-0.0031780725
0.0021638397
0.0080291139
0.0023093291
0.0078836245
-0.0036323766
0.0069579126
-0.0025611753
-0.0067533524
-0.0024632755
-0.0068512521
0.0013671018
-0.0077934795
0.0064923467
0.0012153566
0.0066440919
0.0052674869
-0.0012384157
-0.0047542117
-0.0008335459
-0.0051590815
0.00025265262
-0.0061217855
5.002603e-05
0.0074260719
6.6558235e-05
0.0074095397
-0.0011115954
-0.0003296154
-0.00015267873
-0.0062987222
-0.00054304442
-0.0069083248
0.0054494408
0.0050639092
0.0053319665
0.0051813835
-0.0085441753
0
-0.0034802661
0
-0.0015720344
-0.0019082317
0.0023879953
-0.0048522028
0.0016762965
0.0011934463
0.0028708455
0
0.00010426207
0
0.0011460456
-0.0010417835
-0.00026415659
-0.0024993864
0.00085133835
-0.0010723022
0.001659484
0
0.001997384
0
0.0025261035
-0.00052871957
-0.0018437198
-0.0013001372
0.00035041723
-0.0022682801
0.00077497752
0
0.0028765208
0
0.0030078755
-0.0001313547
-0.0025695484
-0.00043262306
0.0056022834
-0.00073408355
0.0057933225
0.0048769601
0.00057264451
-0.0040853615
0.00089316732
-0.0044058843
-0.0012401685
-0.0049119693
-0.00087411104
0.0025467717
-0.0012603647
0.0029330253
0.00070628829
0.0018775566
0.0013755034
-0.0012179789
0.001725131
-0.0015676065
-0.0017055999
-0.0020128418
0.0034525095
-0.0015294918
0.0014126515
0.001719834
-0.0023200243
-0.0018238731
0.0012481335
-0.0020688438
0.0014931042
0.0010154896
0.0019524778
-8.6184336e-05
0.0021056223
-0.00023932883
-0.0020945202
-0.00026500525
0.00076951418
-0.0019515754
0.00047599971
0.0020186455
0.00014377938
0.0021326695
2.9755332e-05
-0.0020675151
-0.00076144979
-0.0020800008
-0.00074896409
-0.0007209705
0.0020921902
0.0012331086
0.0019372016
0.0013880972
-0.0018953913
0.0015727067
-0.00081266233
-0.0021595184
-0.0007476642
0.0020419241
0.0019478528
0.001666778
-0.0019149455
0.0019113509
-2.9789672e-05
-0.0026503712
5.103313e-05
0
0.0029780858
0
0.0027881716
0.00018991416
-0.0025886772
0.00025160821
-0.00032016098
-0.0023773465
-0.00053149163
0
0.0024680107
0
0.0020402203
0.00042779035
-0.0020424716
0.00076266525
-0.00050815758
-0.001613084
-0.00093754523
0
0.0015320627
0
0.00098306497
0.00054899776
-0.0011065074
0.0010555744
-0.00054564472
-0.00056892581
-0.0010832263
0
0.00043742025
0
0
0.00043742025
0
0.0010063461
-0.0011815955
-0.0016355611
-0.00063966009
-0.0021774965
0.001166663
0.00061432819
0
0.0016206742
0
0.0022603343
-0.002559457
-0.0017035313
-0.0027708712
-0.0022247727
0.0016131685
0.0028354351
0.0012309354
0.0032176682
-0.0012178811
0.0037033184
-0.0019643018
-0.0016349204
-0.0016419223
0.0016148221
0.0019760408
0.0011986463
0.0023922166
-0.0011917018
-0.0027297601
-0.00066206765
-0.0032593943
0.00064638269
0
0.002906717
0
0.0035687847
-0.0038292885
-0.00069477654
-0.0043523931
0.00066104129
0
0.004229826
0
0.0049246025
-0.0023889606
-0.0011340797
-0.0027537624
-0.00076927794
0.0026147329
-0.0007701633
0.0022508164
0.0023293312
0.0023773587
0.0022027889
-0.0021324342
0.0028241171
-0.0039408057
-0.002220806
-0.003852434
-0.0033255426
0.0017620955
0.0046539455
0.0014969082
0.0049191328
-0.0013661043
0.0057738345
-0.0020085868
-0.0031962963
-0.0018793405
0.0020911227
0.0016656976
0.0013179412
0.0040510748
-0.0012764698
-0.0049833907
-0.00076144063
-0.0054984199
0.00068694351
0
0.005611546
0
0.0063729866
-0.0022071483
-0.0022548589
-0.0023995231
-0.0023280839
-0.0020516076
-0.0021397617
-0.0022365064
-0.0021238752
-0.00068199481
-0.00049763543
-0.00083090324
-0.00097910049
-0.001270159
-0.0011558683
-0.0014675737
-0.0015509086
-0.0014741774
-0.0013777615
-0.0016276671
-0.0016934465
6.2433133e-05
0.00020831268
-0.00032178757
-0.00040697218
-0.00084168639
-0.00078338568
-0.0011978397
-0.0012398646
-0.0016041682
-0.0015735287
-0.001914512
-0.0019364556
-0.0022378099
-0.0022228787
-0.0024997117
-0.0025087878
-0.0019032176
-0.001866151
-0.0020904949
-0.0021009646
-0.0022993028
-0.0022901667
-0.002520078
-0.0025100386
-0.0022845661
-0.0022984792
-0.0024883389
-0.0024522896
-0.0026027641
-0.002658694
-0.0028085198
-0.002734967
-0.0026989202
-0.0027257536
-0.0029064232
-0.0028650023
-0.0030075864
-0.0030615075
-0.0031906062
-0.0031261981
-0.0028481619
-0.0029370641
-0.0030438289
-0.0029418837
-0.0027496229
-0.0027455376
-0.0029606017
-0.0029603856
-0.0031410414
-0.0031449751
-0.0032986611
-0.0032915294
-0.0034117925
-0.003421638
-0.0035138846
-0.0035017966
-0.0035615367
-0.0035753817
-0.0036060806
-0.0035910477
-0.0034849199
-0.0035316813
-0.0035597024
-0.0035110863
-0.0030158991
-0.0031285301
-0.0031910653
-0.0030701714
-0.003220551
-0.0032934696
-0.0033699824
-0.0032905213
-0.0033361256
-0.003420152
-0.0034440995
-0.0033575049
-0.0031048184
-0.0032314849
-0.0032499635
-0.0031200765
-0.0022797799
-0.0024559117
-0.0025042354
-0.0023108569
-0.0023321476
-0.0025403673
-0.0025648676
-0.0023446277
-0.0027230781
-0.0028812004
-0.0029264113
-0.0027584038
-0.0027797254
-0.0029547064
-0.0029664223
-0.0027875496
