FiniteElementSpace
FiniteElementCollection: RT_R2D_2D_P0
VDim: 1
Ordering: 0

0.0071141385
0.0079017579
0.0069331397
0.0080827567
-0.0072895313
0.0072912567
-0.0066790301
-0.006661778
-0.0062256549
-0.0071151532
0.0063182285
-0.0077300644
0.0069458664
0.0068301859
0.0064847957
-0.0066347617
0.006219758
-0.0060243338
-0.0053560286
-0.0053407297
-0.0060396328
0.0058626505
0.0050811861
0.0051948652
0.0057489714
0.0044912625
-0.0047508061
-0.0032850794
-0.0039330181
-0.0041028673
0.0045935534
-0.0047041791
0.0063790479
0.0058677582
0.0068295182
-0.0055955783
-0.004938501
-0.0053612564
0.0052348023
-0.0059942124
0.0060717133
0.0055160951
0.0053680504
-0.0052732421
0.0049609604
-0.0047181074
-0.0038991296
-0.0038352274
-0.0047820096
0.0047940314
0.0034366507
0.0014169272
0.0025438745
0.0023097035
-0.0024078752
0.0010304977
-0.0020214457
0.00036621998
-0.0011408719
-0.00051435386
0.0021405026
-0.00091772574
0.0017712609
9.3536219e-05
0.00083429946
-0.00037326554
-9.331665e-05
-0.00018641267
0.0014187452
0.00064617918
0.00058615338
0.00061436606
-0.0019068096
-0.00015802415
-0.0011344194
-0.001931673
0.0006710425
0.0030728525
0.0012437615
0.0025001335
-0.00021133233
0.0024468253
-0.00089337967
0.0012955479
-4.8425005e-05
-0.00089983212
-0.00016396712
0.0017109603
0.0010457452
0.0014611576
0.0042407127
0.0045839449
0.0048915702
0.0036334795
-0.0043312677
-0.0023150348
-0.0035446818
-0.0031016207
0.0039766055
-0.00370896
0.0028352484
0.0037953224
-0.0034074732
-0.0025433785
-0.0017818204
0.003262108
0.00036322508
0.0024136435
0.0012116896
-0.0021317284
-0.0013040799
0.000633509
0.0020022632
0.00022212874
0.0017459945
0.00319528
0.00252732
-0.003010377
-0.0021660207
-0.00062222751
0.002665832
-0.0011516755
-0.0016503069
0.0083626896
-0.0019302398
-0.0018385922
-0.0075417791
0.0013646752
-0.0076823934
0.0015052895
0.0080779188
0.0012205188
-0.0017531418
0.0069149686
-0.0018952526
-0.0058521015
0.0016177131
-0.0058289578
0.0015945694
0.0066850744
-0.0019682041
0.0048186187
-0.0020493647
-0.0036277994
0.0019229892
-0.0034840919
0.0017792817
0.0046570502
-0.002238567
0.0023381177
-0.0022289319
-0.0011613105
0.0022057226
-0.00094408704
0.0019884991
0.0022726078
-0.0018672245
0.0020898185
-0.0016844352
-0.0018810409
-0.00093027059
0.001771698
-0.00074551058
0.001586938
0.0019781302
0.0014752497
0.0043051171
-0.0010289115
0.0041579711
-0.00088176552
-0.0031725993
-0.0012444887
-0.0029570221
0.0010348774
-0.0027738929
0.00085174822
0.0038353047
0.00052908181
-0.0014221205
0.0018004985
-0.0014680213
-0.00069960975
0.0013549239
-0.00054263879
0.0011979529
0.001637423
-0.0010716325
0.001455521
-0.00088973045
-0.0011648428
-0.00044942848
0.0011245664
-0.00030647055
0.00098160843
0.0012350755
0.00076116296
-0.0020434381
0.0011746464
-0.0012158213
-0.0022893558
-0.0010581621
0.0035670092
-0.00033489367
0.0028437408
0.00094502934
0.0026141237
-0.0040993684
0.00019389921
-0.0033482383
-0.0041285584
-0.00030570369
0.0051171313
0.00024897394
0.0045624536
0.00021912422
0.0045876786
-0.0036185387
-0.00075621198
-0.003073659
-0.0034818436
0.0011070665
0.0043395514
0.0014066602
0.0040399577
-0.00063958319
0.0041565865
-0.00015191102
-0.0020882253
-0.00035909536
0.0014788762
-0.0019090311
0.001299682
0.0018551432
0.0014519301
0.0017028951
-0.00029029248
-0.0016138887
-0.0004361599
-0.0014482675
0.0012863089
0.0013896703
0.0013556398
0.0013203393
-0.00040157538
-0.0021737298
-0.0015001704
-0.0022256328
0.0030886071
-0.0011061829
0.0026946195
0.0010769544
0.0026259096
0.0011456643
-0.0019816268
-0.0012651972
-0.00050192976
-0.0011542361
0.0012446788
0.0011595299
0.0012645638
0.0011396449
-0.00051700829
-0.00096872656
0.0010380353
-0.00077168633
-0.0011083097
-0.00016688744
0.0011998216
-3.3549952e-05
0.0010664841
0.0007712941
0.00079974297
-0.0014915235
-0.0014647307
-0.0013356908
-0.0013853713
-0.0014362701
-0.0014052525
-0.0012286405
-0.0012836922
-0.0010869385
-0.0010094173
-0.00075363759
-0.00085181675
-0.0012322906
-0.0011610294
-0.00094629318
-0.0010375487
-0.0013708364
-0.0013322521
-0.0011066847
-0.0011698482
-0.0003471082
-0.00022164307
0.00011865769
-2.2895282e-05
-9.1454152e-05
4.3675029e-05
0.00041476738
0.0002645478
0.00062711833
0.00078933652
0.0011594736
0.0009882497
0.00031337839
0.0004683666
0.00081944579
0.00065368078
-0.0008072038
-0.00069779482
-0.00042250173
-0.00054799951
-0.00058488088
-0.00046809381
-0.00016017425
-0.00029331136
1.5242824e-05
0.00016231956
0.00049139147
0.00033284693
-0.00026723989
-0.00012789959
0.00017816875
2.7352917e-05
-0.0014978052
-0.0013984128
-0.0013792671
-0.0014878002
-0.0012523682
-0.0010649097
-0.0010332498
-0.001225938
-0.0008420549
-0.00059050702
-0.00055521427
-0.00080739566
-0.00031752834
-3.0808506e-05
-1.7049778e-06
-0.00028406844
-0.00025527582
2.2911256e-05
4.4204074e-05
-0.00023004236
-0.00072923372
-0.00047400244
-0.00045143711
-0.00070809936
-0.00020722224
6.3359901e-05
8.1554043e-05
-0.00018566631
-0.00016424923
9.9908401e-05
0.00011945745
-0.00014190573
0.00065148123
0.00081908079
0.001137705
0.00096324666
0.001260586
0.001440122
0.0017200715
0.0015365613
0.0013404551
0.0015179674
0.0018584401
0.0016769884
0.00030180119
0.00057326671
0.00057946574
0.00031671974
0.00032988974
0.00058449261
0.00058965508
0.00034253417
0.00081932043
0.0010265491
0.0010126271
0.00081543737
0.00035579068
0.00059611677
0.00060485047
0.0003706661
-0.00011765732
0.0001411111
0.00016563483
-9.0649064e-05
