FiniteElementSpace
FiniteElementCollection: ND_R2D_2D_P1
VDim: 1
Ordering: 0

0
0
0
-0.071385289
-0.08208515
0
-0.051386893
0
0
-0.042758352
-0.065110865
-0.02771594
-0.080949742
-0.078988498
-0.068467246
-0.07919251
-0.038517421
0
-0.029094393
-0.059562178
-0.065591182
-0.040619892
-0.037342949
-0.059229116
0
-0.014740444
0
0
-0.013634177
0
-0.022611881
-0.080451161
-0.041797265
-0.034463057
-0.074296282
-0.053133103
-0.022409166
-0.0068020413
-0.019125645
-0.076931586
-0.067896749
-0.074335764
-0.08095541
-0.082600304
-0.082483572
-0.082569129
-0.058403014
-0.040824251
-0.053970192
-0.036918816
-0.048573438
-0.063146061
-0.020830417
0
-0.018390804
0
-0.015338036
-0.032099802
-0.041362563
-0.056099173
-0.077752025
-0.078282755
-0.081570815
-0.068661633
-0.059813332
-0.070794712
-0.069845934
-0.076145715
-0.060060532
-0.057219034
-0.066156279
-0.046484034
-0.047820091
-0.034491387
-0.033113299
-0.045765207
-0.040742536
-0.051700672
-0.025988154
-0.032251
0
-0.011636799
0
-0.0074748705
-0.01871173
-0.021621689
-0.010764693
-0.010347657
-0.020791114
0
-0.0032734066
0
0
-0.0031342997
0
-0.0066432363
-0.028540855
-0.021206747
-0.033195742
-0.016641697
0
-0.0095796376
0
-0.011547226
-0.075236419
-0.082421266
-0.055356577
-0.051064259
-0.019536459
-0.016878165
-0.044988913
-0.08039149
-0.071346888
-0.064301633
-0.074210646
-0.063773308
-0.053979785
-0.040630695
-0.049248728
-0.036899959
-0.013520978
-0.0095711572
-0.027009158
-0.015949293
-0.0053286087
-0.0013930728
-0.0049119123
-0.031188463
-0.024947448
-0.0081946284
-0.010670289
0.027405206
-0.002795234
0.028106534
-0.0044928318
-0.03137586
-0.00096598823
-0.031862156
0.0032205715
-0.031496356
0.0047270234
0.028194876
0.0063030617
0.020343269
-0.0059086391
0.021098831
-0.0069865442
-0.023751226
-0.02451194
-0.024822355
0.0077221945
0.021505771
0.0088664628
0.035746719
0.00061961372
0.035637037
-0.04052991
0.00081557673
-0.038665959
0.0017376707
-0.036466947
0.0022019687
0.034392427
-0.0043480063
0.032664013
-0.0054559415
-0.0032786392
-0.034280463
0.0043066312
-0.032062792
0.0059188631
0.030701995
0.0073592227
0.037640417
-0.0019027363
0.0353485
-0.038247613
0
-0.036089266
0
-0.033827297
0.0023563691
0.033060312
-0.002684589
0.030643155
-0.0050473269
0
-0.03136892
0
-0.028672409
0.002935094
0.028031039
0.0056116686
-0.0070982102
0.028556144
-0.0089054317
-0.029733164
-0.027229286
0.0080109612
0.026217331
0.010154305
-0.0096607757
0.021522953
-0.010854757
-0.0082595666
-0.024638631
0.010247874
-0.023974875
0.011661138
0.02113617
0.012909852
-0.0067919009
0.027663654
-0.030415871
-0.028880144
0.0087876484
0.026602814
-0.010566734
0.025136801
-0.012145942
-0.027035798
-0.024938069
0.012089646
0.023350236
0.013866152
-0.013636123
0.020364577
-0.014971876
-0.022887574
-0.021443824
0.015501061
0.019245659
0.01696791
-0.017193021
0.017817167
-0.018828529
-0.015372077
-0.019691598
0.016662234
-0.017655374
0.018680033
0.016102004
0.020500158
-0.013370663
0.021284429
-0.011168216
-0.022600755
0.011998503
-0.020022805
0.014440276
0.018955399
-0.015332217
0.016368252
-0.017753219
-0.012683575
-0.017204076
0.013254047
-0.014149886
0.016077331
0.013528671
0.018670635
-0.019956927
0.014106574
-0.021954422
-0.0153445
-0.012762734
0.021037375
0.01182837
0.023189467
-0.0087364014
0.023665049
-0.0060564235
-0.024515896
0.0064163546
-0.021576469
0.0093235096
0.020886319
-0.0031341679
0.025192441
0
-0.025726181
0
-0.022536555
0.003295765
0.022120765
-0.0034300293
0.018824381
-0.0067124943
0
-0.019123812
0
-0.015517891
0.0035431359
0.015324833
0.0069603902
-0.0098063429
0.017877471
-0.01841194
-0.01503515
0.010208167
0.014646848
-0.010546907
0.01121247
-0.013733236
-0.0071704739
-0.011470239
0.0073509225
-0.007749236
0.010835338
0.0076020678
0.014139832
-0.0036402402
0.011652319
0
-0.011756875
0
-0.0078845161
0.0037246131
0.0078447815
-0.0037988884
0.0039450505
-0.0075070736
0
-0.00394891
0
0
0.003863951
0
0.0076423972
-0.011083114
0.003850769
-0.014487691
-0.0039111649
0
0.011296693
0
0.014787073
-0.021946603
0.0092654772
-0.02422463
-0.019442236
-0.0099173037
0.020095014
-0.0068232784
0.022713863
0.0064248746
0.025091865
-0.016703411
0.010447728
-0.010874864
-0.0074023316
0.017233494
0.0071453984
-0.017686422
0.0036504692
-0.020652251
-0.0037643524
0
0.018076393
0
0.021132733
-0.023367571
0.0033258157
-0.025826132
-0.0035058925
0
0.023931774
0
0.026458829
