FiniteElementSpace
FiniteElementCollection: ND_R2D_2D_P1
VDim: 1
Ordering: 0

0
0
-0.045504603
-0.028152093
-0.038198634
-0.039239143
-0.055396717
-0.015149516
0
-0.028728909
-0.050318138
-0.022483148
-0.053810763
-0.053772067
-0.042058857
-0.045086897
-0.033550524
-0.034209876
-0.045455556
-0.043051365
-0.051262306
-0.022004208
-0.0077287259
-0.031617304
-0.025737005
-0.038061718
-0.018975488
0
-0.011849482
0
-0.016936228
-0.056828205
-0.048860711
-0.040190696
-0.049179231
-0.035309989
-0.02713512
-0.0098459573
-0.013866416
-0.055869562
-0.052541888
-0.05257637
-0.055801205
-0.045984072
-0.040525748
-0.042126262
-0.047416264
-0.051876542
-0.048215464
-0.043060113
-0.043294711
-0.048354375
-0.036235998
-0.037293347
-0.031177163
-0.031530218
-0.037603056
-0.037142559
-0.042812961
-0.055121905
-0.051973301
-0.050740709
-0.053841448
-0.047821218
-0.041614012
-0.046620631
-0.044775812
-0.048902812
-0.039715943
-0.037160947
-0.042331965
-0.035902548
-0.033889533
-0.027534087
-0.024473627
-0.031131758
-0.02769118
-0.034023966
-0.031053906
-0.029726452
-0.025362303
-0.024836543
-0.018801807
-0.017238508
-0.023390404
-0.020984344
-0.014651898
-0.010976619
-0.017569362
-0.011581851
-0.0088700437
-0.0039086283
0
-0.0050349011
0
-0.0061294705
-0.020559927
-0.015849566
-0.023687684
-0.013069702
0
-0.0073350743
0
-0.010522443
-0.054103296
-0.043888066
-0.049907495
-0.045616873
-0.03955091
-0.034277245
-0.040091063
-0.052819498
-0.050075834
-0.044596578
-0.047643867
-0.040852872
-0.037637805
-0.029080958
-0.032307663
-0.033327115
-0.028082598
-0.020975051
-0.025279351
-0.015954705
-0.013030929
-0.0044429498
-0.0055272935
-0.021640358
-0.018704137
-0.0065732526
-0.0077929612
0.002891958
0.022798467
0.0031277066
0.023068868
-0.0027050894
0.022329919
-0.0029174025
-0.022336481
-0.0031045591
-0.022864321
0.0033508313
-0.023181533
0.0022263539
0.019700151
0.0023241542
0.020780301
-0.0021257029
0.018421261
-0.0021759803
-0.018127459
-0.0021775538
-0.019484476
0.0023753142
-0.020642619
0.0025240612
0.021657606
0.0027038979
-0.0023612177
-0.0025023079
-0.0026009278
-0.021595162
0.0028484105
0.021532387
0.0029543697
0.022345154
0.02050306
-0.0026547822
-0.020362324
-0.0026606587
-0.021471041
0.0030168303
-0.022359534
0.019267059
0.0023792607
0.01783455
-0.0021323992
-0.017543547
-0.0020430594
-0.019048503
0.0023354739
0.018827999
0.0022436042
0.020219588
0.017254468
-0.0019130507
-0.016965857
-0.0017468557
-0.018603257
0.0021038786
-0.020072136
0.021411391
0.0030288928
0.022381983
-0.0026144081
-0.0025114343
-0.021351337
0.0029810746
-0.022413157
0.003731943
0.023447271
0.0040067663
0.023390924
-0.0035665006
0.02329978
-0.0038155235
-0.023431004
-0.0040640452
-0.023611139
0.0042990808
-0.023568895
0.022934608
0.0035593241
-0.0032634104
-0.0033889008
-0.023014915
0.0037494047
0.023110607
0.0039148917
0.02358303
-0.0034730862
-0.0035043882
-0.023226119
0.0040454835
-0.023764515
0.023797826
0.0046098175
0.023767737
-0.0043091474
-0.0045456844
-0.024018239
0.0049394757
-0.023998727
0.024285931
0.0052881659
0.024275765
0.023984523
-0.0047640857
-0.024253082
-0.0049477472
-0.024618086
0.0056545683
-0.024617452
0.023364475
0.0041249832
0.022450251
-0.0034655931
-0.022486066
-0.0033332899
-0.023524938
0.0041266538
0.023699707
0.0040079724
0.024578505
0.022504856
-0.0030764496
-0.02248163
-0.0026637097
-0.023864537
0.0036994933
-0.024963955
0.025038578
0.0060350069
0.025050048
-0.0050647167
-0.0050531284
-0.025580859
0.0064176782
-0.02561523
0.021285823
0.0028618372
0.019914784
-0.0023471847
-0.019740811
-0.0021195757
-0.021205852
0.0026580872
0.018370461
0.0019180299
0.016674929
-0.0015500892
-0.01637839
-0.0013298532
-0.018124928
0.0016899723
0.017861461
0.0014270568
0.019541677
0.016072113
-0.0010943629
-0.015752356
-0.00085289391
-0.017575264
0.0011395104
-0.019309773
0.021098583
0.0023598907
-0.0018309944
-0.0014916932
-0.020948681
0.0019672319
0.020744349
0.0015010007
0.022383902
0.019039049
-0.001117757
-0.018727148
-0.00073081109
-0.020477705
0.00099113714
-0.022194856
0.01726297
0.00084026021
0.015415958
-0.00061489898
-0.015060503
-0.00038901108
-0.016922913
0.00054288574
0.016554961
0.00025955539
0.018375265
0.01468466
-0.00018256355
-0.01428731
0
-0.016160761
0
-0.01798736
0.020150046
0.00047930292
0.021904053
-0.00035231195
0
-0.019768914
0
-0.021526045
0.026296265
0.0067696493
0.026385697
0.025387658
-0.0047786645
-0.025746299
-0.0039354872
-0.027254226
0.0069730599
-0.027516356
0.023966636
0.0031014607
-0.0020844689
-0.0014029397
-0.023914745
0.0021271111
0.023703183
0.0010565384
0.025668118
-0.00067870965
0
-0.023317743
0
-0.025308713
0.028461822
0.0064776521
0.029448184
-0.0018412516
0
-0.027890562
0
-0.03489265
