FiniteElementSpace
FiniteElementCollection: RT_R2D_2D_P0
VDim: 1
Ordering: 0

-0.003011655
0.0077992723
-0.0026795832
0.0074672005
0.00250477
0.0077463602
0.0025576821
-0.0073221499
0.0023875745
-0.0071520423
-0.0026243996
-0.0070968588
-0.0023074443
0.0079891131
-0.0020646914
0.0015614393
0.0077455935
0.0018049588
-0.0072775617
0.0017271733
-0.0071997761
-0.0021870652
0.0064999461
-0.0021773846
0.0064902654
0.0063047368
0.0019223825
-0.0053774119
0.0020531575
-0.0055081869
-0.0022300456
-0.0055608479
-0.0026704336
0.0062459586
-0.0024961884
0.0060717133
0.0026726556
0.0064017169
0.0025168973
-0.0055174096
0.0025160001
-0.0055165124
-0.002252918
-0.0052732421
0.0064921943
-0.0025339222
0.0023895034
0.0024582578
-0.0056296023
-0.0024217295
0.0044729856
-0.0025843188
0.004635575
0.0045577399
0.0023735035
-0.0031780725
0.0026627516
-0.0034673207
-0.0023720756
-0.0032550774
0.0044215076
-0.0023537143
0.0045223038
0.0023019327
0.0025781634
-0.0035313081
-0.0020570828
-0.0032346767
0.0040337723
0.0035951158
0.0049609604
0.0035906237
-0.0027915281
-0.0023613263
-0.0017213229
-0.0034315314
0.0031275175
-0.0038991296
0.0021589823
0.0021327
0.0031537999
0.0018289864
-0.0013913269
-0.00045830873
-0.00037326554
-0.0014763701
0.0017712609
-0.0018378092
0.0047940314
0.0036452275
0.0039479964
0.0044912625
-0.0038352274
-0.0033437998
-0.0024078752
-0.0027737337
0.0034366507
-0.0032850794
0.0019330656
-0.0024696274
0.0023456101
0.0022563277
0.0022549013
-0.00037728429
0.0028276906
-0.00095007358
-0.0020624339
-0.00054288015
0.0018454517
-0.0027829517
0.0020900147
0.0024181886
-0.00032077254
0.0028761669
-0.00077875086
-0.0023814851
-0.0012894456
-0.003013877
-0.00065705371
-0.00076927794
0.0023559993
0.0028241171
0.0028452641
0.0023348523
-0.0022553443
0.0030933849
-0.0012013511
-0.002845158
-0.00041862705
0.0022833931
0.0031833918
0.0021933863
-0.0021927052
0.0028458391
-0.0023480039
0.0017446756
-0.002693343
0.0024147758
0.0018456928
0.0023137586
-0.00032418073
0.0026147329
-0.00062515497
-0.0023889606
-0.0021057496
0.0015716809
-0.0023797615
0.0020226751
0.0014931042
0.0021012518
-0.00026500525
0.0022975263
-0.00046127976
-0.0022426625
-0.00092853197
-0.0024010312
-0.0007701633
-0.0007476642
0.0021166586
0.0019113509
0.0020911227
0.0019368868
-0.0020085868
0.0023293312
-0.0013661043
-0.0062663085
-0.00089805963
-0.0067343532
0.0014969082
-0.0054984199
0.0007290196
0.0063729866
0
0.0071020062
0
0.0080000659
-0.0050980856
-0.0034972594
-0.0037935313
-0.0040730875
0.0021583938
0.0072193266
0.0033912648
0.0059864556
-0.0022142343
0.0072694807
-0.004803099
-0.0029853558
-0.003852434
0.0018945991
0.0057738345
0.0019017648
0.0057666687
-0.0015326979
-0.0078391468
-0.0013021425
-0.0080697022
0.00079697115
0
0.008797037
0
0.01009918
-0.010471542
-0.0046294535
-0.008056323
0.00098942493
0
0.011088604
0
0.015718058
0.0024292884
0.0011842748
0.0021640598
-0.00027765155
-0.00078986689
0.00099826188
-0.0020657803
0.00088872889
0.00069985894
-0.00024039852
0.00061217608
0.0010859447
0.00074199796
0.0021439634
-0.00031602067
-0.00038268659
-0.0012408374
-0.0057567807
0.000722412
-0.00062549037
0.0066541336
0.0022072025
0.0085314911
0.00032984505
-0.0053041645
0.00078246127
-0.0037985154
-0.011229348
0
0.011919542
0
0.011510416
0.00040912676
-0.0094312722
-0.00085236744
-0.0096561268
-0.00062751293
0
0.010658048
0
0.010189503
0.0004685454
-0.0088388842
0.0012857879
-0.0016338597
-0.0065906428
-0.00034738145
0.0075251443
0.0079044336
0.0009064986
-0.0059504514
0.00154669
-0.0016835577
-0.0063427466
-0.0012912625
-0.00097927837
0.0072001543
0.0014124243
0.0070656891
0.0015468895
-0.0057494905
0.0021401456
-0.0016593206
-0.0016839711
-0.0017562642
-0.0017042826
-0.0016850914
-0.0016632399
-0.0017926625
-0.0017855874
-0.0018812052
-0.0019163991
-0.0020326254
-0.0019703395
-0.0015239098
-0.0016450121
-0.0016556816
-0.001510055
-0.0017454508
-0.0018243005
-0.0018866828
-0.0017816076
-0.0018117061
-0.0019422039
-0.0019898884
-0.0018348975
-0.0014912082
-0.0016609048
-0.0016599357
-0.0014666936
-0.0012888139
-0.0012399331
-0.00096503711
-0.0010385843
-0.00075090325
-0.00065449122
-0.00031556347
-0.0004326459
-0.0009279061
-0.0008418923
-0.00054444078
-0.00065131359
-0.001435986
-0.0016522209
-0.0016374593
-0.001398734
-0.0018505707
-0.002029018
-0.002059199
-0.0018584078
-0.0018584345
-0.0020803832
-0.0020929668
-0.0018511348
-0.001354772
-0.0016156283
-0.0015871076
-0.0013041552
-0.0021862892
-0.0023218477
-0.0023951056
-0.0022383211
-0.0024358495
-0.0025290582
-0.0026425143
-0.0025296134
-0.0026088445
-0.0027392308
-0.0028188341
-0.002673317
-0.0023495292
-0.00257848
-0.0025819848
-0.0023481219
-0.0012472384
-0.0015528663
-0.0015149645
-0.0011848599
-0.0018376414
-0.0020978736
-0.0020966297
-0.0018200509
-0.0018017229
-0.002091278
-0.0020839855
-0.0017866846
-0.0011191296
-0.0014780158
-0.0014509068
-0.0010622457
-0.0011851158
-0.0011239557
-0.00079970342
-0.00088557228
-0.00055219272
-0.00044346076
-6.3892898e-05
-0.00019280322
-0.00089849357
-0.0008067421
-0.00037236159
-0.00049568583
-0.00070173702
-0.00056255523
-6.050993e-05
-0.00022904167
0.00023857467
0.00040964494
0.00086222441
0.00069219833
-6.8923772e-05
7.7983596e-05
0.00052596809
0.00036635099
0.00079886824
0.00096425638
0.001388537
0.0012215845
