FiniteElementSpace
FiniteElementCollection: RT_R2D_2D_P0
VDim: 1
Ordering: 0

0.01253578
0.0074393515
0.012034328
0.0079408039
-0.011611014
0.0078237234
-0.011995385
-0.0060526399
-0.011021996
-0.0070260297
0.012349319
-0.0067110379
0.0087536481
-0.0073180373
0.0079920156
-0.0065564047
-0.0081203686
-0.0074863409
-0.0079520649
0.0080803503
-0.0072145161
0.0073428014
0.0076653139
0.0070160998
-0.0083124972
0.0071146476
-0.0082672211
-0.0067563141
0.0089686472
-0.0059889482
0.0082012813
0.0069937166
-0.0085589714
0.006326043
-0.0078912978
-0.008600168
-0.0059477516
0.0086863252
-0.00538698
0.0081255536
0.0061166004
0.0079161109
0.0062178733
-0.0091332412
0.0053518533
-0.0044219229
-0.0088364784
-0.0047186857
0.009614856
-0.0039418112
0.0088379815
0.0054825189
-0.009268395
0.0048142919
-0.0090095289
-0.0042006773
0.0091526135
-0.0036666224
0.0086185585
0.0048820585
-0.0084217436
0.0044557456
-0.0079954308
-0.0082242111
-0.003864155
0.0077614467
-0.0035878662
0.0074851579
0.0044304712
0.0074598835
0.0029960258
-0.0085939354
0.0026263015
-0.0013484959
-0.0079868275
-0.0019556038
0.0076113527
-0.0017732148
0.0074289636
0.0029587845
-0.0066883555
0.0042523252
-0.0065102095
-0.00662232
-0.0036539017
0.0056231965
-0.0035908446
0.0055601394
0.0040629009
0.0053707151
0.0053685747
-0.006273192
0.0051782014
-0.0060828187
-0.0049511716
-0.0047141542
-0.004652333
0.0053088939
0.00474822
0.0048789125
-0.012190288
-0.0063763257
-0.012370367
-0.011599692
0.0064255033
0.010753405
0.0058814561
0.011297452
-0.0058370218
0.011836756
0.0055528171
-0.0083188045
0.0031807994
-0.0059467868
-0.0030435894
-0.0082061338
-0.0031562601
0.011646021
-0.0010420905
0.0095318513
0.0033014419
0.0096524939
0.0078404901
-0.0058827694
0.0053270365
-0.0033693157
-0.0056448173
-0.0055807999
-0.0028213163
0.0068930102
0.0052091713
0.0067751451
-0.01092881
0.0018787082
-0.0075983472
-0.010748166
-0.0030019608
0.015164547
0.00038630728
0.011776279
0.0021418986
0.012039469
0.0004225068
-0.010041806
-0.00049651525
-0.0091227837
0.0024054793
-0.0090314872
0.0013951608
0.0098685373
0.0021629603
0.0091007378
0.00034896423
0.0099462173
-0.01002022
-0.0043580489
-0.0083978602
0.005152785
0.0092220633
0.0059249843
0.008449864
-0.0029393756
-0.0089570658
-0.0034453628
-0.0084510786
-0.0070315792
0.0039994977
0.0072173092
0.0040550555
0.0071617514
-0.0019451607
0.0086619535
-0.0096126648
-0.00025105798
-0.0090126426
0.0010013741
0.0013477011
0.0083156265
0.00063484691
0.0092015314
-0.009601348
-0.008801835
-0.0067483221
0.0091864431
0.00752862
0.0098914306
0.0068236326
-0.0064034042
-0.0094972717
-0.0027157781
-0.0081589958
-0.004054054
0.010436061
0
0.0077202829
0
0.0060297026
0.0016905803
-0.0057501851
0.004099391
-0.0072641207
-0.0066359457
0.0066813639
0.0058668831
0.0049138718
-0.0043325083
-0.0048437388
-0.003775259
-0.0054009881
-0.0028581173
0.0038812617
0.0027105673
0.0029973815
0.0035944475
-0.002199981
0.0051697255
-0.0016420381
-0.0045341059
0
0.0043876645
0
0.0031880337
0.0011996307
-0.0030231693
-0.0033098021
-0.0015610916
-0.0039486915
-0.0020268754
0.0017144547
0.0017877377
0.0010164554
0.002485737
-0.00054787901
0.0034989496
-0.008235409
0.00038626544
-0.0071154176
0.00022770969
0.006821099
0.00021002812
0.0068387806
0.0011588376
-0.0071102198
-0.0019399629
0.0023458238
0.0019478112
0.0055677381
-0.00068660206
-0.0062887572
0.001170679
-0.0063005987
-0.0054234637
-0.00065526537
0.0047857199
-0.00083531797
0.0049657725
0.0016843538
0.0054794472
-0.002093855
-5.9717617e-05
-0.0025820164
-0.0013099069
0.00023250727
0.0010306529
-0.00020090535
0.0014640656
0.00050169954
0.0020254827
-0.0042229496
0.0040866068
-0.0042466555
-0.0043815463
-0.0034322479
0.0029611243
-0.0034658672
0.0029947436
0.0036347236
0.0025428604
8.9551424e-05
0.00023279579
0.0003148021
0.00013178514
-2.1500066e-05
-4.0983129e-05
-0.00016179354
-0.00011598437
-4.6368421e-05
-3.8458899e-05
-0.00021649211
-0.00019515531
-0.00036516732
-0.00041477605
-0.00062739315
-0.00055069089
-1.8141091e-05
1.3476893e-05
-0.00022599062
-0.00022647142
-0.00045395613
-0.00048335577
-0.00075218201
-0.00069442654
-0.00094172249
-0.0010261034
-0.0012990122
-0.0011898467
-0.0011018284
-0.0011694239
-0.0014909377
-0.0013993135
-0.001433115
-0.001565182
-0.0018193849
-0.0016662573
-0.0011427707
-0.0012921378
-0.0015040192
-0.0013335149
-6.2135795e-06
-8.3914857e-05
-5.1772093e-05
1.7262721e-05
0.0016148933
0.0020726628
0.0022661955
0.0017805723
0.0007047796
0.0011559779
0.0012895371
0.00080367725
0.00090098009
0.001421337
0.0015517388
0.00099564095
0.00016165009
0.00022295498
-0.00014548905
-0.00017420213
0.00028679719
0.00035081126
-8.3422728e-05
-0.00011438068
-0.00052340529
-0.00052182711
-0.00095507175
-0.0009316293
-0.00052296062
-0.00052457026
-0.00090626412
-0.00087710331
0.00041230568
0.00046793467
-3.593238e-05
-5.5799035e-05
-0.0005466035
-0.0005759304
-0.0010698303
-0.0010347011
-0.00052274161
-0.0005297139
-0.0010046427
-0.0009786878
-0.001417846
-0.0014578744
-0.0018871886
-0.0018362368
-0.0014971179
-0.0015358058
-0.0019740969
-0.0019331767
-0.0022303798
-0.0022899807
-0.0026634302
-0.0025969473
-0.0012296331
-0.0012833939
-0.0016497607
-0.0015742444
-0.0013318367
-0.0013762185
-0.001780063
-0.0017181289
-0.0019053593
-0.0020000088
-0.0023294876
-0.0022180683
-0.0029328056
-0.003004692
-0.0033109765
-0.0032349913
-0.0018845487
-0.0020569779
-0.0022739859
-0.0020838891
