FiniteElementSpace
FiniteElementCollection: ND_R2D_2D_P1
VDim: 1
Ordering: 0

0.01879565
0.065975524
0.0013141234
0.050321508
0.02869235
-0.011537092
0.053848091
0
0.0039609244
0.015799147
0.066222111
0.021979279
-0.0054114738
0.073692823
0.035669666
0.060961304
0.03308564
0.0042955665
0.0052231452
0.046906523
0.024347828
0.013094169
-0.0038833465
0.00034383263
-0.020937645
0.086074266
0.061878579
0.063992552
0.034210275
0.036228168
0.027979495
0
0.011779888
0
0.00239659
0.011408566
0.0038337952
-0.00064657471
-0.018326608
0.05981646
0.020102975
0.04250997
0.00836217
-0.0099759137
-0.017129952
0.077477859
0.035965866
0.045092527
0.019933333
0.0062112031
0.014042979
5.6030174e-05
-0.011226017
0.048205446
0.067640183
0.062670828
0.04361047
0.027549298
0.028183326
0.012888459
0.012239245
0.042054287
0.027096692
0.024485472
0.010412167
0.012211677
0.056539382
0.052124826
0.038568159
0.033500441
0.020681205
0.016123617
0.0047743038
0.0078037161
0.027343854
0.020705522
0.011320955
0.0017398501
-0.007474191
-0.0061663768
-0.004607339
-0.016189425
-0.016058732
-0.0063765467
-0.011248496
0.0064252824
0.083030676
0.077868132
0.065180021
0.071531073
0.071833042
0.059057262
0.060623236
0.051130413
0.036352173
0.046249744
0.066398031
0.054961065
0.047255488
0.056852741
0.045450231
0.042153152
0.029196588
0.026034335
0.036641449
0.029327196
0.037893881
0.027461953
0.029824763
0.010436061
0
0.0060297026
0.015879279
0.017646771
0.0089217704
0.0092085846
0.016578291
0
0.0031880337
0.0041843277
0.0034130454
0.007459874
0.020864078
0.014253007
0.013356377
0.008619515
0.0029984772
0.0067935706
0.0010866831
-0.00014487517
0.001378908
-0.0082648927
-0.014691884
-0.015783747
0.055644798
0.020231261
0.035297973
0.01853772
0.04740614
0.029299764
0.012259462
0.018749918
-0.0019140516
-0.010880531
4.8956661e-05
0.074711872
0.065950273
0.048128452
0.056356225
0.050603016
0.033196086
0.037642823
0.036648396
0.0077202829
0.022560643
0.012803032
0.0043876645
0.0058987824
0.021091787
0.018924115
0.0079642496
0.0013191904
-0.011697141
-0.00086930008
-0.0052959626
-0.00051926158
-0.0057355525
-0.0024681465
-0.004679891
-0.0028514223
0.0062759945
-0.0031042254
0.0068435997
-0.00027193866
0.0072227077
-0.0029079971
0.0016370485
-0.0041897209
0.0029402723
0.0043079798
0.00042168178
0.0054823633
-0.0024880764
0.0064116403
-0.0035791469
-0.005143777
-0.0046491874
-0.00075745881
-0.0068683247
-0.0018892193
0.0083160094
-0.0003704334
0.0091426932
-0.0014136094
-0.0077476364
0.0035380418
-0.0083577063
0.0045132791
0.0025742235
0.0096917355
-0.0047082103
0.0099600632
-0.0056039312
-0.0086952281
-0.0064921439
-0.0087645296
-0.0029571495
-0.0098143186
0.010351541
-0.0039452786
0.011353147
0.0015579344
0.012059312
0.00062577893
-0.01058406
0.0016394628
-0.011064864
0.00075083214
0.012464587
-0.0029612574
0.012572509
-0.0038213619
-0.011257286
0.0059082647
-0.01116863
0.0067613317
0.0050592488
0.012395422
-0.0070391824
0.011950587
-0.0078933602
-0.010813284
-0.0087278602
-0.013891303
0.0042321149
-0.013616608
0.015197058
0.0034443736
0.014815375
-0.0053345787
0.014170546
-0.0061806868
-0.01307579
0.0097766336
-0.0102095
0.010605965
0.0089012651
0.011260774
-0.010651591
0.01035156
-0.011561762
-0.009381524
-0.012400043
-0.0085666714
0.011375576
-0.008119845
0.01207152
0.0096798945
0.0091573673
0.0084049549
-0.01315165
-0.0074394348
-0.013804754
0.0062686792
0.0050601751
0.00415499
0.0082396535
-0.0067040766
-0.0087685326
-0.0085268307
-0.0069975506
0.0070347712
-0.0050056918
0.0046165501
-0.017396662
0.0038106752
-0.01820568
-0.0076215597
-0.016330679
-0.0066148799
0.017736368
-0.0055285941
0.018916278
0.0029861945
0.019872369
-0.0014592625
-0.018647289
-0.0021339822
-0.018677349
-0.00154354
-0.0008291707
-7.4288375e-05
0.020407024
-0.002930021
0.020414663
-0.022215979
-0.003816172
-0.022230808
-0.021464858
0.00059592741
0.022874175
0.00090494593
0.024116895
-0.0046830519
0.024245657
-0.015291474
-0.006279826
-0.01611241
-0.0056205406
0.016975214
-0.0068026183
0.017720961
0.0042916886
0.018070219
0.0037969425
-0.016573246
0.0031619037
-0.0071751636
-0.019336691
-0.0073778689
0.020968179
0.0047190487
0.020988392
0.0046154131
-0.019546035
-0.0022823858
-0.019356824
-0.0019481915
-0.0024012219
0.020585401
0.00050020478
0.019884569
0.00024596471
-0.018844735
-0.00017357598
-0.001446813
-0.016684049
-0.00081305016
0.018047027
0.017696424
-0.00072923756
-0.016472453
-0.0013947456
-0.0073753932
-0.022640638
-0.0070657459
0.024403944
0.0037777673
0.023636992
0.0045087866
-0.022374577
-0.024527573
-0.00091624477
-0.023189873
-0.0017073404
0.02493936
0
0.023447185
0
0.022130366
0.00024698852
-0.021934104
0.00046805686
-0.0022348404
-0.021685454
0.022579778
0.021473168
0.00057002467
-0.020776586
0.00069954315
-0.019708045
0.0010488486
0.00043501916
0.020279817
-0.0011491029
0.018971559
-0.0017280329
-0.018489052
-0.0023452766
0.0002195696
-0.020652436
0
0.02081413
0
0.019422692
-0.00058265946
-0.019285702
0.0025959738
-0.017119527
0.0034568285
0.0017423238
0.017535228
-0.002251154
0.015965718
-0.003345074
-0.015605946
-0.00442844
0.0027151446
-0.015972049
0.0020622765
0.017065898
-0.0037389724
0.01619295
-0.0045157843
-0.015216599
0.0015034717
-0.018071703
0.018962974
0.017851179
-0.003013545
-0.017079002
0.0061489177
-0.014235483
0.007073161
0.0052333588
0.0151085
-0.0065741274
0.013837617
-0.0076327324
-0.013057857
-0.0086731744
0.0040008112
-0.013956996
0.0052846669
0.0026933251
0.014268512
-0.0030794164
0.012453582
-0.004575463
-0.012187265
-0.0060407238
0.013257082
-0.0083575804
0.014117687
0.012297338
0.0092543259
-0.013845864
0.008005468
-0.014870992
-0.0071742788
-0.015771579
