FiniteElementSpace
FiniteElementCollection: ND_R2D_2D_P1
VDim: 1
Ordering: 0

0.69397312
0.50432451
0.28959316
0.64508164
0.42280402
0.41949956
0.29234321
0
0.13925746
0.57355482
0.20394081
0.21894478
0.68110638
0.61437088
0.68206141
0.58495363
0.6209406
0.62118469
0.68310574
0.47175021
0.50642722
0.36089945
0.35868319
0.50531451
0.46906213
0.3087474
0.24835173
0.40603422
0.16296762
0.25681972
0.32583368
0
0.10758856
0
0.065953391
0.17987755
0.21524849
0.098423754
0.32008618
0.65898863
0.66407003
0.5559164
0.43946753
0.55523807
0.66211706
0.36200856
0.12360913
0.37127233
0.12954224
0.086840821
0.27300251
0.045458205
0.26839908
0.67705773
0.64285639
0.63606786
0.6699121
0.69454697
0.6795539
0.68001211
0.69508825
0.63931369
0.64868662
0.60327632
0.60322834
0.6489385
0.62104367
0.57642152
0.59426056
0.53675985
0.54541924
0.47795513
0.47721291
0.54502195
0.46956708
0.39612403
0.4043782
0.40335123
0.39314897
0.46743089
0.53564622
0.44901782
0.5176883
0.6790855
0.6780932
0.69412992
0.33941623
0.25988032
0.22926636
0.31017624
0.3889857
0.27471072
0.35468015
0.19137426
0.14701013
0.23442291
0.46058472
0.39370702
0.42668546
0.49359425
0.27911494
0.31920799
0.24129226
0.27625133
0.35285626
0.37878084
0.45228494
0.15023595
0.19883742
0.065958626
0
0.05353529
0.12043814
0.16557988
0.098368932
0.13430995
0.20176948
0
0.042697366
0.077111441
0.10285826
0.16114106
0.30282284
0.32040559
0.2288603
0.24661412
0.25487178
0.328649
0.056051465
0.07180419
0.11971675
0.31691659
0.29741977
0.37416603
0.6562505
0.6871834
0.65911463
0.6256109
0.60725942
0.56922627
0.5104262
0.43572497
0.43397565
0.49133811
0.68650791
0.28218922
0.32984742
0.20807763
0.4422516
0.33449335
0.29517991
0.40108
0.21204066
0.058151613
0.17856663
0.14823469
0.047510519
0.11752739
0.3479229
0.25053451
0.28606706
0.086478256
0.34372012
-0.019686134
0.0044490697
-0.019205443
0.0039370973
0.019306593
0.0049499071
0.018824041
-0.0049693345
0.018225451
-0.0044179594
-0.018612891
-0.0038564689
0.0040158043
0.02261718
0.0035568351
0.022939643
-0.0039906002
0.022184679
-0.0034867652
-0.021864288
-0.0029787885
-0.022356671
0.0031110022
-0.022721807
0.021630227
0.0033739765
0.020947642
-0.0032260244
-0.020487506
-0.0025783287
-0.021242559
0.0027991715
0.020806154
0.0022408503
0.021479751
0.019994261
-0.0019433877
-0.019487094
-0.0013499757
-0.020340149
0.001724103
-0.021051839
0.003752923
0.020131783
0.0030486137
-0.0036309615
0.019177648
-0.0028466408
-0.018562469
-0.0020371281
-0.019595089
0.0023222298
0.019042763
0.0016074175
0.017949918
-0.0012387897
-0.017358044
-0.00048749237
-0.018492279
0.00093494087
0.017957531
0.00033345793
0.018980079
0.016796506
0.00018707688
-0.016271606
0.00075812186
-0.017445019
-0.00017583041
-0.018484568
1.2907154e-05
0.015504426
-0.00072988796
0.00048177975
0.014086281
0.0012908047
-0.013556558
0.0019675507
-0.014970921
-0.0013589132
0.01695943
-0.00057531235
0.018005705
0.015780345
0.0012098405
-0.015320677
0.0015290141
-0.016497581
-0.00085803647
-0.017547469
0.00090055392
0.01891111
0.00062385555
0.019666605
-0.00038098274
-3.9303988e-05
0.00019429369
-0.018454893
0.0004469196
-0.019210411
0.010683184
0.023038617
0.01039598
0.010900545
-0.022809689
-0.011057809
-0.02277442
-0.010931293
0.023039825
-0.010704731
-0.011376144
0.0061277596
-0.0097704967
0.0051303592
0.011152078
0.0069625906
0.0095713709
-0.0071320191
0.007864436
-0.0062561722
-0.0080203607
-0.0051863066
-0.01225301
0.0040200137
-0.01066111
0.0028748762
0.011742884
0.010124477
0.0083486075
-0.0039790284
-0.0088957413
-0.0027122078
0.0039517294
-0.0069511063
0.0025528357
0.005263555
0.006411694
-0.0053500652
0.0043466783
-0.0039616324
-0.0047969303
-0.0023945321
0.0031942279
0.015442398
0.0021365586
0.016837236
-0.0030354896
0.013892071
-0.0018744009
-0.01297628
-0.00068678766
-0.014595769
0.001050598
-0.016065148
0.012179387
0.0016005118
0.010296636
-0.0013128973
-0.0092702067
0.00010255917
-0.011202786
0.00030375749
0.010384601
-0.00093896737
0.012172683
0.0084639273
0.0014391153
-0.0078577912
0.0026201443
-0.0097214298
-0.0020653795
-0.011490583
0.01382635
-9.4714772e-06
0.015340901
0.0004649825
0.0015218734
-0.013145593
-0.00099510596
-0.014680509
0.0082241283
0.0010037539
0.0059339029
-0.00066117775
-0.0048862884
0.0010417026
-0.0071693804
-0.00054508719
-0.0016356726
0.0021395007
-0.0031151695
0.0042845918
0.002251755
0
0.0037113657
0
0.0048799973
-0.0019548723
-0.0043339971
-0.0039430127
0.0064247944
-0.0019667597
0.0025372021
0.0037624022
-0.0059144207
-0.0031929317
0.0055539034
-0.0041846899
0.007392114
0.0036878718
0.0047499967
-0.0034965365
0.005482572
-0.0052640386
-0.0049478082
-0.0070264927
0.0018327037
-0.005284745
0
0.0057887215
0
0.0064364254
-0.0017336218
-0.0059837112
0.0050281457
-0.0054648441
0.0067148091
0.0033335693
0.0059681425
-0.0031941291
0.0061976956
-0.0048175995
-0.0057412139
-0.0064447872
0.012554234
-0.0018616602
0.010915878
0.0024423458
-0.010432312
0.0031898467
-0.012037189
-0.0025813364
0.009191134
-0.0030243156
0.003610381
0.0043791269
-0.0087528613
-0.0037936076
0.011583096
-0.0031280657
0.013077487
0.010010673
0.0037503791
-0.0096368938
0.00410643
-0.011169155
-0.0034949372
-0.012640622
0.0046272877
-0.0057703305
0.0061927363
0.0030637159
0.0061784314
-0.0029409567
0.0059108473
-0.0044423328
-0.0055619379
-0.0059534841
0.01605752
-0.0010203532
0.017107552
0.01488085
0.0017161735
-0.01445373
0.0017716343
-0.015627936
-0.0010717451
-0.016684136
