FiniteElementSpace
FiniteElementCollection: RT_R2D_2D_P0
VDim: 1
Ordering: 0

0.00015680016
-0.0094116682
-0.0084656829
-0.00078918517
0.013023545
-0.0047106317
0.008322509
0.017523675
0.016794024
0.00905216
-0.0038118628
0.01370598
-0.01275655
-0.013166005
-0.021211924
0.025468156
-0.0082937436
0.020595894
0.020736556
0.028701566
0.012630884
-0.016319133
-0.02175684
-0.012337347
-0.013231356
-0.016910295
0.011947479
0.029184975
0.02011538
0.021017074
-0.0076017915
0.025752629
-0.024646957
-0.016466482
-0.032819696
0.036633224
-0.011348734
0.031515476
0.02313933
0.039147736
0.01550707
-0.027590209
-0.035074733
-0.019199467
-0.042925467
0.046269023
-0.013736691
0.040806247
0.024625807
0.047954978
0.017477077
-0.037263214
-0.028309059
-0.044077822
-0.021494451
-0.021921438
0.041567356
0.031500028
0.04723337
0.025834015
-0.037635186
0.03227665
-0.035357983
-0.043050808
-0.029942361
-0.028197466
0.040072852
0.036191043
0.043945618
0.032318278
-0.03592725
0.039441836
-0.018496564
-0.035148271
-0.026004015
-0.02764082
0.030451114
-0.029348632
0.024651475
0.039992743
0.031247753
0.033396465
-0.020236013
0.039164467
-0.044062019
-0.027033636
-0.037264396
-0.03761204
0.024797774
0.047205493
0.030445268
0.041557999
-0.020647071
0.047944564
-0.0098218312
-0.042927001
-0.017674099
0.02170423
0.016041626
0.023181399
0.040804791
-0.012209866
-0.043861326
-0.021356372
-0.051481006
0.054472279
-0.015338314
0.048454221
0.025157411
0.055246806
0.018364827
-0.045220026
-0.057337917
-0.02472537
-0.066115863
-0.015947424
0.070648925
-0.014671427
0.060594983
0.022172088
0.067523229
0.015243842
-0.056717522
0.024642183
-0.02186402
-0.061079544
-0.017501998
-0.010246735
0.055905944
0.013662664
0.055381131
0.014187477
-0.051422214
0.023844806
-0.018133056
-0.051339653
-0.018215618
-0.0097425563
0.046990631
0.011762805
0.044426793
0.014326642
-0.043211137
0.022455159
-0.01680448
-0.041174335
-0.018841282
-0.0096943049
0.037316618
0.010867357
0.033851558
0.014332417
-0.033959338
0.021547413
-0.048776664
-0.026947056
-0.051327959
-0.024395762
0.055949656
0.047218218
0.047283578
0.022389799
-0.043065072
0.030652685
-0.015711711
-0.030882823
-0.018788227
-0.0093744223
0.027514269
0.0098561349
0.023667379
0.013703025
-0.024417757
0.020168091
-0.014103101
-0.02081063
-0.017710228
-0.0085415009
0.018105779
0.0083902894
0.014272632
0.012223436
-0.015198345
0.017835721
-0.011703054
-0.011467179
-0.015434221
-0.0070932865
0.0096628638
0.0063453403
0.0062134082
0.0097947958
-0.0068927345
0.01436924
-0.03558006
-0.034784322
-0.035680036
-0.034684346
0.040055385
-0.027046842
0.032317906
0.029926433
0.030766985
0.031477353
-0.02793863
0.03921876
-0.051479079
-0.01982762
-0.045226044
0.016928363
0.055276204
0.023737125
0.048467442
-0.013822784
-0.051339921
-0.026760948
-0.044154475
0.023259822
0.052712919
0.027908617
0.048064124
-0.019548868
-0.057161783
-0.025043004
-0.051667647
-0.049016419
0.019763253
0.056354239
0.023043717
0.053073775
-0.016456005
0.061660774
-0.058867795
-0.021580739
-0.05110984
0.016536977
0.023367941
0.05482981
-0.014537573
0.061872976
-0.027429801
-0.048283894
-0.031559219
0.035705546
-0.040552324
0.027973976
0.047073419
0.030212262
0.044835133
-0.023681433
-0.03246695
-0.042583195
-0.03449782
0.038965121
0.031066272
0.031190678
0.039094354
-0.026518756
-0.05163179
-0.026296804
-0.043451177
0.022031649
0.047899188
0.022174554
0.047756284
-0.017698848
-0.066235794
-0.02343545
-0.057009407
0.014141554
0.067965685
0.021300245
0.060806994
-0.013593519
-0.077722989
-0.027093855
-0.064222653
-0.062006175
0.0055834314
0.06405453
0
0.069637962
0
0.096731817
0.00025114415
0.0002947144
0.00037389093
0.00032300129
0.00033917021
0.00038570972
0.00047962918
0.00042575667
0.00039312847
0.00045198512
0.00052894824
0.0004615621
0.00043508039
0.00048752575
0.0005951525
0.0005360683
0.00054278892
0.00060012744
0.00071917594
0.00065647543
0.00077531154
0.00084506055
0.00097677508
0.00089852657
0.0010249655
0.0011128655
0.0012515097
0.0011531064
0.0002114044
0.00014913385
0.00020554962
0.00026202706
0.00031726397
0.00026723413
0.00033270657
0.00037586398
0.00045021593
0.00037966354
0.00043464286
0.00050465025
0.00065834731
0.00071584683
0.00084320076
0.00078196868
0.00086290405
0.00089501377
0.0010301366
0.0009967381
0.0011472646
0.0011840124
0.0013522455
0.0013111491
0.0014846504
0.0015303518
0.0017142729
0.0016637949
0.0018447112
0.0018999042
0.0020832127
0.0020234311
0.0013578547
0.0014263723
0.0015994542
0.0015236901
0.0021960379
0.0022601116
0.002426612
0.0023586063
0.0025073168
0.0025787711
0.0027128372
0.0026384516
0.0027485251
0.002825265
0.0029128386
0.0028342945
0.00059666348
0.00071075619
0.00085920793
0.00073265717
0.00056043828
0.00049111844
0.00054723376
0.00061590582
0.00043617049
0.00040012135
0.00046742482
0.00049617609
0.00055364284
0.0005324578
0.00059323902
0.00060616549
0.00066900139
0.00060078242
0.00064926277
0.00071733699
0.00038684479
0.00039914604
0.00049022748
0.00046468123
0.0004385148
0.00050487789
0.00062633134
0.00054453495
0.00054070269
0.00057974908
0.00066653579
0.00061335851
0.00075816288
0.00068985702
0.00071935753
0.00078825233
0.00080322707
0.00073395337
0.00073380975
0.00079284332
