FiniteElementSpace
FiniteElementCollection: ND_R2D_2D_P1
VDim: 1
Ordering: 0

0
0
-0.028030454
-0.040129734
0
0
-0.015615395
0
-0.0070233515
-0.023768939
-0.034544686
-0.044515649
-0.020884197
-0.010380999
-0.011283553
-0.022263202
0
-0.0031332589
0
0
-0.0034979411
0
-0.0081437128
-0.032866438
-0.027577164
-0.019808677
0
-0.012740183
0
-0.016341756
-0.004778003
-0.0014762404
-0.0057797553
-0.037143389
-0.027841302
-0.01047465
-0.015115274
-0.024708601
-0.018823314
-0.019477241
-0.02545549
-0.013442723
-0.0087916741
-0.0091897846
-0.013976123
-0.013554495
-0.019198291
-0.0022711613
0
-0.001453265
-0.0039906415
-0.0075619408
-0.0050428149
-0.002312461
-0.0024546611
-0.0053055162
0
-0.00064869406
0
0
-0.0006993844
0
-0.0017373558
-0.0086365997
-0.0070067309
-0.01206565
-0.0046470379
0
-0.0029269024
0
-0.0041710602
-0.042812178
-0.037022028
-0.03545671
-0.041418031
-0.028874702
-0.026060406
-0.033059504
-0.03775927
-0.031612056
-0.030711437
-0.031629977
-0.025316716
-0.017887806
-0.024210201
-0.022050076
-0.015440285
-0.011739111
-0.018739397
-0.0093922511
0
-0.0054122045
0
-0.0066481298
-0.014149353
-0.022247018
0
-0.0080614975
-0.022008097
-0.011279342
-0.016476369
-0.0018518412
-0.0062748862
-0.0037253253
-0.0010378954
-0.0002827797
-0.0011849551
-0.010278189
-0.006901321
-0.0023072023
-0.0035245258
-0.039033988
-0.030683387
-0.034141551
-0.028384079
-0.021560998
-0.026328343
-0.016906383
-0.013652075
-0.004758212
-0.0059653726
-0.020074457
-0.007168322
-0.010843255
-0.013734919
-0.0097413761
-0.01530206
0.010934499
-0.012049575
0.0097975278
0.012077691
0.0085795864
0.013798282
-0.0085523832
0.01540694
-0.0086442614
-0.010287527
-0.0073278911
-0.012138869
0.0087365941
-0.0083486329
0.0073943498
0.0083906091
0.0059970433
0.010349917
-0.005951025
0.012227209
-0.013893124
-0.0072819352
-0.015542918
0.0072876849
0.0059284098
0.014014294
-0.0059369983
0.015703893
-0.0090879895
-0.0021390914
-0.0076809864
-0.004257608
0.0092025548
0
0.0077888013
0
0.0063326745
0.0021459666
-0.006230181
0.0042730196
-0.0088474153
-0.0063336179
-0.0074792981
0.0089673048
0.0075765899
0.006139462
0.0063604072
-0.006061172
-0.0064079593
-0.0045971099
-0.0084556542
-0.0043046911
0.004657904
0.0043527394
0.003135388
0.0064750994
-0.003093279
0.0085407022
-0.0021618457
-0.0047348852
0
0.0048317815
0
0.0032832405
0.0021874207
-0.0031951858
-0.0022265501
-0.0016119541
-0.0044204381
0
0.0016805296
0
0
0.0022966193
0
0.004511419
-0.0065615165
-0.0015575309
-0.0086439337
0.0015791516
0
0.0066674235
0
0.0087634199
-0.014155443
-0.0045250633
-0.015883318
-0.012337794
0.0045100743
0.012465337
0.0030415875
0.014310951
-0.0030565793
0.016072908
-0.010435328
-0.0045205912
0.0045509846
0.0030632844
0.010540111
-0.0030453874
-0.010660657
-0.0015348193
-0.012605821
0.0015430252
0
0.010794472
0
0.012755199
-0.014474603
-0.0015432817
-0.016265411
0.0015342732
0
0.01464198
0
0.016453509
-0.011503023
-0.021056469
-0.010664702
-0.021691889
0.011246766
-0.020224985
0.010339628
0.020542375
0.0093313999
0.021426199
-0.0097364796
0.022101247
-0.021873756
-0.0087008014
-0.022610004
-0.02091741
0.0082062904
0.021348091
0.0069397075
0.022406449
-0.0075226952
0.023243354
-0.011043468
-0.019217903
-0.010082906
0.010900983
-0.018052881
0.0098985476
0.018257452
0.0087935889
0.019478383
-0.0090179093
-0.010821497
-0.016744
-0.0097842323
0.010803503
0.0097343313
0.0085719525
0.016896408
-0.0086487974
-0.017080473
-0.0074161867
-0.018497687
0.0073209455
0.0059859965
0.017290378
-0.0060887669
0.018766822
-0.019782589
-0.0078392161
0.0075828952
0.0062627436
0.020124729
-0.006534267
-0.020491521
-0.0050907284
-0.02182146
-0.019054468
0.0048327814
0.019345201
0.0032985173
0.020862157
-0.003505718
0.022307862
-0.017517094
-0.0046706781
0.0045746409
0.0030964488
0.017750633
-0.0031718934
-0.017979092
-0.0016073722
-0.019622483
0.0015659351
0
0.018192997
0
0.019869199
-0.021208038
-0.0017945387
-0.022761126
0.0016779758
0
0.021501606
0
0.023126734
-0.023022572
-0.0061392104
-0.024028199
0.0054964293
0.003847113
0.023687362
-0.0044364305
0.02498167
-0.024323545
-0.0023653044
-0.025962994
0.00199441
0
0.024818447
0
0.02673785
