FiniteElementSpace
FiniteElementCollection: ND_2D_P1
VDim: 1
Ordering: 0

-1.0857488e-09
-0.0047024319
0.0047027557
3.299296e-07
2.0352826e-09
-0.0092775158
-0.0046619249
0.0091743244
-0.0091746395
0.0046616034
0.0092778314
-3.2642957e-07
-0.0045998556
0.013604378
3.1997147e-07
-0.0090352398
-0.013413892
0.0088783571
-0.017255147
0.0045262632
0.017560307
-3.1114665e-07
-0.004702541
0.0047030752
2.0544328e-07
-0.0092776049
-0.0046622378
0.0091744036
-0.0091749261
0.0046617051
0.0092781276
-2.0596755e-07
-0.0045999486
0.01360464
2.0547814e-07
-0.0090353073
-0.013414141
0.0088784117
-0.017255351
0.004526346
0.017560526
-2.0370589e-07
0.01619926
-0.019148762
0.019149185
-0.016198803
-0.015913845
-0.021419293
-0.018780982
0.020961703
-0.020962076
0.01878057
0.021419675
0.0159134
-0.018526668
0.022915077
-0.015714261
-0.020647023
-0.022364343
0.02050548
-0.022919304
0.018418817
0.023560801
0.015631267
-0.0044500182
0.021026156
2.0024843e-07
-0.0087217555
-0.020577573
0.0085831215
-0.023267193
0.0043800288
0.023888082
-1.9544045e-07
0.016903419
-0.012681734
0.020086861
-0.016539988
-0.019597098
-0.021984688
0.012472277
0.022615973
-0.012322467
0.024389818
-0.0084800782
-0.02360424
-0.024375365
0.012257291
0.025323161
0.008430409
-0.0043253928
0.02604256
1.8859627e-07
-0.025221534
-0.026351838
0.0042952752
0.027398579
-1.7969461e-07
-0.013604524
0.0046003555
-0.0092780059
-0.017560418
-0.0045267485
0.017255243
-0.0088788018
0.013414026
0.0090357023
0.0091748059
-0.013178934
0.013178924
-0.0090357085
-0.016903312
-0.012926119
0.016539882
-0.016539866
0.012926131
0.016903298
0.008878809
0.0092780018
-0.0046003585
0.013604517
-2.0526422e-07
-0.0091748007
-0.013414017
-0.017255231
0.0045267516
0.017560408
2.0349636e-07
-0.021026058
0.0044504135
-0.023887996
-0.0043804133
0.023267105
-0.0085834932
0.020577473
0.0087221379
0.01619914
-0.019149089
0.019149067
-0.016199157
-0.015913727
-0.021419588
-0.018780866
0.020961991
-0.020961962
0.018780889
0.021419561
0.015913745
-0.0044504168
0.021026045
-1.9966894e-07
-0.0087221455
-0.020577457
0.0085835011
-0.023267086
0.0043804166
0.023887979
1.9435888e-07
-0.012682109
0.020086743
-0.01959698
-0.021984575
0.012472643
0.022615862
-0.013604625
0.0045999516
-0.0092781193
-0.017560502
-0.0045263493
0.017255327
-0.0088784172
0.013414125
0.0090353121
0.0091749164
-0.021026121
0.0044500221
-0.023888036
-0.0043800334
0.023267148
-0.0085831288
0.020577538
0.0087217618
-0.020086827
0.012681743
-0.016903394
-0.02261593
-0.012472287
0.021984648
-0.015913413
0.019597066
0.016198814
0.016539963
