FiniteElementSpace
FiniteElementCollection: RT_R2D_2D_P0
VDim: 1
Ordering: 0

-0.0020919397
0.005487805
-0.0024435533
0.0058394187
0.00081189732
0.0045935696
0.0017061327
-0.004704397
0.0019717506
-0.0049700149
-0.0032204494
-0.0057469109
0.0047527945
-0.0036863594
0.0052187046
0.003876297
0.0028482481
-0.0035437361
0.0033139799
-0.0040094679
-0.0043173144
-0.0046404229
-0.00015572228
0.00070432986
-0.00082221072
0.0013708183
-0.00096267634
0
-0.00025834647
0
0.00023611215
-0.00049445862
-0.0013604694
-0.0010327173
0.00032105348
-0.0017358031
0.00069638712
0
0.00055716563
0
0.00075225332
-0.00019508769
-0.0018833427
-0.00034262729
-0.003438172
0.0010105221
-0.0038466973
0.0014190474
0.0024536054
0.0027677404
0.0030122603
-0.00058714719
-0.0038996989
-0.00064014884
-0.0055763746
0.0042828543
-0.0063037812
0.005010261
0.0051288013
0.0039035032
0.0055081524
-0.0028908283
0.0061174043
-0.0035000802
-0.0064193219
-0.0036156208
0.0033490034
-0.0048718142
0.0027237536
0.0039392297
-0.0020572942
0.004453981
-0.0025720455
-0.005190597
0.0016195704
-0.0056618731
0.0020908465
0.004654504
0.0049478922
-0.00093353704
-0.0055537181
-0.0008253821
0.0021063654
-0.0070673758
0.0027544193
0.0061329232
0.0065555378
-0.0012479967
-0.0067674313
-0.00094805216
-0.00035154182
-0.0071342228
1.5249742e-05
8.1972784e-05
0.0061220232
0.001182213
0.0061506732
0.0011535631
-0.006353205
0.0019345809
-8.7324555e-05
-0.0057230155
0.00014831698
0.0047122507
0.00056444663
0.0046413527
0.00063534458
-0.005176147
-0.0015074217
-0.0049118226
-0.0017717461
-0.00089344375
0.0040273748
0.001396937
0.0035644012
0.0018599106
-0.0040020953
0.002769638
-0.0026488871
-0.0062171154
-0.0027849767
0.0052735322
0.0047857401
0.0032574301
-0.0049946058
0.0044799397
5.1003113e-05
-0.0039970128
0.00012541439
0.002937849
0.00016347493
0.002868787
0.00023253695
-0.0036651031
4.4840246e-05
-0.0019639168
0
0.00079709357
0
0.0007748909
2.2202666e-05
-0.0018226445
-0.00011863646
-0.001664466
-0.00027681499
0
0.00065625444
0
0.00052304695
0.00013320748
-0.0013497414
0.00044793208
-0.00064239767
-0.0034140571
0.0025032043
0.0021681392
0.00078299721
-0.0028001172
-0.0010012044
-0.0022563726
-0.001544949
-0.00046664728
0.0016335821
0.00051160979
0.0011320514
0.0010131405
-0.0014958333
0.0017736798
-0.00016527711
-0.0010483712
0
0.00035776984
0
0.00021659758
0.00014117226
-0.00067793371
-0.00012371073
-0.00033478865
-0.00046685579
0
9.2886853e-05
0
0
9.2886853e-05
0
0.0004276755
-0.001046785
-0.00077659477
-0.0017660236
0.00055212214
0
0.00097979764
0
0.0017563924
-0.0043250207
-0.0042466033
-0.0050730232
-0.0031187387
0.003579458
0.0036689528
0.0026114974
0.0046369134
-0.0027607896
0.0061227271
-0.0024160592
-0.0032994158
0.002693291
0.0019179207
0.0025490501
-0.0021795131
-0.0027406666
-0.0011582346
-0.0037619451
0.00094327774
0
0.0026996701
0
0.0038579047
-0.0051017105
-0.0015052951
-0.006357205
0.001271732
0
0.0051296367
0
0.0066349318
-0.0074204302
-0.00068883541
-0.008632999
0.00052373346
0.008347798
0.00010950189
0.0075494607
0.0026420652
0.0083594279
0.0018320981
-0.0074669814
0.0029981157
-0.0071447123
-0.0039424724
-0.0073754599
-0.0037117248
0.0074039751
0.0062464794
0.0059098347
0.0048165844
-0.0058021536
0.0063898906
-0.0051521097
-0.0084134453
-0.0042056458
0.0069190429
0.0070564934
0.0062524402
-0.0064427094
0.0082231761
-0.0032855691
-0.0080781615
-0.0018685308
-0.0094951998
0.0032795191
0.0015585626
0
0.0081934944
0
0.010062025
-0.00077963058
-0.00092836188
-0.001300944
-0.0011178674
-0.001474754
-0.0016923125
-0.0020955799
-0.0018458655
-0.0032577178
-0.0034639477
-0.0039144205
-0.0037070193
-0.0041479121
-0.0043549453
-0.0047827244
-0.0045780756
-0.003629371
-0.0039045886
-0.0043328994
-0.0040509629
-0.0016574945
-0.0019427061
-0.0022993916
-0.0019799847
-0.0022265235
-0.0025046708
-0.0029158817
-0.0026130547
-0.0030030688
-0.0033271251
-0.0037366452
-0.0033948668
-0.0023114737
-0.002662653
-0.0030310223
-0.0026508987
-0.002997682
-0.0034033083
-0.0037780743
-0.0033513657
-0.003786718
-0.0041422227
-0.0045407428
-0.0041762849
-0.0045600663
-0.0049277951
-0.005297486
-0.0049329852
-0.0037109716
-0.0041529571
-0.0045240313
-0.0040741472
-0.0044647544
-0.0047498837
-0.0051511556
-0.0048669532
-0.0049938495
-0.0051935843
-0.0055821078
-0.00539031
-0.0057612729
-0.0059416791
-0.0062647121
-0.0060994639
-0.0052524353
-0.0055310133
-0.0058825363
-0.0056147179
-0.0059460687
-0.0061977701
-0.0064680532
-0.0062377971
-0.0063967586
-0.00654292
-0.0067676782
-0.0066445231
-0.0068340231
-0.0069304233
-0.0070230573
-0.0069568436
-0.0064806946
-0.0066844352
-0.0068381349
-0.0066655434
-0.0044362359
-0.0048852725
-0.0052284257
-0.0047896929
-0.005288166
-0.0056424119
-0.005953892
-0.0056170353
-0.0059097766
-0.0062224217
-0.0064382592
-0.0061560174
-0.0051242628
-0.00554339
-0.0058190359
-0.0054279198
-0.0012844865
-0.0017123885
-0.0019649042
-0.0014924972
-0.0027450545
-0.0032395044
-0.0035876625
-0.0030699916
-0.001719152
-0.0022352957
-0.0025279177
-0.0019701745
-0.0041327735
-0.0046536067
-0.0049834866
-0.0044866898
