FiniteElementSpace
FiniteElementCollection: RT_R2D_2D_P0
VDim: 1
Ordering: 0

-1.2731743e-05
0.0015028608
0.00075213436
0.0007379947
-0.0010852283
0.001027
-0.00060936746
-0.0020291379
-0.0013498381
-0.0012886672
0.00027481191
-0.0017659897
-9.8703202e-05
0.00088669967
0.00061331798
0.00017467849
-0.00093803488
0.00037021355
-0.00042154876
-0.0014094731
-0.0011385413
-0.00069248052
9.8567313e-05
-0.0012072312
0.0010893771
0.0014571583
0.00057804575
-0.0012546583
-0.0016123861
-0.0019725352
-0.00089450915
0.00094219434
0.0019142085
0.0016560168
0.0012003861
0.0013905709
-0.0014488976
-0.0023792116
-0.0021444307
-0.0016836785
0.0011335128
-0.0022061825
0.0017139073
0.00081670536
0.00099576928
-0.00062502007
-0.001341022
-0.0014901806
0.00030975095
-0.001997135
0.001555269
0.0013058539
0.0022830772
-0.0025791428
0.00079672714
-0.002070016
-0.0018111016
-0.0027880957
-0.0010930218
0.0017637129
0.0023594936
0.0015397453
0.0031025117
-0.0033982093
0.001023435
-0.002881899
-0.0020030134
-0.0036061483
-0.0012787641
0.0025701743
0.0022374068
0.003256234
0.001551347
0.0016632886
-0.0030320301
-0.0025396096
-0.0036513625
-0.0019202772
0.0026793324
-0.0024971789
0.002092495
0.002465637
-0.0022469477
-0.0029094962
-0.0018346305
0.0019210559
0.0027758198
0.0025748118
0.0021220639
0.0021988211
-0.0023324975
-0.0030705874
-0.002911902
-0.0024911829
0.0019993031
-0.0030666916
0.0027884617
0.003268973
0.002166497
-0.0030293977
-0.0029294923
-0.0035039252
-0.0024549649
0.0026533505
0.0033781923
0.0025868902
0.0027906052
0.0027652341
-0.0022989438
-0.0035664946
-0.0027739608
-0.0030914776
0.001972704
-0.0037056637
0.0024823378
0.0010339824
0.0017581063
0.0019663957
-0.00082507983
-0.0029452247
-0.0015377884
-0.0022325161
0.00053063275
-0.0027358658
0.002665598
0.0018327152
-0.0016008966
-0.0022604365
-0.0024071517
0.0012946422
0.0033632207
0.0019744939
0.0026833689
-0.001687821
-0.0023025242
-0.0030909605
0.0014069353
-0.0036585191
0.0032107681
0.0012658369
0.0024755639
-0.0010103892
-0.0017249703
-0.002943938
0.00075615081
-0.0034536241
0.00087747192
0.00095322288
9.8927542e-05
0.00041246607
-0.00074222534
-0.0014751717
-0.0014899504
-0.0007274466
0.00049385797
-0.0011868115
0.0011580852
0.0017413884
0.00066374642
-0.0015027962
-0.0016915969
-0.0022109853
-0.00098340774
0.0012496245
0.0020146372
0.0019560905
0.0013081712
0.0014896211
-0.0016859692
-0.0024758555
-0.0023390955
-0.0018227292
0.0014362138
-0.002342606
0.0017943924
0.0012466849
0.0010415655
-0.0010037291
-0.0017138654
-0.0016324697
0.0007687204
-0.0021104342
0.0013789657
0.0024733256
0.00085568274
-0.0022125829
-0.0018394885
-0.0028869718
-0.0011650996
0.0019468283
0.0015530171
0.0031728983
0.00099943921
-0.0029000462
-0.0019336979
-0.0035569212
-0.001276823
0.0026102327
0.0022043055
0.0032304225
0.0015841156
0.0015949473
-0.002947563
-0.0024480724
-0.0034931959
-0.0019024396
0.0026239034
-0.0025089587
0.0021491634
0.0026063706
-0.0023219241
-0.002918328
-0.0019125548
0.0020430699
0.0026686727
0.0014876653
0.0019497279
0.0021573437
-0.0012025363
-0.0031508848
-0.001867762
-0.0024856591
0.00098879247
-0.0029845319
0.0028124476
0.0020913177
0.0022537196
-0.0017803674
-0.0031844532
-0.0023654705
-0.0025993502
0.0015397832
-0.0001525429
-0.00032956133
-0.00036347445
-0.0001859375
8.0388667e-05
4.6672227e-05
0.00020011792
0.00023258595
1.3489107e-05
-1.8998076e-05
0.00013680896
0.00016812366
0.00032087236
0.0002906509
0.00044135767
0.00047065494
0.00038309967
0.00035177196
0.00050063689
0.00053101195
-5.0636821e-05
-8.1279953e-05
7.7032007e-05
0.00010637747
-0.00011078465
-0.00013901078
2.2428356e-05
4.8977942e-05
0.00020657911
0.00018162829
0.00033694398
0.00036051934
0.00026135809
0.00023324729
0.00038598995
0.00041303733
0.00056014603
0.00053389977
0.00067565969
0.00070143536
0.0005093411
0.00048681312
0.00062979584
0.00065166208
0.00083568848
0.00081000708
0.00093573063
0.00096172015
0.00067537851
0.00064568986
0.00078589336
0.00081523223
0.0006163696
0.00058774572
0.00072863625
0.00075690795
0.00089116473
0.00086286552
0.00098928697
0.0010180416
0.00094959312
0.00092020386
0.0010475777
0.0010774759
0.0001610381
0.00031147465
0.00043509882
0.0002870626
0.00046009179
0.00060605009
0.00072403155
0.00058101859
0.00069900779
0.00083903745
0.00095072948
0.00081365095
0.00041051307
0.00055591877
0.00067345177
0.00053083104
0.00074847141
0.0008864518
0.00099800828
0.00086331208
0.001019071
0.0011454023
0.0012501767
0.0011272528
0.0012328644
0.0013526759
0.001452763
0.0013357375
0.00097522918
0.0011067778
0.0012125455
0.0010839499
0.00064747234
0.00078722969
0.0008968028
0.00075990917
0.00092455434
0.0010587853
0.0011629056
0.001031346
