FiniteElementSpace
FiniteElementCollection: ND_2D_P1
VDim: 1
Ordering: 0

-0.027584932
-0.011279983
-0.025119358
-0.014722252
0.026838251
-0.0075708313
0.024130524
0.006901874
0.021512871
0.010357253
-0.022620309
0.013670116
-0.025641751
-0.0037494257
-0.02282078
0.023975189
0
0.021199581
0
0.018602402
0.0034125087
-0.020169516
-0.0031578012
-0.017628346
-0.0063940901
0
0.016121081
0
0.01373201
0.0029454759
-0.015171684
0.0059729611
-0.0096366419
-0.020116563
-0.012808336
0.01896277
0.016468639
0.0090324929
-0.017620933
0.012067648
-0.024236394
-0.015842063
-0.021942736
-0.018689959
0.023512574
0.021100519
0.018637565
0.015023604
-0.019538895
0.017853544
-0.014263946
-0.017059221
-0.01705806
-0.01139367
0.016148697
0.010744648
0.013656483
0.013524054
-0.014532842
0.016270358
-0.012770624
-0.01198821
-0.015458166
-0.010088334
0.011184587
0.0093989297
0.0087584009
0.011975911
-0.0094547184
0.014592854
-0.016156602
-0.018120379
-0.013501691
-0.020727469
0.015356794
0.012751382
0.010118776
0.017223276
-0.010776358
0.019842338
-0.0084892079
-0.01514517
-0.0055948879
0.01403064
0.0052314413
0.011658492
0.0079684332
-0.012704372
-0.0027531849
-0.012794634
0
0.011433233
0
0.0092365465
0.0025664742
-0.010505694
-0.0023753003
-0.0083225927
-0.0048626663
0
0.0071630011
0
0.0052411113
0.0021712362
-0.0062697711
0.0044725812
-0.0074423886
-0.010317853
0.0093692443
0.0071852117
0.0068891503
-0.0080083381
-0.0062896615
-0.005800365
-0.0086548785
-0.0040463614
0.0051320527
0.0035671365
0.0032364998
0.0056248543
-0.0037178871
0.0078367755
-0.0019458182
-0.0043769695
0
0.0035066629
0
0.0020049755
0.0016880319
-0.0026784677
-0.0013786931
-0.0012119419
-0.0030107054
0
0.00079869675
0
0
0.00096585658
0
0.0023382258
-0.0048724534
-0.001780768
-0.0069252894
0.0015219881
0
0.0040039618
0
0.0058994479
-0.016232124
-0.0080214484
-0.018840915
-0.013650736
0.0074941669
0.012613513
0.0049126179
0.015128465
-0.005280385
0.017702115
-0.011117078
-0.0069623874
0.0064041342
0.0041468042
0.0101752
-0.0045401041
-0.0091339735
-0.002213052
-0.011467827
0.0020074535
0
0.0079784067
0
0.010204118
-0.013901514
-0.0025948642
-0.01641647
0.0024060326
0
0.012547177
0
0.014985728
