FiniteElementSpace
FiniteElementCollection: ND_R2D_2D_P1
VDim: 1
Ordering: 0

0
-0.0051985877
-0.039023657
-0.033256745
0.0090659522
0.021043781
-0.025927794
0
-0.014010689
0
-0.029929044
0.04548052
-0.027030754
0.0027073112
-0.027584979
-0.012861169
-0.040643627
-0.039031821
-0.032135142
-0.021737544
0.0019961767
0.028335632
0.0088506807
0.033285829
-0.033863822
-0.032047581
-0.022421431
-0.011106852
-0.028089611
0
-0.016709499
0
-0.0117433
-0.004712722
0.010338606
0
-0.00080695406
0.007488359
-0.0085688633
-0.040368485
-0.040469562
-0.017597689
0.0186561
-0.023912119
-0.035280161
-0.016501204
-0.015118887
0.00047947799
-0.0048878929
0.0015965816
-0.018789663
-0.02880486
-0.022160043
-0.01060198
-0.034948191
-0.040673587
-0.036264717
-0.040809201
-0.037250069
-0.031194857
-0.002345812
-0.015251838
-0.0083295371
0.0056921288
-0.025661523
-0.033018833
-0.028296801
-0.019879168
-0.014070473
-0.0016441769
0.0019626139
0.013763476
0.010533074
0.015372018
0.027235532
0.026514819
0.023748823
0.039723948
0.037535909
-0.02328109
-0.018178296
-0.0084578457
-0.033174728
-0.028749843
-0.030283932
-0.025401627
-0.023935854
-0.01894301
-0.013198791
-0.037021308
-0.037662252
-0.034421293
-0.039880778
-0.036879123
-0.035250291
-0.030384265
-0.02747584
-0.032310772
-0.016898698
-0.0089017352
0
-0.0092441812
-0.019957416
-0.014187774
-0.014007307
-0.022765129
-0.016306979
0
-0.0087727987
0
-0.0084537868
-0.0052674329
0.0043825913
0.0056981826
0.015467407
-0.0084692962
-0.0058146374
-0.009417119
0
-0.0031317665
0
-0.00096267634
-0.0027423029
0.00032945288
-0.00083642495
0.00056386425
0.004050187
0.0054310648
-0.020372539
-0.035490852
-0.036721836
-0.0053154206
-0.023889503
-0.02707219
-0.011288761
0.0061263059
0.020739255
0.031941444
-0.016344223
-0.028757842
-0.027477823
-0.018923686
-0.03595128
-0.037759313
-0.031697342
-0.0091397565
-0.017087239
-0.021476891
-0.0090193874
-0.0080152648
-0.001899573
0.010214188
-0.0093996592
-0.0045117872
-0.0018212169
-0.002247393
0.0024911508
0.0030039718
-0.005927192
0.0016591996
-0.0048129576
-0.0039643615
-0.0068190277
-0.0027336397
0.0075300615
-0.0015681027
0.006740865
0.00039203998
0.0057263234
0.0047911541
-0.0074785119
0.0036662368
-0.0054815472
-0.0078984444
-0.0044559872
0.0084012457
-0.0034721923
0.0080851983
0.0025948566
-0.0087624004
0.0015966133
-0.0083162446
-0.008971017
-0.0025474829
0.0095983959
-0.0016991049
0.0095014566
0.00069044975
0.0091692263
-0.0023874545
-0.0055952095
-0.0037571052
-0.0042612982
0.00092928473
-0.0067245085
0.0021936444
0.0078004149
0.0033240295
0.0067730986
-0.0049814565
0.0055303242
-0.0076349164
-0.00077542561
-0.00048923073
0.00048237714
0.0086012744
-0.0018214864
-0.0096316713
-0.00272496
-0.0089468836
-0.010079769
0.0013265866
0.011037776
0.0020237861
0.010717192
-0.0034646019
0.010156977
-0.0080279799
-0.006038003
-0.0068817785
0.0042982112
0.0050950033
0.0093539832
-0.0069054325
0.008310871
0.003666048
-0.0064468878
0.0034800356
0.0036007364
0.0080102925
-0.006401954
0.0076106715
-0.0065987395
-0.0059312488
-0.0065249119
0.0097223203
-0.0053282723
0.0097675192
0.0093908832
0.0071000054
-0.012516297
0.0064797451
-0.01299813
-0.0046378882
-0.013175442
-0.0028074457
0.0095319987
-0.0019991974
0.0090291778
0.0043279088
0.0036241624
0.0028514131
-0.013048867
-0.0011370444
-0.012627798
-0.010746635
-0.0075647202
-0.0098133931
-0.011423488
0.0056928724
0.012740653
0.0060703161
0.012202809
-0.0079973835
0.011388472
-0.011848691
-0.0040194276
-0.01203175
0.0025539741
0.013048801
0.0028969964
0.013015658
-0.0043661796
-0.014206653
-0.0044785775
-0.014102835
-0.014072507
0.0030302086
0.015081544
0.0029289764
0.015405132
-0.0043198029
0.015507166
-0.013724852
-0.0081865954
-0.013039827
0.0062007988
0.0060489845
0.015322001
-0.0081112326
0.014784233
-0.00077256094
-0.01198472
-0.0012944586
-0.00029607905
-0.011718723
0.00022851064
0.012462027
0.00061753338
0.012859086
-0.0016541551
0.0011946091
-0.011244131
0.00066134228
-0.0019385222
-0.010571381
-0.0013945894
0.011090877
-0.00093801075
0.011869328
0.00023815774
-0.012486228
-6.7896023e-05
-0.013197658
-0.01160416
-0.00057357659
0.012097029
-0.00030282693
0.013078567
-0.00025459276
0.013906048
-0.00121986
-0.016661408
-0.00066043976
-0.017638519
0.00069384325
-0.015637611
0.00038295542
0.016006243
0
0.017090228
0
0.018152239
-0.017022854
-0.0077414055
-0.01666256
-0.016947717
0.0055488186
0.018404645
0.0045591598
0.018887435
-0.0069985906
0.018787416
-0.016584985
-0.0038364969
-0.016044369
0.0025663492
0.016915929
0.0019301803
0.017689799
-0.0029431265
-0.018627933
-0.001627192
-0.019718614
0.00104583
0
0.019281331
0
0.020653212
-0.021067907
-0.0056209457
-0.021499503
0.0026345818
0
0.022668718
0
0.027265697
0.0032701515
-0.0096486386
0.0026641565
0.011360194
-0.0051834995
0.011168443
-0.0059292777
-0.0093586284
0.0087769913
-0.008925821
0.0079001991
0.0107866
-0.010701833
0.01023213
-0.011742155
-0.0083542768
-0.00085223478
-0.017036735
0.00059960354
-0.0025113505
0.019220993
-0.00064480599
0.018598721
-0.0016917683
-0.016838653
-0.0029784741
-0.0039691963
-0.021584579
0
0.021759375
0
0.020379818
-0.00067342269
-0.019698022
0.001822925
-0.018734712
0.0031951671
0
0.019666678
0
0.019175147
-0.0025132489
-0.01805944
-0.0046388524
0.0043135199
-0.016178124
0.0055622881
0.017592595
0.016816104
-0.0064398709
-0.01540638
-0.0080088393
0.0080696574
-0.014691834
0.010127749
0.0057097175
0.016150599
-0.0065728265
0.015520508
-0.0094108471
-0.014014846
-0.011936519
