FiniteElementSpace
FiniteElementCollection: ND_R2D_2D_P1
VDim: 1
Ordering: 0

0
-0.028030454
-0.054302295
-0.037056213
-0.040129734
0
-0.013489402
-0.050019125
-0.019117673
-0.057454294
-0.052861372
-0.054061121
-0.049368035
-0.040369338
-0.044285006
-0.032943433
-0.034544686
-0.045794964
-0.044515649
-0.02201937
-0.028566053
0
-0.0092819649
0
-0.0063392451
-0.016361936
-0.020884197
-0.010380999
0
-0.056515305
-0.04742945
-0.039996968
-0.050087691
-0.031847666
-0.011006314
-0.0078147035
-0.024930422
-0.016341756
-0.004778003
-0.056412729
-0.054064335
-0.055224977
-0.057482849
-0.051917068
-0.052570825
-0.05578571
-0.052352567
-0.048856273
-0.050660699
-0.044389847
-0.039107078
-0.041131129
-0.04629936
-0.047651524
-0.042572117
-0.043364285
-0.048385909
-0.03536605
-0.03687918
-0.030827128
-0.031629977
-0.037696506
-0.03775927
-0.043456007
-0.048456419
-0.052580439
-0.042812178
-0.04783369
-0.027401777
-0.020827851
-0.02419604
-0.030541591
-0.036578749
-0.033226863
-0.0055530541
0
-0.0045743121
-0.010281461
-0.01701208
-0.014395505
-0.0086436454
-0.012165373
-0.017935827
0
-0.0038093468
0
-0.0030574865
-0.0071506991
-0.0099317927
-0.015083833
-0.027036288
-0.029271716
-0.020874995
-0.017329728
-0.023156102
-0.024708601
-0.012060969
-0.013442723
-0.018823314
-0.0056141798
-0.0075619408
0
-0.0022711613
-0.05569878
-0.05377232
-0.051374216
-0.042594527
-0.049015812
-0.045370608
-0.038848402
-0.03412544
-0.040440178
-0.050388354
-0.045517332
-0.025522161
-0.034694039
-0.0049068983
-0.015340991
-0.01311205
-0.004133235
-0.0034048071
-0.010960892
-0.031065915
-0.022329931
-0.018975907
-0.026854528
-0.015313679
-0.0086990112
-0.0026486955
-0.015389273
-0.019682501
-0.01518719
-0.02018663
0.015265169
-0.019079824
0.01508649
0.019158591
0.014810671
0.019788924
-0.014899231
0.020308956
-0.019895769
-0.01452821
-0.020430153
-0.019239213
0.014440353
0.019330263
0.013978239
0.020011959
-0.014076932
0.020559513
-0.015180159
-0.018380632
-0.015023218
0.015148964
-0.017587462
0.015012005
0.017576607
0.014755475
0.018420267
-0.014757983
-0.014816986
-0.016565609
-0.014439059
-0.017571326
0.014956368
-0.015447726
0.014568734
0.015335405
0.014048803
0.016518502
-0.013938811
0.017580002
-0.018463387
-0.014387243
0.014382585
0.013897118
0.018518319
-0.013914003
-0.018592908
-0.0133412
-0.01944011
-0.017610176
0.013303047
0.017668182
0.012603985
0.018694329
-0.012671198
0.019576937
-0.016496215
-0.013321768
-0.015253785
0.013404756
0.015207836
0.012644435
0.016504612
-0.012593506
-0.016547516
-0.011758769
-0.017759165
-0.015200525
0.011775336
0.015232238
0.010803503
0.016627251
-0.010821497
0.017886721
-0.018828953
-0.011905399
-0.019748501
0.011802781
0.010900983
0.019002122
-0.011043468
0.019962301
-0.0201466
-0.013547668
-0.020707028
0.013426699
0.01278754
0.020308827
-0.012942041
0.020882817
-0.020508072
-0.01226089
-0.021097426
0.012061273
0.011246766
0.020753856
-0.011503023
0.021362729
-0.016000724
-0.011390136
-0.015516353
-0.012868362
0.016628517
-0.0097563501
0.016059474
0.009289395
0.015315432
0.011024571
-0.014866692
0.012596871
-0.015188374
-0.014216814
-0.014783332
0.015529586
0.015095108
0.014506621
0.014029962
-0.01423575
-0.019706957
-0.0030673719
-0.018257943
-0.0057284193
0.020625427
0
0.018790953
0
0.017261469
0.0026766204
-0.016910478
0.0051526993
-0.017449143
-0.0079117711
-0.016730265
0.018509589
0.017501689
0.016399396
0.0073504346
-0.015840438
-0.0069634292
-0.014842271
-0.0089381754
-0.0047986624
0.015255068
0.0045731683
0.014076881
0.0067019957
-0.013766057
0.0086867506
-0.0024565726
-0.015619777
0
0.015873363
0
0.01454641
0.002323126
-0.014349806
-0.0022395379
-0.013075347
-0.0044285442
0
0.013236815
0
0.011918978
0.0021875209
-0.011779978
0.004337712
-0.0065285963
-0.012623956
-0.0085160702
0.012863026
0.011608953
0.0064190433
-0.011421882
0.0084084815
-0.01388284
-0.013557092
-0.012380148
0.013781795
0.012220101
0.012936226
0.013780034
-0.012759022
-0.010736768
-0.014077649
0.014437718
0.01345447
0.010524573
-0.013171697
-0.010379297
-0.012164832
-0.01211504
0.012383942
0.011236343
0.010291724
-0.011069303
0.012059946
-0.013722214
-0.011851436
0.01198369
0.010934499
0.013708302
-0.010843255
-0.010252231
-0.0098933716
-0.012049575
-0.0083510695
0.010018927
0.0083335287
0.0087365941
0.010253182
-0.0086442614
0.012077691
-0.0063567032
-0.010162297
-0.0042849309
0.01031118
0.0042602837
0.0089673048
0.0063307694
-0.0088474153
-0.0021570258
-0.010453049
0
0.010577371
0
0.0092025548
0.0021420722
-0.0090879895
