FiniteElementSpace
FiniteElementCollection: ND_R2D_2D_P1
VDim: 1
Ordering: 0

0
0
0
0
0.0436778
0
0
0.04417558
0
0.06767549
0.019599913
0.068304806
0.099191685
0.033675937
0
0.020790202
0.05577382
0.066963333
0.031467716
0.031703849
0.067238148
0
0.0086815016
0
0
0.0088017869
0
0.021245614
0.099330746
0.056451452
0
0.034333483
0.027164404
0.083684299
0.049412969
0.01454384
0.0036262026
0.014829511
0.084076329
0.027758802
0.051551033
0.030754572
0.041855679
0.062418353
0.01684437
0
0.013398431
0
0.010108453
0.024194228
0.032360978
0.050210696
0.084794177
0.070593357
0.092446092
0.05583844
0.076098173
0.037876162
0.040714551
0.058733244
0.025650443
0.025759933
0.04084803
0.058877627
0.038246933
0.056248922
0.017785142
0.022979574
0
0.0069372279
0
0.0040160122
0.011631141
0.014038952
0.0060658806
0.0061168896
0.01411988
0
0.0015736769
0
0
0.0015956374
0
0.0041171628
0.023272495
0.018157844
0.032882032
0.011831631
0
0.007134079
0
0.010398222
0.076468193
0.050820027
0.0711632
0.092776702
0.06311922
0.085216829
0.042555
0.031398197
0.052288521
0.024727278
0
0.013765318
0
0.017258455
0.046103919
0.014907806
0.011633575
0.036758429
0.076984054
0.06272588
0.047903909
0.03290852
0.04817897
0.027415793
0.0084332526
0.0053915583
0.01828059
0.0098323626
0.002696349
0.00062975135
0.0027539763
0.027823525
0.018461644
0.0055399317
0.0086773954
0.063238462
0.077522993
0.04684016
0.037377009
0.011963809
0.015300708
0.0086574465
0.0087063404
0.0074748089
0.011578008
-0.0076335668
0.0057778131
-0.0064283698
-0.0054750224
-0.0053222504
-0.0082461264
0.0063702098
-0.010979322
0.0064612089
0.0028577018
0.0052795168
-0.0051792236
0
-0.0040564685
0
-0.0030257154
-0.0027153823
0.004203372
0.0025985501
0.0032053853
0.0052394675
0
-0.0020755941
0
-0.0012104732
-0.0024903627
0.0022848868
-0.0050265923
0.0078923255
0.0053209247
0.010523594
-0.004290318
-0.0033216631
-0.007585668
0.0043202744
-0.010135188
0.010170232
0.014315534
0.0091892057
0.016858935
-0.0095024878
-0.0084002435
-0.0073294163
-0.013624277
0.008189556
-0.016125665
0.013088603
0.0071865319
0.015544481
-0.0062903295
-0.0052750241
-0.012641366
0.0061826198
-0.015061776
0.012219405
0.0051755566
0.014619536
0.0097619693
-0.0042864853
-0.0093598485
-0.0033339233
-0.011772022
0.0041747436
-0.014155469
0.011254186
0.003198513
0.01361526
0.0088992824
-0.0024412529
-0.0083590178
-0.0016383496
-0.010637417
0.0022815296
-0.012953226
0.0058342234
0.015950261
0.0047449015
0.018222948
-0.0050067483
-0.0039635587
-0.0029376123
-0.015285633
0.003622633
-0.017606265
0.0072816726
0.003368723
0.0048116591
-0.0024242795
-0.0045744679
-0.0016130198
-0.0069522203
0.0024819425
0.0023766937
0.0014507522
0
-0.00044763152
0
0.00019043748
-0.0022508838
0.00072411098
0.0021067168
0.0001287822
0.0043044938
0
0.00067681671
0
0.00098528123
-0.0019427295
-0.00030730874
-0.0039941696
0.0065748611
0.0016815654
-0.00091325246
-0.00035165871
-0.006138911
0.000998225
0.0056389502
0.00046208113
0.0077320719
0.0036426109
4.277112e-05
-0.0032502128
0.00024554819
-0.0050772507
0.00010286139
-0.0070186593
0.0017577331
-0.00055892464
0
0.0010909465
0
0.00097297194
-0.0015529049
-0.00060279503
0.0013286004
-0.00042104129
0.0028196589
0
0.00061403361
0
0
-0.0010846072
0
-0.0023516278
0.0044572941
-5.6689224e-05
0.0062263623
0.00023595326
0
-0.00378324
0
-0.0053623222
0.014437926
0.0025201536
0.01676716
0.01214638
-0.001978974
-0.011190724
-0.0011403798
-0.013398609
0.001508938
-0.015676892
0.0099058654
0.0014640981
-0.0009621568
-0.00044608185
-0.0090609496
0.00078980834
0.0081119217
0.00029345709
0.010101607
-0.00011906987
0
-0.0070728394
0
-0.0088997975
0.012184856
0.00065340726
0.014357259
-0.00047015288
0
-0.010830919
0
-0.012857328
0.0074595612
0.02038288
0.0063961009
0.022369331
-0.0066541359
-0.0055542917
-0.0043542857
-0.019881062
0.0051584347
-0.022055139
0.0089218155
0.024103272
0.008129504
0.025509317
-0.0082267031
-0.0072663103
-0.0060571339
-0.024048706
0.0070623099
-0.025736487
0.023751316
0.005572206
0.025886785
0.021460504
-0.0045792487
-0.020445788
-0.0029379456
-0.02294782
0.0036903762
-0.025521473
0.019115691
0.0037800047
-0.0031102711
-0.0019104129
-0.018025135
0.0023723287
0.016620761
0.0010750772
0.018992538
-0.00085114449
0
-0.014977294
0
-0.017200093
0.021509373
0.0017126995
0.024248468
-0.0013482552
0
-0.01955726
0
-0.022121381
