FiniteElementSpace
FiniteElementCollection: RT_R2D_2D_P0
VDim: 1
Ordering: 0

0.0051516207
0.0018933392
0.0052647721
0.0017801879
-0.0060361027
0.0010392305
-0.0051819939
-0.001287434
-0.0049675141
-0.0015019139
0.0044749629
-0.0022917231
0.0059846519
0.00070055584
0.0056459772
-0.0063488737
0
-0.0056483178
0
-0.0050888701
-0.00055944771
0.0049179909
0.00065249995
0.0044830373
0.0010874535
0
-0.0044363702
0
-0.0038599904
-0.00057637979
0.0038183909
-0.0012410261
0.0018087143
0.0043335325
0.0019501446
-0.0042462533
-0.0039008065
-0.001586473
0.0036312973
-0.0022887082
0.0041847122
0.0026034801
0.0046045547
0.0021836377
-0.0052825392
-0.004459247
-0.0045866803
-0.0021642898
0.0038568394
-0.0029120051
0.0026906167
0.003986138
0.0025613181
-0.0038462081
-0.0037476673
-0.0023872491
0.0032814722
-0.0030919149
0.0027373492
0.0032068534
0.002811968
0.0020568406
-0.0030671587
-0.0022530589
-0.0028228891
-0.0024973284
0.0025468457
-0.0031573361
0.0026826508
0.0023235757
0.0029059208
0.0020566804
-0.0021969188
-0.0021159288
-0.0018565227
-0.0024563249
0.001718312
-0.0030615885
0.0023030087
0.0035479311
0.0022377216
0.0036132182
-0.0027056384
-0.0020636281
-0.0018446684
-0.0032805482
0.0016114333
-0.0039068365
0.0017730565
0.0033475133
0.0011138863
-0.0032416363
-0.0011916936
-0.0028249237
-0.0016084061
0.0027028605
0.00062836754
0.0033328722
0
-0.0032316229
0
-0.0026608642
-0.00057075861
0.0027119372
0.00058559275
0.0022143322
0.0010831977
0
-0.0020752715
0
-0.0015471319
-0.00052813958
0.0016540312
-0.0010884406
0.0016879369
0.002334117
-0.0022201846
-0.0017765108
-0.0015321144
0.0017503026
0.0015050139
0.0013404884
0.0019148281
0.00097184718
-0.0012433441
-0.00090066488
-0.00081588412
-0.0013281249
0.00083345618
-0.0018351571
0.00050498436
0.0011871684
0
-0.0010421476
0
-0.00060792065
-0.00043422691
0.00072073041
0.00036525933
0.00033694485
0.00074904489
0
-0.00024266132
0
0
-0.00024266132
0
-0.00057960616
0.0011875435
0.00042050714
0.0016004925
-0.00037738553
0
-0.00095699169
0
-0.0013774988
0.0033881885
0.0013803906
0.0036192312
0.0028057598
-0.0012622397
-0.0027651786
-0.00092366464
-0.0031037536
0.00082513553
-0.0036590086
0.0024751079
0.0013876601
-0.0012962429
-0.00090017205
-0.0022312279
0.00085370949
0.0020819999
0.00045302409
0.0024826853
-0.00041866469
0
-0.0017961635
0
-0.0022491876
0.0029851168
0.00046168724
0.0033485651
-0.00042123316
0
-0.0026704208
0
-0.003132108
0.0020262724
0.0042713076
0.0021382524
0.0041593276
-0.0025322758
-0.0018741864
-0.0017959277
-0.0039850952
0.0014772381
-0.0046461096
0.0017559211
0.0048413787
0.0020905921
0.0045067077
-0.0023603514
-0.0016783004
-0.0017795091
-0.0045449008
0.001365908
-0.0052695849
0.0050110987
0.0014458697
0.0049311369
0.0043366864
-0.0011050968
-0.0045127492
-0.00094872745
-0.0046691185
0.00074762406
-0.0053673642
0.0042304537
0.0013710054
-0.0011847052
-0.00092396405
-0.0039197498
0.00077800598
0.0038678211
0.00046715025
0.0041786768
-0.00040470801
0
-0.003536816
0
-0.0040039663
0.0047420812
0.00050508551
0.0049846198
-0.00038532308
0
-0.0043892893
0
-0.0048943749
-0.001516253
-0.0015731693
-0.001719888
-0.0016659162
-0.0016300271
-0.0016862949
-0.001824776
-0.0017729877
-0.0019029583
-0.0019501298
-0.0020622865
-0.0020198256
-0.0018034653
-0.0018539402
-0.0019750776
-0.0019284132
-0.0014033051
-0.0014596123
-0.0016114213
-0.0015566106
-0.0016994375
-0.0017518765
-0.0018801734
-0.0018306522
-0.0019494676
-0.0019957548
-0.0020982619
-0.00205536
-0.0021480071
-0.0021874947
-0.0022634212
-0.0022272863
-0.0020636479
-0.0021066165
-0.0021889912
-0.002148902
-0.0020404008
-0.0020830879
-0.0021778525
-0.0021392067
-0.0021234673
-0.0021611722
-0.0022467909
-0.0022138384
-0.0022909809
-0.0023192354
-0.0023787172
-0.0023550578
-0.0022247312
-0.0022593519
-0.0023276942
-0.0022970187
-0.0023562538
-0.0023831161
-0.0024259803
-0.0024027557
-0.0024063542
-0.0024255679
-0.0024602364
-0.0024452758
-0.0024723435
-0.0024832853
-0.0024953861
-0.0024881882
-0.0024369679
-0.0024567683
-0.0024760723
-0.0024594478
-0.0022205619
-0.0022579236
-0.0023135919
-0.002278752
-0.002293258
-0.0023261678
-0.002376009
-0.00234615
-0.0023863374
-0.0024133529
-0.0024387256
-0.0024143204
-0.0023237904
-0.002356341
-0.0023866521
-0.0023561482
-0.0019741113
-0.002019389
-0.0021073606
-0.0020647154
-0.0018812343
-0.001928012
-0.0020212542
-0.0019772302
-0.0020586406
-0.0021002279
-0.0021648136
-0.0021251828
-0.0021413226
-0.0021815573
-0.002242042
-0.0022039194
-0.0022527777
-0.0022891089
-0.0023232314
-0.0022883877
-0.0021770442
-0.0022152542
-0.002252076
-0.0022148063
