FiniteElementSpace
FiniteElementCollection: ND_2D_P1
VDim: 1
Ordering: 0

0.0016564045
-0.00036746303
0.0026014041
-0.0013304447
-0.0051052735
0.00067385052
-0.0061035551
0.002448787
-0.0068328523
0.0033259086
0.0033048659
0.00410016
-0.006444972
0.0037496628
-0.0070394161
-0.005721882
-0.0072759996
0.0091176899
-0.0074215024
0.0096986782
0.0039234565
0.01012362
-0.0019493776
-0.0037649733
0.00049614891
-0.0042839777
0.0064354572
0.0027691372
0.0084446285
0.00066957062
-0.0058929913
-0.001528752
0.0006684999
-0.0076792025
0.0026245631
-0.0012015139
0.01009364
-0.00040701253
0.011355592
-0.002054533
-0.0090946738
-0.0037744142
-0.018863425
-0.0017098075
-0.019159696
-0.00056985694
0.02151107
-0.0027105909
0.021594106
0.00046051
0.021221299
-0.00042678475
-0.019009911
-0.0014287336
0.002514138
-0.018427803
0.0033996685
0.001714502
0.020413645
-0.0037945709
0.019202028
-0.0045349029
-0.017437351
-0.0053286491
0.0034776465
-0.010117403
0.0049686071
0.0020439951
0.012211193
-0.0036970512
0.012649084
-0.004926976
-0.010732617
-0.0061973548
-0.013755677
0.00068814537
-0.014435567
0.016267995
0.016762175
0.016819746
-0.002525058
-0.014688163
0.0043521485
-0.014515097
0.0053547183
0.016448054
0.01566428
-0.0061579095
-0.013926909
-0.0070074974
0.0063923921
-0.010932764
0.0074513039
0.012665895
0.01226606
-0.0078654443
-0.010717152
-0.0087222581
0.0086963486
0.005190315
0.0062580962
0.010802204
-0.0061253553
-0.011035653
-0.0082083337
-0.0091490113
0.007492739
-0.0069296391
0.0096654477
0.0094963932
0.0076662351
0.011331611
-0.0099903665
-0.011683108
-0.01144444
-0.010237865
0.011171683
-0.0084593617
0.0062300451
0.0053635856
0.0086754025
0.0027930607
-0.0068306844
-0.0090557048
-0.010952095
-0.0063746134
0.010791896
-0.0040167373
0.01254756
0.0071052869
0.013911166
-0.0081211672
-0.013714284
-0.0097671513
-0.01256382
0.0089692729
0.011763568
0.012956349
0.012652092
0.012082535
-0.012121268
0.013468435
-0.012794957
-0.013483588
-0.0131216
-0.013178915
0.013184239
-0.012521248
0.0074331385
0.012551389
0.0052876025
0.0093001467
-0.01249405
-0.010179504
-0.013662191
-0.0085295761
0.013932543
-0.0065952411
0.010857992
0.012495164
-0.012549747
-0.013291517
-0.01151699
0.01344953
-0.0075929524
0.00087137145
-0.0058415018
-0.0089747333
-0.0023304402
0.011292568
-0.00070911194
0.010060979
-0.00097110168
0.0084429411
-0.0099652025
0.0038292461
-0.010549914
-0.0053562954
0.01252859
-0.0041491428
0.012118774
0.0024202057
-0.014404525
0.0010804862
-0.013751371
-0.014631279
-0.0029907794
0.016827147
-0.0018987177
0.016793494
-0.00017014319
0.016323677
