FiniteElementSpace
FiniteElementCollection: ND_R2D_2D_P1
VDim: 1
Ordering: 0

0
0
0
-0.028152093
-0.038198634
0
-0.014081542
0
0
-0.015149516
-0.020303568
-0.0070659372
-0.033550524
-0.023451157
-0.029844273
0
-0.0100987
0
-0.0068360125
-0.017263838
-0.021326008
-0.010670736
-0.01111272
-0.022004208
0
-0.0032631886
0
0
-0.0034137201
0
-0.0077287259
-0.03353901
-0.011910646
-0.008489879
-0.025785155
-0.016422136
-0.0050831833
-0.0014858002
-0.0055467523
-0.029004966
-0.022149255
-0.025462728
-0.032033505
-0.0060781553
0
-0.0050589849
-0.011155629
-0.018229003
-0.015442325
-0.0093971137
-0.012996804
-0.018986867
0
-0.0042192965
0
-0.0033691018
-0.0077398166
-0.010513718
-0.015831829
-0.034466284
-0.028104491
-0.030023458
-0.036235998
-0.021781564
-0.01786906
-0.023798803
-0.025004352
-0.031177163
-0.019070901
-0.019396509
-0.025362303
-0.012496578
-0.01364394
-0.0089455218
-0.0091353848
-0.013908916
-0.013240427
-0.018801807
-0.0060144262
-0.0078887011
0
-0.0024740781
0
-0.0015528953
-0.0042033138
-0.005148317
-0.0023719836
-0.0024260063
-0.0052635454
0
-0.0006706962
0
0
-0.00068554112
0
-0.0016614879
-0.0084026412
-0.0066839814
-0.011581851
-0.0044922674
0
-0.0027647392
0
-0.0039086283
-0.026953256
-0.0054132997
-0.016469726
-0.014054439
-0.0045834985
-0.0037678136
-0.011670535
-0.032059854
-0.023416853
-0.019699051
-0.02737515
-0.022107462
-0.015680005
-0.01134107
-0.016261836
-0.0091529895
-0.0029066692
-0.0020016361
-0.0064850255
-0.003749575
-0.0010941589
-0.00028420813
-0.0011444712
-0.00992935
-0.0067736001
-0.0021908425
-0.0033148995
0.0020366069
0.013417183
0.0018896428
0.015280827
-0.0020622338
0.011341522
-0.0018051018
-0.010759775
-0.0014984758
-0.012901941
0.0016922854
-0.014836701
0.0017880776
0.0032219103
0.00069243699
0.0063351938
-0.00056537024
0
0.00061485551
0
0.0014214343
-0.0028533252
-0.00014866804
-0.0057181162
0.0020914588
0.0090201086
0.0016740383
-0.0020991595
-0.0013853907
-0.00070685434
-0.0083769025
0.001208204
0.007849671
0.00075340894
0.010235136
0.0052810442
-0.0001290324
-0.0049547748
0.00033600142
-0.0074224987
0.00034631217
-0.009774612
0.0026175616
-0.00077999255
0
0.0019843224
0
0.0023687436
-0.0024490058
-0.0012432783
0.0023184995
-0.0015677362
0.0046970961
0
0.0026114121
0
0.0027337119
-0.002210188
-0.0017736743
-0.0044827937
0.0070695891
3.5555783e-06
0.0093723857
0.00069284755
0.00094926087
-0.006768575
-0.00026901697
-0.009016751
0.0020059045
0.016213509
0.0019086683
0.01783455
-0.0018504676
0.014408376
-0.0016931254
-0.013999564
-0.0015055136
-0.015858275
0.0017731764
-0.017543547
0.012418081
0.0014598494
-0.0011681368
-0.00084173425
-0.011970914
0.0012094197
0.011561143
0.00095734002
0.013611823
-0.00054047172
-0.00027772954
-0.011184867
0.00071739056
-0.013243865
0.015512437
0.0016066157
0.017254468
-0.0012991361
-0.0010850624
-0.015175228
0.0014169721
-0.016965857
0.014844167
0.0012126032
0.016674929
0.012892177
-0.00087336678
-0.012551863
-0.00067266795
-0.014515819
0.0010017867
-0.01637839
0.010835235
0.00050000105
0.0086952454
-6.1193856e-05
-0.0083967446
0.00010483292
-0.010504367
0.00031256229
0.010184596
0.00016033424
0.012217281
0.0081115287
0.00021826704
-0.0078314019
0.00027819294
-0.0098687012
4.6795074e-05
-0.011882862
0.014185968
0.00079269854
0.016072113
-0.00049010909
-0.00033145513
-0.01385034
0.00059295327
-0.015752356
0.0065025883
-0.00047015533
0.0042953407
0.0011129573
-0.0041239336
0.00118965
-0.0062584882
-0.00060086091
0.0021153132
-0.0018740272
0
0.002748695
0
0.0026636707
-0.0020276886
-0.0018775197
0.0019432506
-0.001789034
0.0039603213
0
0.0024822451
0
0.0022046559
-0.0018582622
-0.0016112067
-0.0037981741
0.0060264723
-0.00066245534
0.0011838008
0.0010982219
-0.0057982544
-0.00065660152
0.005566752
-0.00058493084
0.0075489915
0.0036314483
0.00093499253
-0.0034539921
0.0006957126
-0.0053250253
-0.00044947604
-0.0072574981
0.0017693351
-0.0013443648
0
0.0018281225
0
0.0013458983
-0.0016721189
-0.00098738461
0.0015601249
-0.00053841757
0.0032582276
0
0.00074516327
0
0
-0.0014197794
0
-0.0030345853
0.0050658586
-0.00025310719
0.0069502796
0.00038265472
0
-0.0047812783
0
-0.0066204076
0.013504922
0.00040924118
0.015415958
0.011543342
-0.00020111115
-0.011193752
-0.00010183489
-0.013146262
0.00024711769
-0.015060503
0.0095501276
-2.6024929e-05
0.00028471658
0.00023891031
-0.0092228259
-5.7345748e-05
0.0088809085
-4.7983663e-05
0.010829619
0.00014281954
0
-0.0085187387
0
-0.010446371
0.012771093
0.00011008491
0.01468466
-3.5030003e-05
0
-0.01237679
0
-0.01428731
