FiniteElementSpace
FiniteElementCollection: RT_R2D_2D_P0
VDim: 1
Ordering: 0

-0.051214722
-0.020930269
-0.058736741
-0.01340825
0.061809751
-0.013919186
0.054798668
0.02235164
0.061428277
0.015722031
-0.051534378
0.022924394
-0.023872279
-0.05683379
-0.018572866
-0.015388234
0.052944232
0.02173666
0.05614155
0.018539342
-0.048749308
0.026623824
-0.052394885
-0.0057077328
-0.049381677
-0.0087209406
0.051691257
0
0.045983524
0
0.041480234
0.0045032904
-0.042969348
0.010915619
-0.005349916
-0.039185219
-0.009134045
0
0.036130318
0
0.031471086
0.004659232
-0.033304469
0.010539982
-0.044504787
-0.015905293
-0.042671888
-0.017738192
0.046293053
0.039521805
0.036230059
0.013831728
-0.035717646
0.020785971
-0.043547222
-0.030208466
-0.047475956
-0.026279733
0.052184172
-0.02236218
0.044337885
0.028768327
0.046487723
0.02661849
-0.039760339
0.034334107
-0.024891186
-0.051278314
-0.016467559
0.047717924
0.020918558
0.047911969
0.020724513
-0.0432345
-0.025390452
-0.043411558
-0.025213394
0.040259709
0.038654334
0.022391345
-0.035821535
0.029981369
-0.033072395
-0.041707535
-0.031125198
0.038628722
0.0387816
0.029828491
-0.033931959
0.037604067
-0.0346028
-0.034074379
-0.03446038
-0.027051336
0.031230137
0.030187218
0.029783196
0.031634159
-0.026546382
0.039162156
-0.025562161
-0.03433236
-0.018522361
0.031614534
0.020334967
0.02882498
0.02312452
-0.027269662
-0.024838298
-0.024551106
-0.027556854
-0.018410413
0.022397096
0.019010492
0.018817093
0.022590494
-0.018148524
0.028993076
-0.034593163
-0.025079008
-0.036060536
0.022746888
0.019993437
0.031746527
-0.018117888
0.038707647
-0.015549099
-0.032744383
-0.0093519543
0.030032915
0.010102492
0.026166463
0.013968943
-0.026378359
-0.0051545781
-0.029107093
0
0.026316508
0
0.021691319
0.004625189
-0.02362979
-0.0047982211
-0.019333926
-0.0090940856
0
0.016893098
0
0.012604969
0.0042881283
-0.014413833
0.0092082213
-0.014748839
-0.022716785
0.02051171
0.016431413
0.013288518
-0.016994811
-0.013125043
-0.01300204
-0.017117814
-0.0081683196
0.01147469
0.0076098883
0.007541207
0.011543371
-0.00806544
0.016479971
-0.0041284646
-0.010373978
0
0.0084765046
0
0.0049501248
0.0035263798
-0.0062904694
-0.0029721624
-0.0029461848
-0.006316447
0
0.0019779624
0
0
0.0019779624
0
0.0049241472
-0.010378462
-0.004065052
-0.014378849
0.0034791925
0
0.0084033397
0
0.012468392
-0.032731946
-0.015216365
-0.035633469
-0.026439776
0.013701267
0.026113319
0.009910536
0.02990405
-0.0091349117
0.035985503
-0.022817653
-0.014526401
0.013117254
0.0090751228
0.020522103
-0.008935185
-0.019241191
-0.0047112199
-0.023465156
0.0042127811
0
0.016681173
0
0.021392393
-0.028846536
-0.0050424863
-0.032938961
0.0045291566
0
0.025921549
0
0.030964036
-0.025608926
-0.047973348
-0.029459193
-0.04412308
0.03359984
-0.040295752
0.025922244
0.046815446
0.028020061
0.044717629
-0.021679601
0.052497221
-0.024559419
-0.043579354
-0.024732758
-0.043406015
0.029363061
0.021844244
0.020284157
0.040267734
-0.01720223
0.047798262
-0.051353642
-0.02412411
-0.048909133
0.020072434
0.020263387
0.047607308
-0.015847333
0.055884086
-0.0088458876
-0.03867519
-0.0051986439
-0.042322433
0.010273321
0.0045370928
0
0.035501128
0
0.040699772
0.00073273609
0.00075371261
0.00063883574
0.00062893308
0.00053157316
0.00053409579
0.0004457103
0.00044603782
0.00035396438
0.00034305494
0.00032562669
0.00032819465
0.00032407746
0.00032877712
0.00034869698
0.00033805006
0.00031394383
0.00031956265
0.00032717268
0.00031494327
0.00035576428
0.0003693477
0.00031520241
0.00029909225
0.00037660614
0.00037764583
0.00033123066
0.00032576608
0.00029430648
0.00030592667
0.00030017369
0.00028175965
0.00025687813
0.00027814782
0.00025877361
0.00023060411
0.00022086484
0.00025669975
0.00027068547
0.00022742644
0.000286756
0.00031172674
0.00033770584
0.00030716452
0.00034007998
0.00037463102
0.00041845695
0.00038184622
0.00024915214
0.00029862049
0.00033743919
0.00028384181
0.00033256439
0.00035038256
0.00038537253
0.00036338662
0.00036631353
0.00038144911
0.00042283283
0.00040483375
0.00044933613
0.00046854444
0.00051428003
0.00049548803
0.00040351721
0.00042801823
0.00047397404
0.00044870936
0.00049451969
0.00051890044
0.00055871889
0.00053659334
0.00053908757
0.00055602878
0.00059032574
0.00057636889
0.00060430608
0.00061460878
0.00062757322
0.00062097275
0.00057098513
0.00058994676
0.00061003112
0.00059451637
0.00032804991
0.00038312424
0.0004308618
0.0003771068
0.00042813272
0.00046473862
0.0005088779
0.00047417744
0.00051514966
0.00054647896
0.00057373172
0.00054658738
0.0004254464
0.00047541845
0.00051165988
0.00046720999
2.0501405e-05
7.7925799e-05
5.4694995e-05
-1.5196848e-05
0.0001235001
0.00019088272
0.00021983228
0.0001445609
-3.6316152e-05
4.7372922e-05
5.7801026e-05
-3.9690906e-05
0.00028616704
0.00036313844
0.00041121594
0.00034134439
