FiniteElementSpace
FiniteElementCollection: ND_R2D_2D_P1
VDim: 1
Ordering: 0

0
0
0
0.036936026
0.043452614
0.037181408
0.034837393
0
0.024514562
0
0
0.019487106
0.032883272
0.011719477
0.022079353
0.041940552
0.03839112
0.038101859
0.034777344
0.040925964
0.019028387
0
0.013552786
0.029451864
0.032369311
0.018403124
0.016264879
0.029114631
0
0.0061166665
0
0
0.0052653203
0
0.0093203829
0.031325043
0.021357519
0
0.041055786
0.016636684
0.037906082
0.024878523
0.0099316979
0.0025856371
0.0075785023
0.031160875
0.010435451
0.037683232
0.035559805
0.039147048
0.040265919
0.034429962
0.037936896
0.041667962
0.010189503
0
0.0087943716
0.018049109
0
0.007081911
0.015245672
0.023702374
0.01947529
0.02729027
0.043069927
0.039994528
0.040654846
0.043359297
0.03159201
0.034433714
0.028973393
0.035589812
0.035207085
0.040008879
0.02893554
0.027384028
0.033454183
0.021654096
0.021990718
0.015134896
0.014192557
0.020723583
0.0181143
0.024547503
0.011830711
0.01443667
0
0.0051177966
0
0.0030833694
0.0080439632
0.0090492662
0.0042915845
0.0039619276
0.0084320418
0
0.0012395409
0
0
0.0011250623
0
0.002425444
0.01189887
0.008558009
0.014442
0.0065046983
0
0.0035861749
0
0.004484504
0.038227153
0.035317461
0.031593485
0.034892052
0.030521292
0.020671985
0.026616699
0.021961286
0.027196485
0.0099983579
0
0.0050831233
0.038385297
0.038504193
0.0094643781
0.0079443451
0.021607139
0.042052893
0.03620409
0.031773569
0.038104389
0.03141642
0.025535663
0.018079009
0.022777305
0.016973045
0.0061032331
0.0040844533
0.011714696
0.0064033425
0.0021126328
0.0004981215
0.0017753612
0.013245474
0.010238258
0.0030239697
0.0040575818
0.035218289
0.025683393
0.026931582
0.0047996179
0.017376795
0.0056859813
0.018785115
0.0053337555
-0.01887103
0.0060596916
-0.020225886
-0.0044031281
-0.0209754
-0.0042596637
0.019720041
-0.0040315727
0.0026651428
0.020118161
0.0025945645
0.0025665416
-0.021080091
-0.00090985121
-0.020691983
-0.0010830117
0.020016755
-0.0011126456
0.021584726
-0.00031004607
0.020592595
-0.00044941557
-0.021566557
0
-0.020578437
0
-0.019412123
0.00054867966
0.019444236
0.00095404439
-0.00074516491
0.018106721
-0.0013627175
0
-0.01804827
0
-0.016488723
0.00091663763
0.016575648
0.0017169315
0.019269552
-0.001856214
0.018020679
-0.002236319
-0.01940055
-0.018099647
-0.016602906
0.0023975369
0.016568794
0.0029616259
0.018337892
-0.00034489501
0.018242944
-0.00043389687
-0.019215673
-0.00030446366
-0.018926537
0.0015890023
-0.018276277
0.0016664471
0.017759813
0.0017525398
-0.00032275592
0.019517781
-0.0003904808
-0.019986985
0.0014018648
-0.019039824
0.0015095157
0.018707462
-0.0025223653
0.017629716
-0.0027358989
-0.017865171
-0.016470703
0.003416246
0.016308323
0.0037733093
-0.0028983292
0.016932339
-0.003025428
-0.017316526
-0.016082879
0.004045373
0.015799912
0.0042452505
-0.0051249834
0.01439812
-0.0054187687
-0.0047307786
-0.014605155
0.0056287391
-0.012912821
0.0061516808
0.012763209
0.0065551782
-0.0042297341
0.014763845
-0.0036155637
-0.014870148
0.0042195008
-0.01308249
0.0049847326
0.0130205
-0.0056934617
0.011104836
-0.0064772331
-0.0047839688
-0.011132598
0.0053148581
-0.0090480813
0.0063609361
0.009046119
0.0072801153
-0.0071327806
0.010932092
-0.0076573002
-0.011037451
-0.0090102129
0.0080675966
0.0089412285
0.008719611
-0.0028848257
0.014921724
-0.0020361091
-0.014918634
0.0023309186
-0.013064149
0.0033336806
0.013097431
-0.0010725142
0.014860768
0
-0.01474873
0
-0.012851139
0.00121673
0.012982414
-0.0013521177
0.010966591
-0.0026064455
0
-0.010824835
0
-0.0087024664
0.001479829
0.008844343
0.0028660164
-0.0037531255
0.011119295
-0.011064365
-0.008948158
0.0041473468
0.0090157614
-0.0045194412
0.0068177912
-0.0058150393
-0.0031114122
-0.0067482072
0.003344651
-0.0044991468
0.0048715877
0.0045590672
0.0062873407
-0.0016010892
0.0066494861
0
-0.0065198589
0
-0.0043149784
0.0017168144
0.004418452
-0.0018284833
0.0021890345
-0.0035678166
0
-0.0021277182
0
0
0.0019384932
0
0.0037843205
-0.0052066434
0.0022745197
-0.006734515
-0.002237442
0
0.0055281814
0
0.0071604639
-0.0089528064
0.0068230304
-0.0097310778
-0.0080376707
-0.0068621397
0.0087509184
-0.0046233306
0.0097856735
0.0046072707
0.010683313
-0.0069900846
0.006874217
-0.0068596085
-0.0045992985
0.0075828476
0.004620669
-0.0081422705
0.0023179478
-0.0094219275
-0.0023011996
0
0.0086719977
0
0.010054624
-0.010567341
0.0023226198
-0.011573967
-0.0023251254
0
0.011301397
0
0.012407133
0.014301357
-0.0057719089
0.013283295
-0.0057440076
-0.01470615
-0.0057340819
-0.013579778
0.0070095654
-0.012141546
0.0070668717
0.0119232
0.0070221876
0.012365531
-0.0080479397
0.010625402
-0.0082998103
-0.012577385
-0.010792632
-0.0088397398
0.0092309313
0.0087079197
0.0095940843
-0.0084080866
0.010264081
-0.0083717124
-0.010442606
-0.0085499078
0.00979546
0.0083782486
0.0098161651
0.0045133175
-0.012439909
0.0022864373
-0.01316591
-0.0045713484
-0.0023102031
0
0.013368574
0
0.0141857
