FiniteElementSpace
FiniteElementCollection: ND_R2D_2D_P1
VDim: 1
Ordering: 0

0
0
0
-0.048709713
-0.050830219
-0.031222682
0
0
-0.027998625
0
-0.038857528
-0.015821443
-0.03426841
-0.052541891
-0.051885129
-0.047984735
-0.022648346
0
-0.016865012
-0.036361383
-0.041946033
-0.024089544
-0.022689337
-0.040096198
0
-0.00791493
0
0
-0.0074225452
0
-0.014059032
-0.03648249
-0.031716866
0
-0.017951251
0
-0.053547984
-0.020332501
-0.047075178
-0.033430617
-0.012570209
-0.0034717416
-0.011077474
-0.04420005
-0.016281189
-0.019715915
-0.053783088
-0.051524071
-0.050939852
-0.053759578
-0.031942501
-0.02179661
-0.029137408
-0.038234282
-0.010654284
0
-0.0086789368
-0.018810828
-0.024546362
-0.03425277
-0.050403779
-0.048381522
-0.050680712
-0.052661222
-0.042637713
-0.037241103
-0.045212598
-0.046020069
-0.027964573
-0.029190088
-0.038205756
-0.020106343
-0.019497958
-0.028366724
-0.037262417
-0.025657503
-0.034542858
-0.014846482
-0.01860968
0
-0.0063425667
0
-0.0038843807
-0.010285693
-0.011982918
-0.0056424898
-0.0054638167
-0.011608274
0
-0.0016103486
0
0
-0.0015580809
0
-0.0035268731
-0.01696633
-0.012714447
-0.02124589
-0.0093487127
0
-0.0054048497
0
-0.0069713626
-0.04265004
-0.03019605
-0.038675695
-0.033335919
-0.024387133
-0.017294006
-0.026757411
-0.015338193
0
-0.0081674247
0
-0.0091018286
-0.035757172
-0.019043579
-0.029313596
0
-0.010208814
-0.052856526
-0.030561915
-0.0096831309
-0.026916918
-0.050917227
-0.040129481
-0.048694648
-0.03335363
-0.024388692
-0.031592751
-0.021628664
-0.0075177527
-0.0050966175
-0.015285989
-0.0086290447
-0.0026943937
-0.00066594788
-0.0025250811
-0.019176419
-0.014353558
-0.004480729
-0.0062104334
-0.036655761
-0.025430135
-0.022827568
-0.0075753672
-0.0085860104
-0.027534791
-0.0094296151
0.016357582
0.0098973987
0.015666931
0.010343913
-0.016860756
0.0092224414
-0.015960865
-0.0080160282
-0.014746718
-0.0088100957
0.014641639
-0.0094079496
0.020462913
0.005280284
0.018644751
0.007183988
-0.019856494
0.0032612966
-0.017814474
-0.0024572696
-0.015900074
-0.0040707061
0.016789186
-0.0057371482
0.014786934
0.00078422826
0.013049611
0.0018415204
-0.013562499
0
-0.011964594
0
-0.010400042
-0.00054430438
0.011362405
-0.001331445
0.0031217331
0.014939278
0.0045271184
-0.014064937
-0.012278253
-0.0023339339
0.013102976
-0.0034921192
0.018455471
0.010832914
0.018050542
0.011440895
-0.01924944
0.0099488541
-0.018580789
-0.008571551
-0.017535458
-0.0096010612
0.017268169
-0.010372975
0.017593495
0.0059306782
0.016017449
0.0072200985
-0.017361311
-0.015603759
-0.01378718
-0.0047219407
0.014293559
-0.0059319238
0.0083266678
0.016148722
-0.016185404
-0.014608857
-0.0070467163
0.014748606
0.003623683
0.012478934
0.0047145816
0.0025784164
-0.011943069
-0.0017473248
-0.010093029
-0.0026089518
0.010614727
-0.0035598897
0.0016558784
0.0087331958
0.0024567323
0.00097461789
-0.0082573889
-0.00024526074
-0.0064559611
-0.00075041517
0.0068632102
-0.0013955014
0.011351793
0.003335042
0.0094692295
0.0042483123
-0.011035289
-0.0091388908
-0.0072232223
-0.0021492187
0.0075310558
-0.0029769475
0.0016466264
0.011282819
0.00088534701
-0.010528627
-0.00047980014
-0.0088162133
-0.0010250196
0.0094861289
0.000330943
0.0097139
0
-0.0088684554
0
-0.0073778513
-0.00013527869
0.0081069929
-4.7981733e-05
0.0065508981
0.00010277117
0
-0.0059409088
0
-0.0045714752
0.00022087235
0.0050589393
0.00025255546
0.00044827741
0.0077240318
-0.0071498715
-0.0055421827
9.4535926e-05
0.0060117261
-0.00060918687
0.0043657666
-0.00044829771
-0.00058861015
-0.00400834
0.00090566818
-0.002563582
0.001097033
0.0028037913
0.0011093114
-0.0003842843
0.003645037
0
-0.0032831661
0
-0.0020874534
0.00053743226
0.002322956
-0.00067846804
0.0011045759
-0.0012014551
0
-0.00099240264
0
0
0.0008029966
0
0.0014714627
-0.0015568323
0.0013429838
-0.0017372493
-0.001222844
0
0.0019846143
0
0.002329105
0.00098857946
0.0055799384
0.0017102829
0.00037088671
-0.0053226488
0.00061939248
-0.0034673747
0.00014479497
0.0036535145
-0.00045600758
-0.00011592709
0.0050308579
-0.0047094412
-0.0030380755
0.00094647649
0.0032609949
-0.0017414387
0.0015767482
-0.0015744983
-0.0014618947
0
0.0024982111
0
0.0024917215
-0.0012477241
0.0017840777
-0.00077744132
-0.0016848681
0
0.0023158063
0
0.0019824068
0.011730301
0.0051567182
0.0099422859
0.0060255611
-0.011575326
-0.0097308543
-0.0077893051
-0.003845808
0.0080120243
-0.0047258889
0.0084739304
0.0042443037
0.006416103
0.0051504673
-0.0082258466
0.0033592965
-0.0061928685
-0.0019474025
-0.0041065771
-0.0028036238
0.0042649415
-0.0037268661
0.0025084092
0.0060008986
-0.0058033327
-0.0038183817
-0.0011603573
0.0039657515
-0.00018305152
0.0019531031
0.00051623327
-0.0018732223
0
0.0015079766
0
0.00091118317
0.0013058737
0.0021063184
0.0021840271
-0.0020276488
0
0.00020939177
0
-0.00058724687
0.0092443143
0.0060490841
0.0072613716
0.0068278005
-0.0088077755
-0.0067381354
-0.0044894555
-0.0047330158
0.0048939654
-0.0058263509
0.0031747998
0.0023904371
0.0043631902
-0.0022101293
0
-0.0014876202
0
-0.0025498989
