FiniteElementSpace
FiniteElementCollection: ND_2D_P1
VDim: 1
Ordering: 0

0.021811067
-0.020039339
0.020303955
-0.021542002
-0.025441683
-0.018307025
-0.023726806
0.021505053
-0.021752737
0.023465179
0.018560677
0.025172022
0.014195276
-0.022763864
0.012971276
-0.023661564
-0.018043744
-0.016699385
-0.015142496
0.026570765
0.011553934
0.027609997
0.0064775137
-0.024203319
0.0053935091
-0.024371578
-0.010321476
-0.0091814457
-0.0078608729
0.028248737
0.00413678
0.028462526
-0.00091688881
-0.024163796
-0.0019368994
-0.023591071
-0.0027157156
-0.0016690199
-0.00045617386
0.028246592
-0.0031134661
0.027614999
0.028878893
-0.016399571
0.02691254
-0.032061362
-0.014369194
-0.029806145
0.017022808
-0.027276066
0.019343364
0.024671648
-0.021985298
0.022206032
-0.024429536
-0.019356642
-0.024516642
0.021370299
-0.021557181
0.024303471
0.019551909
0.027039842
-0.032352169
-0.0044358228
-0.031673803
-0.032550938
0.00089840623
0.036623797
0.002360486
0.036475089
-0.005892279
0.035760745
-0.03225269
0.0027462046
-0.031467988
-0.0064101545
0.035190266
-0.0048992783
0.03618704
0.0012780524
-0.040021557
-0.00018041304
-0.040680441
-0.038717833
-0.003428523
0.041956689
-0.0021439867
0.043707921
-0.0014796474
0.044734823
-0.040631314
-0.0074703986
-0.039890517
0.0038775428
0.0053563844
0.044874814
-0.0091553424
0.044117857
-0.03023448
0.0099996865
-0.028608613
-0.0134302
0.031791105
-0.011626175
0.033697442
0.0083801338
-0.026653744
0.016636055
-0.019571642
-0.017226718
0.029550714
0.014582675
-0.032100116
0.012442028
-0.034648777
-0.029299211
-0.014746289
0.031176812
-0.012138774
0.034247122
0.010232344
0.037100219
-0.036886073
0.0067834798
-0.0097940567
-0.0079785501
0.039697803
0.0053075213
-0.042001493
0.0040057303
-0.044731156
-0.039063176
-0.006177557
0.040476429
-0.0043250796
0.043669361
0.0028186163
0.046800112
-0.035946298
0.0079384194
-0.032652675
-0.0093912852
0.033723475
-0.0064744684
0.037173391
0.005511983
-0.037934585
0.0028864146
-0.041323057
-0.034405972
-0.0033533096
0.034736136
0
0.038267727
0
0.041640121
-0.044631506
0.0015608578
-0.047965654
-0.0023061759
0
0.04491328
0
0.048200711
-0.047131131
-0.0023426878
-0.048801777
-0.0012507305
-0.00080045759
0.049900012
-0.002145538
0.052843988
-0.051512182
-0.0010467485
-0.055587646
-0.00053832621
0
0.051728073
0
0.056002766
