FiniteElementSpace
FiniteElementCollection: ND_R2D_2D_P1
VDim: 1
Ordering: 0

0
0
0.15018839
0.087409218
0.1257912
0.045756244
0
0.093330059
0
0.07022363
0.10519479
0.10792188
0.14018157
0.14092078
0.065137801
0.032993397
0.067462483
0
0.022956887
0.10022137
0.082005227
0.12465559
0.058244796
0
0.036317934
0
0.054596424
0.0818017
0
0.035337121
0.12794738
0.079624176
0.049491683
0.016214474
0.11388251
0.084566766
0.02968281
0.043424311
0.11411165
0.042985489
0.11783327
0.097333556
0.098700737
0.11922612
0.093443894
0.073138376
0.077037373
0.057900241
0.0589991
0.078302596
0.041633402
0.039682937
0.057255677
0.024770063
0.019715104
0.034716794
0.0080260124
0
0.011516463
0.14682739
0.12873922
0.12082498
0.13917093
0.13446869
0.11450677
0.10837826
0.086707102
0.077217555
0.099850886
0.089143082
0.11097157
0.11813079
0.097431565
0.093447063
0.0767986
0.052513332
0.072400784
0.064988985
0.044612266
0.033377483
0.054425053
0.026559545
0
0.01504028
0
0.018597252
0.065049532
0.050403045
0.076644957
0.04049266
0
0.02273526
0
0.033824309
0.12098606
0.12922479
0.14724747
0.08907964
0.099853204
0.050213295
0.064698394
0
0.022359802
0
0.0178727
0.039784684
0.10782488
0.084780517
0.067671487
0.049085095
0.029507459
0.0096916325
0.1334281
0.12102527
0.092395589
0.10454339
0.10540082
0.087376665
0.064366872
0.07888007
0.048951676
0.039342209
0.013171245
0.016619505
0.069249796
0.058480277
0.020112905
0.024481473
0.13371416
0.10458227
0.069101425
0.024292479
0.019550801
0.0078368786
-0.019277054
0.0072796442
-0.020781609
-0.0077392446
-0.017606258
-0.0071878731
0.017643759
-0.0065345012
0.019314926
0.0066124417
0.02081395
0.0076595724
-0.015779677
0.0071172291
-0.0075996167
-0.013812568
-0.0070658228
0.013842291
-0.0064391495
0.015815136
0.0064764963
-0.015888225
0.0057530649
-0.017727251
-0.01390511
-0.0057313584
0.013997352
-0.0049608625
0.016000948
0.0049628034
0.017857926
-0.016148212
0.0041288458
-0.018037222
-0.014116364
-0.0041443559
0.014251312
-0.0033031249
0.016323255
0.0032722464
0.018255811
-0.01650877
0.0024172222
-0.018499318
-0.014389967
-0.0024536702
0.014512444
-0.0016130409
0.016685325
0.0015795796
0.018739924
-0.01682716
0.00077238312
-0.018949327
-0.014599628
-0.00079156934
0.014630497
0
0.016913851
0
0.019098721
0.0076618921
-0.0253848
0.0068105661
-0.0256553
-0.0074009334
-0.024908171
-0.0065489449
0.024984007
-0.0055307818
0.025393823
0.0057720467
0.025579728
0.0071792814
-0.024220666
0.0063359158
-0.0069932539
-0.023321124
-0.0061657981
0.023470576
-0.0052169015
0.024342829
0.0053496484
-0.024590589
0.0042337448
-0.025187468
-0.023734518
-0.0041684046
0.024144033
-0.0030612401
0.025013141
0.0030185216
0.02558346
-0.025523143
0.0045380928
-0.025604114
-0.0043508356
-0.0030166217
0.025839032
0.0031000323
0.025792095
0.0068390978
-0.022212794
0.0060320016
-0.0067134959
-0.020903737
-0.0059279365
0.021061773
-0.0050550177
0.022373497
0.0051216595
-0.019403614
0.0058494729
-0.0057913968
-0.0049791088
0.019551555
0.005008406
-0.019760903
0.0041177757
-0.021300252
-0.004119661
-0.0032432082
0.020029977
0.0032094302
0.021620311
-0.022631181
0.0041358341
-0.0041211099
-0.0031691227
0.023002946
0.0031169954
-0.023483799
0.0021381032
-0.02472448
-0.022011218
-0.00224777
0.022432113
-0.0014082567
0.024035881
0.0012771373
0.025443716
-0.020339917
0.0023234431
-0.0023755678
-0.0015411982
0.020661694
0.0014877299
-0.020951626
0.00071707148
-0.022826804
-0.00074879255
0
0.021174332
0
0.023134379
-0.024568186
0.00058049688
-0.026180674
-0.00066597225
0
0.024984597
0
0.026746477
-0.02646244
0.0014315428
-0.02624472
-0.026264176
-0.001565927
0.027415131
-4.4224777e-05
0.027585652
-0.00045333637
0.027192367
-0.025674454
0.0017633724
-0.0019753335
-0.0010587006
0.026611186
0.00067630548
-0.027665954
0.0001029228
-0.029019387
-0.00042079237
0
0.028481942
0
0.030337004
-0.030051753
-0.0029561251
-0.029059986
0.00064475195
0
0.032728288
0
0.037201768
-0.02261914
-0.025611593
-0.023608904
-0.02146519
0.025474539
0.02084988
0.025029472
0.022198049
-0.025263063
0.023350408
-0.020160275
-0.025437525
-0.01871354
0.025557431
0.017507409
0.024820928
0.01929721
-0.024872199
-0.017133407
-0.025931508
-0.015347237
0.02670498
0.012458788
0.024920265
0.015355299
-0.024876251
-0.013388553
-0.028402166
0
0.025055697
0
0.019702214
0.006354436
-0.023382843
-0.0042695271
-0.019444231
-0.0090953055
0
0.016241248
0
0.013549453
0.0033410522
-0.016338318
0.007164382
