FiniteElementSpace
FiniteElementCollection: RT_R2D_2D_P0
VDim: 1
Ordering: 0

-0.00309363
-0.020143534
-0.011471632
-0.011765531
0.015942088
-0.015131526
0.010930081
0.027753807
0.018944167
0.019739722
-0.0065707488
0.024640606
-0.032256377
-0.014720473
-0.024106653
-0.027000091
0.01368788
0.038946529
0.021275639
0.03135877
-0.0096562451
0.036422998
-0.017956351
-0.034413179
-0.02536944
0.029673516
-0.028532875
0.023793211
0.039707439
0.030331712
0.033168938
-0.01959185
-0.043150804
-0.017508602
-0.035298447
-0.037549769
0.015674604
0.048626169
0.022791363
0.04150941
-0.012171917
0.046846096
-0.012636857
-0.020382143
-0.0040202451
-0.0079536733
0.019957422
0.020389522
0.028169041
0.012177903
-0.015591609
0.016968437
-0.024591787
-0.0237356
-0.016447796
-0.019393945
0.022971198
0.031029432
0.030451114
0.023549516
-0.018496564
0.028788552
-0.0030131729
-0.021285127
-0.01154175
-0.01275655
0.01597614
0.01113881
0.019280336
0.020647026
-0.0067206193
0.025468156
-0.016293538
-0.032446518
-0.011386472
0.031515933
0.023018955
0.03923362
0.015301268
-0.027358264
-0.019356062
-0.043268037
-0.014092983
0.041583017
0.024667736
0.048741918
0.017508835
-0.037757917
-0.028088377
-0.044574107
-0.021272186
-0.021798238
0.042451779
0.031073567
0.048045855
0.025479491
-0.038184265
0.031869332
-0.026945258
-0.034909577
0.033560548
0.040167879
0.025262001
-0.029142147
-0.035882314
-0.035675829
-0.029348632
-0.02943629
0.033721855
0.038809059
0.039004609
0.033526305
-0.029209391
0.039992743
-0.034789471
-0.043537447
-0.02765312
0.040909504
0.035461714
0.044693587
0.03167763
-0.036406018
-0.042989915
-0.034587266
-0.03761204
-0.035851233
0.031865927
0.043887646
0.035705546
0.040048028
-0.027429801
0.047205493
-0.032850509
-0.014924171
-0.024646957
-0.02764082
0.014070648
0.039164467
0.02170423
0.031530885
-0.0098218312
0.036633224
-0.013947707
-0.060247114
-0.021589934
-0.052604887
0.02340444
-0.053215858
0.016373183
0.062940085
0.02299231
0.056320958
-0.014738901
0.063171991
-0.067170213
-0.023298666
-0.058610447
-0.058145189
0.013967286
0.068158612
0.020704455
0.061421444
-0.013682633
0.071037477
-0.015972015
-0.062443629
-0.020270455
0.022137872
-0.053173589
0.012867831
0.056759773
0.012541162
0.057086442
-0.0091982848
-0.076787698
-0.026356012
-0.064114319
-0.061444576
0.0053613325
0.062209305
0
0.067570638
0
0.09392665
-0.044879891
-0.021720436
-0.052507344
0.055679751
-0.015862115
0.04982143
0.025210419
0.056490643
0.018541206
-0.046380814
-0.0234149
-0.060157672
-0.016409149
0.05616624
0.024485202
0.062596235
0.018055207
-0.05300246
-0.025865136
-0.058216121
-0.020651475
-0.017227652
0.053958751
0.023136316
0.056894388
0.020200678
-0.050035827
0.028380972
-0.027821824
-0.0524044
0.049320294
0.053780078
0.023921188
-0.045252021
-0.024742918
-0.066944217
-0.01481055
0.061105109
0.021580322
0.067493939
0.015191492
-0.057650507
-0.027054124
-0.076357892
0
0.066872526
0
0.061112318
0.0057602082
-0.060537778
-0.0079667609
-0.058681812
-0.0098227274
0
0.053145557
0
0.048461495
0.0046840618
-0.050353096
0.013012777
-0.02124845
-0.061671306
0.056068216
0.055481203
0.01359979
-0.05213478
-0.0058920461
-0.047079663
-0.0091654794
0
0.042569449
0
0.037985936
0.0045835129
-0.040513751
0.011149425
-0.026151594
-0.052421048
-0.023766373
-0.017498757
0.048241552
0.02158951
0.048231371
0.021599691
-0.044205738
0.029815001
1.4844335e-05
-5.1458991e-05
-0.00012819482
-5.9211422e-05
-0.00013915839
-0.00021243944
-0.00030155719
-0.00022226303
-0.00028387131
-0.00035345506
-0.0004558261
-0.00037948206
-0.0003054924
-0.00039256324
-0.00048226708
-0.00038564714
6.2437182e-05
-1.0758531e-05
1.9387945e-05
9.2251125e-05
0.0001265437
5.579291e-05
9.903759e-05
0.00016616057
0.00026392723
0.00019694342
0.00023603277
0.00030521196
-8.7504946e-05
-0.00016485713
-0.00012414102
-5.3817385e-05
-0.00023964823
-0.00030862996
-0.00024290888
-0.00018826545
-0.00012497302
-0.00016353522
-7.1531141e-05
-5.0292975e-05
-1.199093e-05
-7.3380577e-05
-1.2669673e-05
3.8238407e-05
9.655949e-05
5.729389e-05
0.00013527936
0.00016210416
3.4639759e-05
3.141938e-05
0.00014311069
0.00012814241
0.00023353194
0.00021959489
0.00030826195
0.00030910207
0.00034995704
0.00027959626
0.00032764545
0.00039838826
-0.00057627826
-0.00071195141
-0.00076616793
-0.00061396493
-0.0006351657
-0.00080610341
-0.0008316023
-0.00063883731
-0.00097695147
-0.001143965
-0.0012061068
-0.0010225552
-0.00062468678
-0.00084678981
-0.00086591896
-0.00060859672
-0.00036860602
-0.00041655811
-0.00031154091
-0.00028495416
-0.00044974567
-0.00046571786
-0.0003081756
-0.00032008263
-0.00017302201
-0.00013276857
5.5034461e-05
-1.2168533e-05
-0.00018610216
-0.00019004474
-5.4529495e-05
-7.3696292e-05
-0.00046225966
-0.00043678322
-0.0002107724
-0.00027313546
-0.00038493088
-0.00027578032
4.2067039e-05
-0.00010987627
0.00016035664
0.00031604668
0.00056359097
0.00041111052
-6.6555108e-05
2.9950186e-05
0.00026892149
0.00014861369
0.00064381848
0.00079115419
0.0010016821
0.0008602147
0.00015789343
0.00024871281
0.00044226235
0.00033226182
