FiniteElementSpace
FiniteElementCollection: RT_R2D_2D_P0
VDim: 1
Ordering: 0

0.0039136521
-0.0019452073
0.0050235654
-0.0030551206
-0.0049074944
-0.0021514814
-0.0047012203
0.00026158073
-0.0055982611
0.0011586215
0.0046233627
0.0007584188
0.0056818673
-3.1584384e-05
0.0059035526
-0.00025326974
-0.0057511882
0
-0.0057827726
0
-0.0056798293
-0.0001029433
0.0057707765
-0.00023571941
0.0051866542
-0.00073363804
0.0058409371
-0.001387921
-0.0056507268
-0.00074675328
-0.0056376116
-0.0002238495
-0.0060197235
0.00015826241
0.0056316366
-5.1038064e-05
0.0052387845
0.001174787
0.0058268867
0.00058668486
-0.0058985437
0.00075860015
-0.0054823569
-0.0022414157
-0.0057080904
-0.0020156822
0.0051884366
-0.0026541323
0.0010676462
0.0059406827
0.00073208865
-0.0056841659
-0.0016794478
-0.0056598927
-0.001703721
0.005402988
0.0028574638
0.0052592118
0.00300124
0.0021865589
-0.0049889878
-0.0029866413
-0.0045064889
-0.0034691402
0.0043924253
-0.0043359268
0.0037511527
0.0053149106
0.0036246786
-0.0049581777
-0.0046668113
-0.0046272931
0.0043429378
-0.0055992659
0.00034012381
0.0056092686
0.00050163176
0
-0.0053397055
0
-0.0048692585
-0.00047044706
0.0051243779
-0.00095533773
0.00066884908
0.0045926367
0.0012005903
0
-0.0042004094
0
-0.0034307925
-0.00076961683
0.0038074651
-0.0015547884
0.0054031098
0.0018400342
0.0050565851
-0.0054137084
-0.0047742644
-0.0041482123
-0.0021808406
0.0042507844
0.0026420143
0.0034911687
0.00340163
0.0017215324
-0.0032277304
-0.0018958066
-0.0022849206
-0.0028386164
0.0024131151
-0.0039166701
0.00089132424
0.0029772569
0
-0.0025394683
0
-0.001620688
-0.00091878028
0.0020002306
0.00090426998
0.0010217957
0.0018827049
0
-0.00071641805
0
0
-0.00071641805
0
-0.0017382137
0.0029968891
0.0012958282
0.0041141759
-0.0011707364
0
-0.0029089502
0
-0.0042047784
0.0061047881
0.0038671517
0.0065805742
0.0050382439
-0.0036002671
-0.0060178038
-0.0027373348
-0.006880736
0.0026055073
-0.0081423804
0.0043847337
0.0037389151
-0.0035233852
-0.002587683
-0.0048523722
0.0025734836
0.0053653397
0.0014229106
0.0065159127
-0.0013365193
0
-0.0055412976
0
-0.0069642082
0.0078568766
0.0014921365
0.0089702474
-0.0013963709
0
-0.0083605791
0
-0.0098527156
0.001113721
-0.0010691525
0.0029487941
-0.0029042256
-0.0029884021
-0.001623444
-0.0024341106
-0.0019752439
-0.0044084997
-8.5477423e-07
0.0023066114
-0.00064303753
0.0026001211
7.0752109e-05
0.0042943172
-0.004244501
-0.00056637946
-0.0036073695
-0.0027117815
-0.0051763051
-0.0011428458
0.0034619191
0.0050461158
0.0053586563
0.0031493786
0.0038725963
-0.0040027856
-0.0076972506
-0.0054185956
-0.0062814406
0.0038152158
-0.0078248811
0.0011114377
0.0055676846
0.00016711576
-0.0050735083
-0.0056333363
-0.0020943042
0.0047953251
-0.0028666637
0.0045062568
0.0053279658
0.0039736161
-0.0047517581
-0.0047532944
-0.0055977297
0.0041747714
-0.0067509241
0.0042390556
0.0050407408
0.0054072001
-0.0054866644
-0.0044195396
-0.0049187243
-0.0062517393
0.0039616889
0.0094131582
0.004396652
0.008978195
0.007949278
-0.0034548441
-0.010281214
-0.0030376885
-0.010698369
0.0025722964
-0.012522725
0.0077816153
0.0040071087
-0.0035522533
-0.0028421889
-0.0088524449
0.0025783398
0.010407064
0.0015656269
0.011419777
-0.0014053725
0
-0.011258088
0
-0.012823715
0.01305293
0.001758333
0.013866894
-0.0014045348
0
-0.01422825
0
-0.015986583
0.0027871414
0.016091332
0.0025320811
0.016346393
-0.0036914299
-0.0014669914
0
-0.017453574
0
-0.019985655
-0.001865841
-0.0019886469
-0.0019668364
-0.0018253271
-0.0025401385
-0.0025616694
-0.0026119445
-0.0025894715
-0.0023012968
-0.0023822449
-0.0024146316
-0.002323402
-0.0020793143
-0.0022131438
-0.0021990567
-0.0020511942
-0.0023313063
-0.0024324909
-0.0024395529
-0.0023289262
-0.0023204056
-0.002439682
-0.0024366198
-0.0023098556
-0.0020186036
-0.0021796775
-0.0021595629
-0.0019866237
-0.0026236823
-0.0026471902
-0.0026707725
-0.0026461762
-0.0026603039
-0.0026859729
-0.0026957547
-0.0026691258
-0.0025365816
-0.0026103344
-0.0026167919
-0.0025391303
-0.0025405876
-0.0026211714
-0.002625646
-0.0025434286
-0.0026752413
-0.0027025928
-0.0027082705
-0.0026805904
-0.0026862448
-0.0027136376
-0.0027181706
-0.0026922376
-0.0025493657
-0.0026315937
-0.0026395333
-0.0025592794
-0.0019603022
-0.002143099
-0.0021341679
-0.001944267
-0.0023011206
-0.0024337775
-0.002434
-0.0022975063
-0.0023015066
-0.0024393634
-0.0024510498
-0.0023146084
-0.0019422325
-0.002135791
-0.0021498106
-0.001956526
-0.00067610632
-0.00086103054
-0.00067131225
-0.00045649165
-0.0010488181
-0.0012364845
-0.0011029944
-0.00088794658
-0.00072137693
-0.00096514102
-0.00083033187
-0.00055632756
-0.0017709479
-0.0019313349
-0.0018868089
-0.0017076213
-0.0016409885
-0.0018385111
-0.0017921086
-0.001577329
-0.0012017544
-0.0014279621
-0.001343932
-0.0010940242
-0.0009986695
-0.0012713159
-0.001218513
-0.00092590933
-0.0015234131
-0.0017534498
-0.0017281236
-0.0014860794
-0.0014713824
-0.001720813
-0.0017345437
-0.0014834483
-0.00088671142
-0.0011935875
-0.0012024495
-0.0008900912
-0.00018037674
-0.00054955431
-0.00054370127
-0.0001583499
