FiniteElementSpace
FiniteElementCollection: RT_R2D_2D_P0
VDim: 1
Ordering: 0

-0.00023510365
0.00092656223
0.00090305253
-0.00021159394
-0.0012411975
0.0010178201
-0.0013324553
-0.002814358
-0.0022301392
-0.0019166741
0.00094527758
-0.001874449
0.0069150263
0.0013805863
0.0076723672
0.00062324546
-0.0092941558
0.00085173586
-0.0087653053
-0.0014641091
-0.0088049069
-0.0014245075
0.007223975
-0.0018728998
0.0096782166
0.00097115324
0.0091276972
0.0015216727
-0.010654284
0
-0.0096831309
0
-0.0086789368
-0.0010041941
0.0081860751
-0.0019458161
0.0022204894
0.0073358517
0.0021086127
-0.0081060902
-0.0076813504
-0.002370556
0.0066763194
-0.0030300883
0.00042643993
-0.00051344799
0.0017439945
-0.0018310025
-0.0024190444
-0.00039678739
-0.002535705
-0.0013063445
-0.0036055344
-0.00023651517
0.0018611786
-0.00011933104
0.0044374649
0.0025082319
0.0050831174
0.0018625794
-0.0062763302
-0.0058767109
-0.0060184213
-0.002888378
0.0047049306
-0.0032665648
0.0019860641
0.0028294226
-0.0034820497
-0.0040740355
-0.002674579
0.0026896436
0.0038874725
0.0048521251
0.0037402779
0.0032581088
-0.0053890576
-0.0038750292
-0.0051005446
-0.0041635422
0.004240529
-0.0047751383
0.0048013965
0.0039780322
0.0050638933
0.0039832009
-0.004282349
-0.0042849
-0.0036765149
-0.0048907341
0.0031913791
-0.0056773872
0.0028337812
0.0056696656
0.0029501068
0.00555334
-0.0038317996
-0.0032260272
-0.0029681665
-0.005935248
0.0023411222
-0.0065442326
0.0029176986
0.0063359092
0.00201853
-0.0067821818
-0.0022762724
-0.006039471
-0.0030189833
0.0054798632
0.0011611841
0.0073287291
0
-0.0075177527
0
-0.0063425667
-0.0011751861
0.0062276427
0.0012459492
0.0051890758
0.0022845162
0
-0.0050966175
0
-0.0038843807
-0.0012122368
0.0040305492
-0.0023707633
0.0033236911
0.0048203534
-0.0050002961
-0.0040679883
-0.003303071
0.0038385244
0.0033538736
0.0029792293
0.0042131686
0.0022724402
-0.0029865549
-0.0021707482
-0.0019920752
-0.003165228
0.0019587285
-0.0041857288
0.001189987
0.0029480961
0
-0.0026943937
0
-0.0016103486
-0.0010840451
0.0018613929
0.00094440075
0.00089213304
0.0019136607
0
-0.00066594788
0
0
-0.00066594788
0
-0.0015580809
0.0029387356
0.001001792
0.0038956721
-0.00096700022
0
-0.0025250811
0
-0.0035268731
0.0064810839
0.0020694708
0.0067527354
0.0057230065
-0.002210089
-0.0058888559
-0.0016369725
-0.0064619724
0.0013445853
-0.0071868579
0.0051443997
0.0026127723
-0.0027452839
-0.0019261675
-0.0050048452
0.0017287616
0.0048679838
0.00092412077
0.0056726246
-0.00095385587
0
-0.004480729
0
-0.0054048497
0.0065040135
0.00076092925
0.0070876695
-0.00080558364
0
-0.0062104334
0
-0.0069713626
0.0015500099
0.0059942789
0.002019934
0.0055243547
-0.0025538418
-0.0021129029
-0.0021974244
-0.0064597111
0.0015208167
-0.0069588285
0.00093249186
0.0079057831
0.0013272756
0.0075109994
-0.0016190521
0.007329733
-0.001043002
-0.008105944
-0.0010128165
-0.0081361295
0.0006572452
-0.0088061599
0.0073684817
0.0015595654
-0.001581678
-0.0012791605
-0.0074893754
0.00094299681
0.0077628254
0.00059205745
0.0081137648
-0.00060400459
0
-0.0075753672
0
-0.0081674247
0.0087079956
0.00051581818
0.0088494226
-0.00041858573
0
-0.0085860104
0
-0.0091018286
0.00072531747
0.0082223816
0.0017788058
0.0071688933
-0.0014887618
-0.00077737965
-0.0010923282
-0.0084912114
0.00067233544
-0.0095976817
0.0096139642
0.0007791993
0.0095071004
-0.00032778653
0
-0.0094296151
0
-0.010208814
0.00024413579
0.00022493386
0.00042007905
0.00042743782
-8.5542163e-05
2.30322e-05
0.00030096338
0.00018912233
0.00068003135
0.00081367657
0.0010202469
0.00090006593
0.00044452309
0.00055492496
0.00078419514
0.00067811614
-0.00020305169
-0.00021540954
1.5821482e-05
1.0459556e-05
0.00028662583
0.00035399285
0.00058675739
0.00051390606
0.00022367272
0.00024348447
0.00046175397
0.000430805
0.00072372718
0.0007988445
0.00098841227
0.00091326832
0.0010806776
0.0011543799
0.0012962734
0.0012248993
0.00096929268
0.0010180884
0.0011619513
0.0011104449
0.00088836745
0.00098834611
0.0011671944
0.0010743848
0.0010941005
0.001200644
0.0013553255
0.0012623857
0.0014053419
0.0014849241
0.001590306
0.0015236419
0.0012357566
0.0013208356
0.0014496693
0.0013725091
0.0014850703
0.0015544194
0.0016361228
0.0015742536
0.0016182282
0.0016725934
0.0017331449
0.0016903169
0.0017413672
0.0017735188
0.0017953992
0.001773042
0.0016412245
0.0016961151
0.0017359956
0.0016874746
0.0012294139
0.0012828807
0.0013806766
0.0013256214
0.0013455386
0.0014141493
0.0015085308
0.001442779
0.0015173063
0.0015803702
0.0016310008
0.0015702586
0.001399154
0.0014557324
0.0015089529
0.0014506783
0.00091917216
0.00093606587
0.0010726888
0.0010501807
0.0011516637
0.0011479708
0.0012300701
0.0012279193
0.0011602384
0.001187846
0.0012806013
0.0012481019
0.0013133637
0.0013507696
0.001398792
0.0013563097
0.0012804697
0.0012892879
0.0013258574
0.0013096798
0.0012042263
0.0011710234
0.0012425302
0.0012740711
0.001315138
0.0012885534
0.001309756
0.0013281584
