FiniteElementSpace
FiniteElementCollection: RT_R2D_2D_P0
VDim: 1
Ordering: 0

-0.0010775324
-0.0061859682
-0.0035545775
-0.0037089231
0.0045316037
-0.0046603007
0.0030059362
0.0081392085
0.0053698575
0.0057752872
-0.0020631606
0.0072667041
-0.00041633867
-0.0023537124
-0.0028727584
0.00010270729
0.0040620061
-0.00082799093
0.0025362846
0.0042524111
0.0049437864
0.0018449093
-0.001323208
0.0033944596
-0.0032521223
-0.0061330544
-0.0017169564
0.0057315382
0.005011681
0.0080647771
0.0026784422
-0.0045590856
-0.0059990516
-0.0068787367
-0.0036794005
-0.0043439467
0.0064096721
0.0075244436
0.0085897718
0.0053443439
-0.0051985867
0.0070244939
-0.0068336704
-0.0040818527
-0.0091985667
0.010247125
-0.0025254574
0.0086907302
0.0056272892
0.010920396
0.0033976234
-0.0075845091
-0.0065345893
-0.0097751517
-0.0048049952
0.0091908018
0.0077367076
0.011171828
0.0057556818
-0.00800639
-0.008752376
-0.0099792189
-0.0067795471
-0.0068470579
0.0092665095
0.0096039282
0.010946226
0.0079242116
-0.0080466082
0.0098568222
-0.01047052
-0.008533496
-0.012156958
0.013369612
-0.0065100571
0.011346173
0.0088533888
0.012638484
0.0075610784
-0.010114108
-0.010793831
-0.0097722029
-0.0090682362
-0.0087212596
0.0088736549
0.011304245
0.010208912
0.0099689878
-0.0076604067
0.012080784
-0.0055925541
-0.011022283
-0.0076780855
-0.0089367515
0.0088021326
0.006848086
0.008677498
0.010251372
-0.0057128749
0.012216583
-0.0018164984
-0.0023684813
0.00065469024
-0.00030005953
0.0018780208
0.0039786652
0.0043460456
0.0015106405
-0.00086124717
0.0030178746
-0.0051342559
-0.016287409
-0.0067759607
-0.014645705
0.0072985236
-0.014008005
0.0050191193
0.016205883
0.0060515197
0.015173483
-0.0043585385
0.017590905
-0.0041164113
-0.016693631
-0.0063681281
-0.014441914
0.0066538377
0.0046059112
0.0065966052
0.015600211
-0.0043511806
0.017617159
-0.018936069
-0.0068932239
-0.016394026
-0.016314656
0.0039751926
0.019484091
0.0060268645
0.017432419
-0.004064785
0.020260858
-0.012235242
-0.0054620864
-0.014479886
-0.0032174427
0.015357565
-0.0037526271
0.013648105
0.0063233954
0.015685551
0.0042859498
-0.012695284
0.0060705513
-0.0060372923
-0.016726579
-0.0040598017
0.015639668
0.0063495357
0.017677479
0.0043117246
-0.014714909
-0.0065347645
-0.016403974
-0.0048456993
-0.0041665625
0.015309277
0.0059185328
0.016396129
0.0048316809
-0.014166441
0.0070692132
-0.0068596818
-0.014555002
-0.0049999643
0.013671568
0.015146901
0.0055938802
-0.012540438
0.0076084441
-0.0066481591
-0.018982383
-0.0038741049
0.017486804
0.005891948
0.019596742
0.0037820095
-0.016414857
-0.01790713
-0.0021436251
-0.01759837
-0.002452385
0.018474703
0
0.016331078
0
0.015146078
0.0011849996
-0.015367868
0.0034155011
-0.0055743271
-0.017822621
0.0164748
0.016546456
0.0033438458
-0.015247934
-0.0044895709
-0.015446206
-0.0042912991
-0.0023092731
0.014366158
0.0029405366
0.013861467
0.0034452276
-0.013315719
0.005575715
-0.0015566034
-0.014615199
0
0.013589475
0
0.012397274
0.0011922008
-0.012866863
-0.0042667427
-0.012949281
-0.0046331805
-0.0024151814
0.012009906
0.0028630465
0.011189648
0.0036833039
-0.011032618
0.0055999669
-0.0078614629
-0.013891844
-0.0056942737
0.012979712
0.0075524484
0.013819718
0.0067124427
-0.011750897
-0.006618872
-0.01509104
0.014068556
0.014308929
0.0053353428
-0.012873934
-0.0086633747
-0.012553037
-0.0078612354
-0.0064858018
0.011642145
0.0080005726
0.01189957
0.0077431477
-0.010371849
0.0099243359
-0.0042737702
-0.010298759
-0.0050076297
-0.0025524615
0.0094683395
0.0028490113
0.008421978
0.0038953728
-0.0084959582
0.0056981732
-0.012729974
-0.0091059537
-0.011284427
-0.010490314
0.0079692521
0.012864798
0.0088802938
0.011953756
-0.0067743136
0.014285396
0.00049569595
0.00050599536
0.00071212199
0.00070612498
0.00011211722
0.00033522202
0.00046244684
0.0002394805
0.00055362031
0.00076584782
0.00089184535
0.00068039564
0.00080882827
0.0010190291
0.0011461136
0.00093759076
0.0009704136
0.0011658262
0.0012893157
0.0010953116
0.0012210324
0.0014133732
0.0015367689
0.001346324
0.0014697961
0.0016581438
0.0017760596
0.0015899648
0.0018353024
0.0019999204
0.0021135247
0.0019510273
0.0017052988
0.0018890517
0.0019956834
0.0018142718
0.001310443
0.0015119428
0.0016234256
0.0014246329
-7.5181433e-05
5.3330133e-05
-9.3910465e-05
-0.00022484305
0.0018135839
0.0017858287
0.0018752747
0.0019076854
0.0018806772
0.0018457227
0.0019459788
0.0019883733
0.0020766936
0.0020264089
0.0020853054
0.0021439506
0.0016824612
0.0018267091
0.0019420263
0.0018001181
0.0019546778
0.0020650376
0.0021755718
0.002067578
0.002181463
0.0022875113
0.0023991379
0.0022948413
0.0019182455
0.0020580135
0.0021733157
0.0020355707
0.0021564801
0.0022277078
0.0023346717
0.0022649124
0.0024928133
0.0025218691
0.002629496
0.0026009148
0.0023752141
0.002443828
0.0025527719
0.0024853484
0.0025935734
0.0026598107
0.0027634491
0.0026983945
0.0027070647
0.00273508
0.0028371635
0.0028097865
0.0027984461
0.0028623263
0.0029552102
0.0028925017
0.002150717
0.0022865013
0.0023961469
0.0022622882
0.0024061868
0.0025088173
0.0026150539
0.0025140457
0.002368924
0.0025009026
0.002599519
0.0024693553
0.0029794933
0.003041036
0.003118825
0.0030584506
0.0019154261
0.0020946156
0.0021846438
0.0020074208
