FiniteElementSpace
FiniteElementCollection: RT_R2D_2D_P0
VDim: 1
Ordering: 0

-0.016124457
-0.0054471141
-0.016314434
-0.0052571367
0.017875095
-0.0029213649
0.015349346
0.0035901682
0.014691275
0.0042482391
-0.013918141
0.0066445325
-0.016831567
-0.0019365633
-0.015846766
0.01684437
0
0.014907806
0
0.013398431
0.001509375
-0.013765973
-0.0017648569
-0.012560653
-0.0029701759
0
0.011633575
0
0.010108453
0.0015251213
-0.010681749
0.003404026
-0.0050972502
-0.013452267
-0.0055631242
0.012564201
0.011570776
0.0043974514
-0.011316822
0.0065328967
-0.014397508
-0.007810123
-0.015462038
-0.0067455932
0.017118688
0.014565702
0.014819536
0.0063906976
-0.013090942
0.0087617931
-0.0078674773
-0.013372293
-0.0075861263
0.012515183
0.01216064
0.0068874398
-0.011124893
0.00913484
-0.0079345311
-0.010829335
-0.0082300888
-0.0058016376
0.010027747
0.006408446
0.0092468346
0.007189358
-0.0086984183
0.0093202752
-0.0078060306
-0.0079395103
-0.0085649385
-0.0058172734
0.0072580774
0.0060505294
0.0061600203
0.0071485866
-0.0059439157
0.0091441812
-0.0083605203
-0.010698657
-0.0080699518
-0.010989226
0.0094646584
0.0073309396
0.0065430841
0.0099320367
-0.0059286463
0.012073342
-0.0049451848
-0.010460369
-0.0030050605
0.0096306513
0.0032413017
0.0084357337
0.0044362193
-0.0084881424
-0.0016752007
-0.009351889
0
0.0084332526
0
0.0069372279
0.0014960248
-0.0076066121
-0.0015456696
-0.006239583
-0.0029126986
0
0.0053915583
0
0.0040160122
0.0013755461
-0.0046654894
0.0029496398
-0.0046989833
-0.0073698523
0.0066494489
0.0053574501
0.0042416386
-0.0055609615
-0.0042065891
-0.0042875179
-0.0054800327
-0.002615621
0.003766482
0.002439678
0.002490687
0.0037154729
-0.0026848973
0.0053180935
-0.0013196632
-0.0033695316
0
0.002696349
0
0.0015736769
0.0011226721
-0.0020525258
-0.00094392553
-0.00096588606
-0.0020305652
0
0.00062975135
0
0
0.00062975135
0
0.0015956374
-0.0033629133
-0.0013631865
-0.0046846241
0.0011583389
0
0.0027539763
0
0.0041171628
-0.010423408
-0.0050585065
-0.011293548
-0.0084313539
0.00455103
0.0084429847
0.003328333
0.0096656817
-0.0030877701
0.011636418
-0.0072982893
-0.0048108511
0.0043417637
0.0030298438
0.0066300135
-0.0029978799
-0.006291699
-0.0015941473
-0.0076954316
0.0014227689
0
0.0055399317
0
0.007134079
-0.0094804482
-0.001720827
-0.010847391
0.0015433165
0
0.0086773954
0
0.010398222
-0.0076081362
-0.013229731
-0.0079247381
-0.012913129
0.0092300452
0.0069895401
0.0066444478
0.012418434
-0.0056314244
0.014711748
-0.0065540433
-0.01525371
-0.0076938361
-0.014113917
0.0087003732
0.0063597925
0.0066677687
0.014403772
-0.005185585
0.016912023
-0.016279061
-0.0054483613
-0.016016285
-0.013896452
0.00428516
0.014796198
0.0036393945
0.015441963
-0.0029352858
0.017955038
-0.013443018
-0.0051779904
0.0044949776
0.0034816647
0.012649731
-0.0030315237
-0.01276347
-0.001801509
-0.013993484
0.0015655863
0
0.011963809
0
0.013765318
-0.016097489
-0.0019577471
-0.017075028
0.0015353901
0
0.015300708
0
0.017258455
-0.0016890297
-0.0017233302
-0.0016649845
-0.0016285963
-0.0017384193
-0.0017349466
-0.0016846293
-0.0016834954
-0.0016429307
-0.0016484288
-0.0016252417
-0.0016157311
-0.0015819839
-0.0016209257
-0.0015904208
-0.0015488691
-0.0015623745
-0.0016352818
-0.0015741282
-0.0015017379
-0.0014528541
-0.0015259217
-0.001490873
-0.0014164976
-0.0013930677
-0.0014688971
-0.001459612
-0.0013826331
-0.0013848441
-0.0014622328
-0.0014754963
-0.0013988253
-0.0011833655
-0.001291811
-0.0013064611
-0.0011983628
-0.0015287453
-0.00157263
-0.0015664926
-0.0015208478
-0.0016008308
-0.0016138521
-0.0016128148
-0.0015969429
-0.0016024482
-0.0016203376
-0.001634265
-0.0016153492
-0.0015240442
-0.0015705999
-0.0015831477
-0.0015367664
-0.0015569779
-0.0016019094
-0.0016242609
-0.0015821889
-0.001633262
-0.0016520678
-0.0016708794
-0.0016534375
-0.0016728123
-0.0016875387
-0.0016986408
-0.0016880619
-0.0016095175
-0.0016472301
-0.0016675654
-0.0016357714
-0.0012267546
-0.0013329083
-0.0013692903
-0.0012670671
-0.0014230828
-0.0014976006
-0.0015262153
-0.0014554849
-0.0014933338
-0.0015585475
-0.0015914473
-0.0015335011
-0.0013168729
-0.001413022
-0.001460969
-0.0013730012
-0.00092299012
-0.0010600878
-0.0010747913
-0.00093641102
-0.00061373368
-0.00077354842
-0.00078439034
-0.00062058701
-0.0006453653
-0.00081292706
-0.00086072926
-0.00069182313
-0.000966383
-0.0011045158
-0.001148385
-0.0010129772
-0.0010745253
-0.0012042332
-0.0012688221
-0.0011477216
-0.00076141832
-0.00092714524
-0.0010089115
-0.00085142128
