FiniteElementSpace
FiniteElementCollection: ND_R2D_2D_P1
VDim: 1
Ordering: 0

0
0
0.029043212
0
0.019487106
0
0.021832403
0
0.010023767
0
0
0.022079353
0.013951259
0.0060257833
0.033875065
0.024608558
0.0093203829
0.022109203
0.027701964
0.021357519
0
0.01100388
0
0.012401897
0.017196185
0.019213596
0
0.0068494591
0
0.0049768939
0.011768122
0.014061892
0.0082273803
0
0.0028863254
0
0
0.0032476004
0.03004512
0.010435451
0.011311189
0.02297777
0.00856672
0.0058197297
0.016375658
0.01171875
0.0040503606
0.0014633474
0.031709044
0.032659244
0.029127537
0.029080675
0.026696882
0.022206914
0.025435778
0.021961286
0.01601595
0.010844289
0.016780725
0.020671985
0.014442
0.0099983579
0.0050831233
0
0.0054209114
0.017203453
0.012059301
0.017740956
0.022328327
0.011292476
0
0.0056774477
0
0.0072077161
0.025357033
0.024456647
0.02681428
0.019542487
0.020683175
0.015556986
0.017039866
0.021068739
0.010514113
0.013354018
0
0.004172219
0
0.0033136864
0.007696298
0.010599062
0.0063341812
0.0089039665
0.012845076
0
0.002835451
0
0.0024346181
0.0054140906
0.0075690963
0.01090943
0.014394032
0.012271902
0.015221422
0.0091724065
0.010128747
0.012943246
0.0045443476
0.0061748405
0
0.0019734357
0
0.0013819254
0.0035064602
0.0044613012
0.0022028789
0.0023419694
0.0047121463
0
0.00066618672
0
0
0.0007087247
0
0.0016619385
0.03089679
0.025982155
0.016381696
0.015279022
0.0052453753
0.017193465
0.016809835
0.0054671772
0.0057159871
0.026587963
0.022781416
0.018591494
0.015086906
0.0047552205
0.0035970594
0.011622336
0.0096068457
0.0030302094
0.002626657
0.0081937878
0.013265875
0.01121863
0.0068871057
0.0022135237
0.0016942159
0.0034469887
0.0010341427
0.00029877532
0.0011719635
0.012718571
-0.0054042295
0.012239045
-0.0052524961
-0.013100597
-0.0055456834
-0.012471468
0.0066941189
-0.011438011
0.0064532385
0.011348359
0.0061885276
-0.0075798416
0.010044301
-0.0071896026
-0.0079288665
-0.010003989
0.0092948504
-0.0081735254
0.0088217828
0.0083185761
0.008279422
0.0083782486
-0.011193628
0.0063657147
-0.011343703
-0.0085499078
-0.010859996
-0.0065313989
0.012058369
-0.0044273953
0.012532791
0.0043018618
0.012857199
0.0087079197
-0.010368801
0.0066601109
-0.0088397398
-0.0097310778
-0.0067563682
0.010683313
-0.0045713484
0.011441201
0.0045133175
-0.013757522
0.0021891308
-0.014226309
-0.01316591
-0.0022485772
0.0141857
0
0.014862972
0
0.015414058
-0.010259104
0.0061418952
-0.0095092664
-0.01086857
-0.0059612103
0.012835144
-0.0033475687
0.012037071
0.0034849142
0.011016902
0.0081454405
-0.01125889
0.0059698104
-0.0082230192
-0.0061654419
-0.0041102747
0.012997681
0.0038039181
-0.014593459
0.001893719
-0.01487471
-0.0020895128
0
0.015872799
0
0.016330291
-0.014929761
-0.00026120385
-0.012989397
-0.0014078797
0
0.017071883
0
0.019273835
-0.01547171
-0.0055984895
-0.015387396
-0.015177741
0.0064463646
0.014639406
0.0065647853
0.015085497
-0.0058193399
0.015148517
-0.014507313
-0.0073505651
-0.013463607
0.008327952
0.01257821
0.0081771464
0.013806991
-0.0073501388
-0.013096925
-0.0071899373
-0.014086226
-0.011690452
0.0078316173
0.010846077
0.0073231953
0.012397676
-0.0068824906
0.013529472
-0.012048365
-0.0094201063
-0.010184684
0.010677369
0.0087522599
0.0099913368
0.010908268
-0.009043986
-0.0081836005
-0.012664934
0
0.012845178
0
0.0094596565
0.0050228895
-0.01052791
-0.0037751792
-0.0085768848
-0.0072434273
0
0.0072360346
0
0.0055945682
0.0031281549
-0.0069597931
0.0062012423
-0.0098191739
-0.0084327592
0.0088319799
0.0075916833
0.0088095333
-0.0076236566
-0.0079814617
-0.0067312235
-0.010072265
-0.0054819849
0.0064195283
0.0049614588
0.0053545861
0.0073213419
-0.0058329547
0.0093940124
-0.0027316002
-0.0056170458
0
0.0043003461
0
0.0032408669
0.0024598718
-0.0044859482
-0.0022577512
-0.0035220331
-0.0045646887
0
0.0023566443
0
0.0016147403
0.0020970223
-0.0026963105
0.0042466575
-0.0067893921
-0.0049683529
-0.0088102612
0.004400476
0.003551056
0.0063497722
-0.0041562669
0.0083060078
-0.0059219431
-0.010545093
-0.0053276225
-0.011953297
0.005988159
0.0052558615
0.004524042
0.01003477
-0.0046950472
0.011482898
-0.0095718849
-0.0040460056
-0.011041967
-0.0078637102
0.0038120316
0.0074665605
0.0031319131
0.0091469109
-0.0033974094
0.01062619
-0.0059745378
-0.003404996
-0.0039793189
0.0027993822
0.0037440338
0.0021399813
0.005642803
-0.0027184006
-0.0019617285
-0.0019907184
0
0.00099681681
0
0.00049346983
0.0018417003
-0.0013945704
-0.0017300037
-0.00090230955
-0.003527722
0
0.00010110921
0
-0.00017945408
0.0016211284
-0.00051198572
0.0033202541
-0.0015455901
-0.0047650525
-0.0010606719
-0.0064126703
0.0010856772
-0.0031128814
0.00068809284
0.0028968974
0.00037607293
0.0044749582
-0.00064301958
0.0060709257
-0.0015100215
-0.00022431803
0
-0.00034348522
0
-0.00038168905
0.0013909329
-4.1917469e-05
-0.0012555088
3.2050535e-05
-0.0026622705
0
-0.00027771803
0
0
0.0010870198
0
0.0023966594
-0.0041694306
-0.00029076041
-0.0057179719
0.00014807909
0
0.0038377498
0
0.0053443515
