FiniteElementSpace
FiniteElementCollection: RT_R2D_2D_P0
VDim: 1
Ordering: 0

9.8927542e-05
0.000460163
0.00083530189
-0.00027621134
-0.0011868115
-2.8554444e-05
-0.00069809406
-0.00096754348
-0.00143262
-0.00023301752
0.00033326641
-0.000735053
0.0012373289
0.001063121
0.00050747433
0.00072959514
-0.00092488624
-0.0017245891
-0.0016478021
-0.0010016733
0.00054611585
-0.0015186784
0.00041264359
0.00047290266
-0.00033647041
-7.2586507e-05
-0.0002498229
-0.0010541748
-0.0010072825
-0.00029671513
-3.2544966e-06
-0.00077287229
0.00068126832
0.0012613292
0.00019205896
-0.0010294691
-0.0013259828
-0.00178574
-0.00056971181
0.00077686621
0.0017017547
0.0015313047
0.00094731628
0.0012066162
-0.0012906015
-0.0023225855
-0.0020243232
-0.0015888638
0.0010446523
-0.0020755162
0.0014228234
0.00076093508
0.00065863378
-0.00053177545
-0.0012900558
-0.0013172358
0.00029805026
-0.0017801206
0.0024389602
0.0010653979
0.0016716126
0.0019647212
-0.00081581674
-0.0030689506
-0.0015594365
-0.0023253309
0.00060773136
-0.0027829974
0.0026990446
0.0017789757
0.0021876861
-0.0015129647
-0.003253132
-0.002197726
-0.0025683707
0.0012783958
0.0036312369
0.0019737076
0.0029359252
0.0030899673
-0.0016564564
-0.0040792677
-0.0022694632
-0.003466261
0.0014408223
-0.0039991463
0.0034222178
0.0013684104
0.0026615388
-0.0010731439
-0.0017917142
-0.003280576
0.00090153488
-0.0037474514
0.00068323267
0.00044546546
-9.8703202e-05
0.00022892376
-0.00031856338
-0.0012465026
-0.0010852283
-0.00047983768
-1.2731743e-05
-0.00093803488
0.0010004188
0.0014301288
0.00053574118
-0.001315443
-0.0015183729
-0.0020587993
-0.00077501661
0.00095864288
0.0012879808
0.0024238522
0.00080943666
-0.0023044533
-0.0017401194
-0.0030158311
-0.0010287416
0.0019342209
0.0015391434
0.0033912455
0.0010393749
-0.0032476829
-0.001903045
-0.0039252148
-0.0012255131
0.0028766393
0.0043454045
0.0016552268
0.0035917126
0.0038238026
-0.0012701123
-0.0048470591
-0.0019649829
-0.0041521884
0.0011519846
-0.0046554306
0.0044673817
0.0020844013
0.0038746919
-0.0016767734
-0.0047692621
-0.002196949
-0.0042490865
0.0014864288
0.0051868428
0.0020692935
0.004603978
0.0045067077
-0.0015168139
-0.0052695849
-0.0018967647
-0.0048896341
0.0013394627
-0.005619465
0.0052074848
0.0019209164
0.004438553
-0.0013614762
-0.0020513316
-0.0049296095
0.0013216394
-0.0055288865
0.0060719942
0.0021845324
0.0052091012
0.0052691775
-0.0012485149
-0.0063434885
-0.0019451356
-0.0056468678
0.0013059713
-0.0065254289
0.005745678
0.0018159631
0.0049311369
-0.0010822236
-0.0053673642
-0.0011121646
-0.0053374232
0.00080989781
0.0057085461
0.00070550333
0.0058129406
0.0049846198
-0.00038823828
-0.0048943749
0
-0.0052826131
0
-0.0059881165
0.0072588482
0.0025591469
0.0060056727
-0.00049922792
0
-0.0064873444
0
-0.0090464913
0.0017542407
0.0043065785
0.0012139378
-0.0041151277
-0.0020011859
-0.0047686264
-0.0013476872
0.0037512207
0.001944432
0.0051690473
0.0013124088
-0.0048968633
-0.0020231282
-0.0055538084
-0.001366183
0.0045340443
0.0021324123
0.0043505239
0.0015331091
0.0015055051
-0.0041417192
-0.0021892314
-0.0046220106
-0.00170894
0.0037323496
-0.0023271143
0.0021471917
0.0060438841
0.0012537646
-0.0056320018
-0.0018877532
-0.0063183571
-0.001201398
0.005222154
0.0025108592
0.0072627673
0
-0.006535632
0
-0.0060781553
-0.00045747674
0.0058324908
4.9522412e-05
0.00017701624
0.00010644855
-2.16656e-05
-9.1449623e-05
3.720966e-05
-3.0394891e-05
-0.000159588
-0.00010206753
-0.00017335797
-0.00034792536
-0.00027717035
-0.00024313084
-0.00031119099
-0.00048429856
-0.0004170103
-0.00059043168
-0.00065674965
-0.00082719316
-0.00076207774
-0.00045240205
-0.00052229555
-0.00069517724
-0.00062649222
-0.00079804616
-0.00086515896
-0.0010307346
-0.00096557248
-0.00093051071
-0.00099415222
-0.0011560555
-0.0010941986
-0.00125155
-0.0013112804
-0.0014582024
-0.0014009532
-0.0011275109
-0.0011903332
-0.0013423522
-0.0012822629
-8.3576341e-05
-0.00025928519
-0.00029481438
-0.00011838876
-0.00043515397
-0.0006098761
-0.00064583665
-0.00047108817
-0.00078203298
-0.00095011291
-0.00098475066
-0.00081757821
-0.001112541
-0.0012677082
-0.0012989266
-0.0011457431
-0.001428221
-0.0014851902
-0.0016172686
-0.0015637848
-0.001540815
-0.0015952435
-0.0017209134
-0.0016695923
-0.0017858178
-0.0018338436
-0.0019328262
-0.001888119
-0.0016873798
-0.0017370529
-0.0018430498
-0.0017974433
-0.0018923886
-0.0019338019
-0.0020078782
-0.0019705331
-0.0019752511
-0.0020168952
-0.0020855012
-0.0020462511
-0.0021008515
-0.0021387014
-0.0021771432
-0.0021397346
-0.0020298371
-0.0020642345
-0.0021033675
-0.0020690586
-0.0014139965
-0.0015498016
-0.0015753876
-0.0014426753
-0.0016735309
-0.001783588
-0.001801317
-0.0016954707
-0.0014704181
-0.0016001135
-0.0016241843
-0.0014974036
-0.0018783184
-0.0019558615
-0.0019632462
-0.0018912253
-0.0020138882
-0.0020465647
-0.0020408182
-0.0020145376
