FiniteElementSpace
FiniteElementCollection: ND_R2D_2D_P1
VDim: 1
Ordering: 0

-0.011872865
-0.013735009
-0.046010679
-0.016368444
-0.03647072
-0.065069646
-0.0064768511
0
-0.023221991
-0.048047978
0.0078873763
-0.01941011
-0.019482594
-0.0011084287
-0.015023624
-0.015869127
-0.032986684
-0.050463898
-0.031396917
-0.025983932
-0.043218707
-0.043597617
-0.056232303
-0.059447247
-0.071914268
0.0085835557
0.0023091487
-0.010398122
-0.0027351784
-0.013764428
-0.028360672
0
-0.0099452264
0
-0.011450606
-0.022699087
-0.034873351
-0.020810455
-0.062924244
0.0007366885
-0.033368003
-0.03040464
-0.052418764
-0.064089529
-0.039553439
0.00077559422
0.0027620012
-0.020240194
-0.007068632
-0.011433055
-0.033536468
-0.0099936363
-0.053198524
-0.0069457049
-0.00045944348
-0.0085238199
-0.01608498
-0.013803105
-0.024406456
-0.032895706
-0.021771877
-0.024937008
-0.033696168
-0.041107802
-0.049895537
-0.042474497
-0.016500293
-0.023420014
-0.032176633
-0.037393439
-0.046201596
-0.048697212
-0.056566146
-0.054687629
-0.040309084
-0.040801335
-0.048505112
-0.055473884
-0.061311168
-0.06355358
-0.062512389
-0.069314147
-0.069349722
-0.035914036
-0.029775573
-0.015916354
0.005066835
0.0083107165
0.0054390961
0.0015164996
-0.0045434712
-0.0017936634
-0.0085830384
0.0026823173
0.00031945101
-0.0046275088
-0.012319771
-0.015591616
-0.023417
-0.020144305
-0.010378176
-0.017195226
-0.016965312
-0.024114887
-0.024769278
-0.032760324
-0.031765286
-0.0051507878
-0.010515423
-0.0036532214
0
-0.0050687166
-0.0087355441
-0.014824028
-0.010928252
-0.017193278
-0.021503332
0
-0.0057511882
-0.011686325
-0.017409331
-0.02344584
-0.031571183
-0.038924472
-0.028349814
-0.034924389
-0.040771895
-0.045749099
-0.010948974
-0.015407345
-0.022489902
-0.056065187
-0.058685188
-0.065636025
-0.0078181923
-0.023166975
-0.024746054
-0.041836381
-0.024230714
-0.039261647
-0.05163392
-0.044666405
-0.0593448
-0.06631407
-0.025748802
0.0054148916
-0.0030558245
-0.00049600526
-0.017834096
-0.012897048
-0.020790881
-0.028208821
-0.0076347878
-0.004423829
-0.012808633
-0.0161748
-0.0054728241
-0.017490938
-0.036096075
-0.026459842
-0.040203573
-0.016603845
-0.060524935
-0.0016839835
-0.0065090493
-0.0025178369
-0.0041911218
0.0019844677
-0.0086142882
0.002723742
0.0091689273
0.003351156
0.0071840933
-0.0032380954
0.0049783392
-0.0025977871
-0.00044418848
-0.00046050703
-0.0010350011
0.003395178
4.125648e-05
0.0013601868
-0.0017950248
-0.00067419551
-0.0013336681
0.0016681152
-0.00075795743
0.00041747907
-0.0022558196
0.0006800579
0.0031419245
-0.0023531314
0.0012935188
-0.002135434
-0.0003160016
0.0040232282
0.0015921964
0.0037214643
0.0041897411
-0.00052891977
-0.0061766674
-0.0022866796
-0.0060691521
0.003429483
-0.0058128925
-0.0057522704
0.0008280254
-0.0040117615
0.006508126
0.00086144813
0.0048608063
-0.0024221967
0.0031837006
-0.0024475752
-0.0022517874
0.0042235657
-0.00050952147
0.0041289132
0.0015158852
-0.0059610778
-0.00010125367
-0.0061382207
0.0011739117
0.0081764511
0.0027570518
0.008300503
0.0078995102
-0.0016234232
-0.0099287636
-0.0030070521
-0.010324069
0.0041966228
-0.010550987
-0.00092314926
0.0074814844
0.00054798607
0.0018905944
0.0069361331
0.00046022323
-0.0086858136
-0.00084081107
-0.0093774953
0.0018849865
0.012569876
0.0054508234
0.012918341
0.012034517
-0.0042082261
-0.014203255
-0.0051845684
-0.014902394
0.0064765734
-0.015396044
0.0067343157
0.013068127
0.0081227828
0.013009416
-0.0054432807
-0.006759828
-0.007847764
-0.015667481
0.0092826995
-0.015705414
-0.0010920285
-0.0006299465
5.1564036e-05
-0.002113299
-0.0012626303
0.0041945737
-0.0017060593
0.003166382
-0.00026734331
0.0019923995
-0.0042376468
-0.013326413
-0.0039087381
-0.012555138
0.0039406719
-0.013763051
0.003527575
0.013843985
0.0029823853
0.013569585
-0.0034254583
0.012975768
-0.0050488717
-0.011431876
-0.0049633167
-0.0099792668
0.004620157
0.0044112514
0.0040650989
0.012002668
-0.0047860242
0.010642105
-0.012601587
-0.0045183455
-0.011336859
-0.013374759
0.0035380462
0.013707288
0.0027108167
0.013261315
-0.004129664
0.012129365
-0.0086471867
0.00031845643
-0.0072476588
0.00060010289
0.0093190438
-5.0778147e-05
0.0079875458
-0.0012813716
0.0065578023
-0.0016971047
-0.0057741397
-0.0020364194
-0.00049318704
-0.0087045233
-0.00098909866
0.0094083652
-0.00032783541
0.0079942978
-0.0008129133
-0.0072985353
0.0021458762
-0.0058276023
0.0026828979
0.0015987574
0.0064966109
-0.0027646763
0.005017509
-0.0034506845
-0.0043682416
-0.0041079258
0.0031734693
-0.0042717866
0.0035905898
0.005082392
0.0036225295
-0.0047096443
-0.0027933239
-0.0052319541
-0.0015067519
-0.010116804
-0.001979342
0.010860722
0.00038985345
0.0092019226
0.00011299535
-0.0086382519
-0.0095681157
0.00032554662
-0.0077944696
0.00067653449
0.0096969194
0
0.0078801791
0
0.0063006901
-0.00070717702
-0.0062099077
-0.0013902859
0.0010905241
-0.007070165
0.0075131702
0.0059569874
-0.0020749927
-0.0055532182
0.0029287381
-0.0041540894
0.003840469
0.0019861551
0.0045477804
-0.0025231482
0.0033029248
-0.0037163202
-0.0029048881
-0.0048580877
0.0010117584
-0.0048018173
0
0.0049100785
0
0.003700847
-0.0012836987
-0.0035690203
0.0044622772
-0.001829308
0.0058363388
0.0030264615
0.0022361914
-0.0035030485
0.0013588376
-0.0051742782
-0.00094387135
-0.006778861
0.0062803518
-0.0013917827
0.0055327768
0.0022374489
-0.0069494195
0.00097791896
-0.0078705247
-0.00011641757
0.0047131837
-0.002987226
0.003629965
0.002380153
-0.0059400897
-0.0017351683
0.0094695299
0.00098945772
0.010466839
0.0083542148
-0.00011463346
-0.0097393817
-0.001006282
-0.011065195
0.0018885226
-0.01226424
0.0058484649
-0.00025905176
0.0076792152
0.0039516068
0.00067611997
-0.0043645878
0.00018647231
-0.0064739428
0.00022339271
-0.0085213756
0.017310289
0.0072306714
0.017977352
0.016418252
-0.0058926742
-0.018655716
-0.0062867848
-0.019777253
0.0076642078
-0.020656934
