FiniteElementSpace
FiniteElementCollection: ND_R2D_2D_P1
VDim: 1
Ordering: 0

0
0
0
0.033372135
0.021043781
0.064302282
-0.014010689
0
0.0095475552
0
0
0.024187887
0.0027073112
0.0068410448
0.049399078
0.029669663
0.048534054
-0.011106852
-0.004712722
0.010338606
-0.00080695406
0
0.002635596
0.007488359
0.020049166
0.0091314256
0.014407541
0.031452804
0
0.0018727884
0
0
0.003522416
0
0.012992137
0.0618279
0.035899876
0
0.00047947799
0.0015965816
0.017132937
0.018948925
0.0025975354
0.00089453129
0.0076198499
0.046001491
0.019557225
-0.013198791
-0.009417119
-0.0027409714
-0.0052674329
-0.00083642495
0.0060212911
0.0056981826
-0.00096267634
0
0.00023611215
0.00056386425
0
0.00075225332
0.0022929687
0.004050187
0.0056478563
0.0089074064
0.015467407
0.014242109
0.023250341
0.026054042
0.0054310648
0.01194234
0.014495447
0.019223783
0.026604703
0.032424083
0.020131138
0.025099599
0.033387384
0.0096958722
0.013772778
0.0082379818
0.010405446
0.017177179
0.019193281
0.028667827
0.0027610104
0.0054663224
0
0.0007748909
0
0.00052304695
0.0023207204
0.0040409276
0.0014061411
0.0020265827
0.0052960958
0
0.00021659758
0
0
0.0004276755
0
0.0017563924
0.011288803
0.010231347
0.019114864
0.0054403367
0
0.0038579047
0
0.0066349318
0.056881852
0.048643556
0.054360919
0.064826016
0.038856779
0.030097722
0.042289766
0.042956369
0.057622254
0.016271656
0
0.010062025
-0.0077109862
0.0020118231
-0.00025834647
0.00055716563
0.0050607091
0.019750261
0.0093702945
0.01356191
0.025356707
0.026253162
0.014408123
0.012265357
0.022450711
0.0056988594
0.00079709357
0.00065625444
0.0048239248
0.0030397232
0.00035776984
9.2886853e-05
0.00097979764
0.014868261
0.0079893868
0.0026996701
0.0051296367
0.056193017
0.034914306
0.049208809
0.0081934944
-0.013039827
0.0017745727
-0.01314978
0.0026641565
0.014784233
0.00059960354
0.01503084
-0.0029784741
0.01493526
-0.0041838383
-0.013031574
-0.0051834995
0.0068018423
-0.012655177
0.0079001991
0.0055622881
0.014482502
-0.0080088393
0.013817564
-0.0094394814
-0.012071663
-0.010701833
-0.01805944
0.0030214653
-0.017489974
0.0057097175
0.019175147
0
0.018732664
0
0.018247956
-0.003429712
-0.016926069
-0.0065728265
0.0037618029
-0.016299808
0.0072834537
0
0.017654813
0
0.016895198
-0.0040231092
-0.015553977
-0.0078553536
-0.014014846
0.010534612
-0.01334145
0.013490588
0.015520508
0.014867078
0.014138951
-0.011460127
-0.012633244
-0.014802884
-0.0083542768
0.014726715
-0.0076775373
0.01570747
0.01023213
0.013453987
0.009562152
-0.016051787
0.0088463998
-0.017635426
-0.0069466005
-0.018884474
0.011915909
-0.011383217
0.010127749
0.013101053
-0.011936519
0.012398799
-0.014150146
-0.010671803
0.016130928
-0.0099755186
0.018437712
0.011712014
0.011023773
-0.017851288
-0.0093020364
-0.020572673
0.020391649
-0.0062161516
0.021972674
0.0081376837
0.0074683172
-0.022934329
-0.0055322379
-0.024901314
0.02519683
-0.0049320665
0.02759434
0.022410954
0.0068508844
-0.023892458
0.0062779618
-0.02709761
-0.00443458
-0.029951489
0.019284482
-0.0086417907
0.015861952
0.01030408
-0.016645941
0.0095104813
-0.020393085
-0.0079648794
0.021140982
-0.0072203935
0.024956562
0.017137547
0.0085861207
-0.017332346
0.0074664849
-0.021510196
-0.0063360519
-0.02555884
0.028541876
-0.0040281989
0.031846467
0.0057103189
0.0050757895
-0.029448342
-0.003648671
-0.033142961
0.012183221
-0.01184722
0.0082873565
0.013284933
-0.0085745943
0.012252549
-0.012693366
-0.010932842
0.004212837
-0.014634647
0
0.015914451
0
0.014662107
-0.0043297638
-0.013489167
0.0043745355
-0.012069604
0.0087162455
0
0.013094963
0
0.011181629
-0.0043513779
-0.01033612
-0.0087173574
0.01298341
-0.0098345442
0.0109887
0.0094457294
-0.013056924
-0.0084952488
0.012928633
-0.0068658505
0.017245303
0.0085903535
0.0075862386
-0.0083519825
0.0053897007
-0.012623498
-0.0049117872
-0.016907232
0.0042670096
-0.008262705
0
0.0089057186
0
0.0062683755
-0.004130335
-0.0058398294
0.0039502337
-0.0030767066
0.008021134
0
0.0032881859
0
0
-0.0037348714
0
-0.0076150084
0.01217056
-0.0026200248
0.016359492
0.0028546914
0
-0.011598452
0
-0.01564397
0.02977675
-0.0031826608
0.033746976
0.025692393
0.0042748744
-0.025391426
0.003207114
-0.029552092
-0.002490409
-0.033649533
0.021508374
-0.0052319049
0.006087144
0.0043975579
-0.021171538
-0.0038347584
0.020553298
-0.0020962883
0.024724605
0.0023689425
0
-0.019713287
0
-0.023773016
0.028855244
-0.001452568
0.032941666
0.0017943636
0
-0.027797689
0
-0.03177304
0.002633729
0.031960514
0.003518115
0.032360614
-0.00060878838
0.031018854
-0.0013795172
-0.034327007
-0.0019742616
-0.035697167
0.0042613917
-0.036446387
-0.00028043593
0.034800113
-4.4471302e-05
0.037309203
0.0024312571
0.0021453986
0.0020103033
-0.036595528
-0.00010477298
-0.039725822
0.03924963
0.0047318161
0.040498358
-0.0022691295
-0.0021212114
-0.042401658
0.0046955872
-0.044408061
-0.00062822129
0.036999704
-0.00057324923
0.041077505
0.0016498671
0.0010542979
0
-0.035702229
0
-0.03961567
