FiniteElementSpace
FiniteElementCollection: RT_R2D_2D_P0
VDim: 1
Ordering: 0

-0.0050036739
-0.020807232
-0.013661597
-0.012149309
0.018069101
-0.01613224
0.013394109
0.028485518
0.021696986
0.020182641
-0.0090137821
0.024830455
0.00057384742
-0.0073635708
-0.0079048478
0.0011151244
0.01248556
-0.0025075056
0.007629495
0.015483876
0.015942088
0.0071712831
-0.00309363
0.011982501
-0.010797467
-0.020439271
-0.0057679527
0.01980094
0.018373089
0.027746018
0.010428011
-0.015383406
-0.023075723
-0.023327602
-0.015131526
-0.017664283
0.022334578
0.029721494
0.029673516
0.022382557
-0.017956351
0.027753807
-0.024037972
-0.013784252
-0.032054271
0.036090037
-0.0085321127
0.030837898
0.020505117
0.038344157
0.012998858
-0.02668004
-0.025034295
-0.034050052
-0.019156552
0.032466415
0.030332635
0.038992027
0.023807023
-0.028135581
-0.034993046
-0.034595751
-0.028532875
-0.028472087
0.032471069
0.038487597
0.037745377
0.03321329
-0.028101602
0.039707439
-0.036860133
-0.033842115
-0.04223016
0.046763065
-0.026679989
0.03960094
0.035224582
0.043478752
0.031346769
-0.035089332
-0.043237255
-0.033455237
-0.03788362
-0.036116301
0.030624423
0.044668038
0.034465777
0.040826684
-0.026350592
0.047931329
-0.01959185
-0.044308117
-0.026350197
-0.037549769
0.030331712
0.023907214
0.029518257
0.042320286
-0.020044314
0.048626169
-0.0085803331
-0.0076220089
0.00015680016
-0.0040202451
0.0074224128
0.016968437
0.01597614
0.0084147095
-0.0030131729
0.013023545
-0.022592324
-0.057227008
-0.027987013
-0.051832318
0.03066883
-0.048867083
0.022308904
0.055939512
0.025325549
0.052922867
-0.019085368
0.061824512
-0.01704852
-0.059138277
-0.02483273
-0.051354067
0.026977141
0.019671183
0.026358998
0.055136697
-0.017632484
0.062336943
-0.066633093
-0.026345274
-0.057920303
-0.056977468
0.016703374
0.06776513
0.023401007
0.061067497
-0.015957482
0.071455288
-0.043739786
-0.018333129
-0.051342656
-0.010730259
0.054550506
-0.012327199
0.048544575
0.022434686
0.055413122
0.01556614
-0.045064753
0.021844042
-0.020186804
-0.059213672
-0.01322827
0.05537841
0.022295216
0.062388267
0.015285359
-0.052064344
-0.024028076
-0.057676343
-0.018416077
-0.015527466
0.053887657
0.022347471
0.057306542
0.018928586
-0.049582358
0.027022572
-0.025605451
-0.051204939
-0.019465265
0.048223748
0.052947156
0.022299164
-0.044023178
0.029480925
-0.022382243
-0.067074275
-0.012731667
0.061804713
0.020693708
0.069295176
0.013203245
-0.057982304
-0.063583615
-0.0078070129
-0.062286528
-0.0091040999
0.065958626
0
0.058151613
0
0.05353529
0.0046163233
-0.054053267
0.012849584
-0.020270791
-0.062725629
0.058128485
0.057991321
0.012986749
-0.053364907
-0.017345185
-0.053534792
-0.0171753
-0.0092196251
0.049865761
0.011528111
0.047469125
0.013924746
-0.0455676
0.021891938
-0.0060247708
-0.050858413
0
0.047510519
0
0.042697366
0.0048131531
-0.044143455
-0.016782558
-0.043613675
-0.018736483
-0.00972938
0.040415947
0.011158051
0.036904873
0.014669125
-0.036399194
0.021883606
-0.030857936
-0.048201125
-0.023010847
0.045100067
0.029820327
0.047403081
0.027517313
-0.040493856
-0.025716813
-0.052288324
0.048765029
0.048982749
0.021674218
-0.044142215
-0.034338533
-0.042581944
-0.032250445
-0.02638839
0.039452938
0.031365631
0.039623294
0.031195276
-0.034721372
0.039055848
-0.016380008
-0.033238491
-0.019540711
-0.0099019253
0.03042679
0.01059326
0.026345985
0.014674066
-0.026619565
0.021292992
-0.049428845
-0.0304459
-0.045333537
-0.041766604
0.026803536
0.048517506
0.029020687
0.046300355
-0.022666415
0.05407984
3.1281423e-05
1.8285444e-05
-4.7215466e-05
-3.1060833e-05
0.00013650559
7.1334086e-05
1.5594048e-05
8.0696488e-05
8.6692334e-06
-5.2140863e-05
-0.00010735691
-4.6924953e-05
-0.00011527563
-0.00017695207
-0.00025964289
-0.00019494254
-0.0001115499
-0.00016981355
-0.00022310705
-0.00016603344
-0.00023668493
-0.00029450706
-0.00038293768
-0.00032233884
-0.00042106569
-0.00048645582
-0.00060236856
-0.00053026041
-0.00054928443
-0.00060912017
-0.00073761714
-0.00067165988
-0.00064679277
-0.00072736651
-0.00085773024
-0.00076716382
-0.00047879641
-0.00056372638
-0.00067382678
-0.00057858142
0.00018823007
0.00012947973
0.00016178404
0.00022535425
-0.00060824708
-0.00074587558
-0.00083108799
-0.00068027056
-0.00044676197
-0.00050806196
-0.00056859117
-0.00049854836
-0.00054574127
-0.00062508795
-0.00067658287
-0.00058707567
-0.00033716903
-0.00038923802
-0.00043187634
-0.00038341815
-0.00043832008
-0.00048343994
-0.00051712275
-0.00047673957
-0.00054535712
-0.00058411737
-0.00068260953
-0.0006427413
-0.00045448173
-0.00050189701
-0.00059811893
-0.00054928135
-0.00052342634
-0.00055687103
-0.00058021173
-0.00055198519
-0.00066559422
-0.00067988998
-0.00078624074
-0.00076931274
-0.00061746045
-0.00064470302
-0.000746208
-0.00071719851
-0.00084645244
-0.00087843705
-0.0010349268
-0.00099933587
-0.00090442023
-0.00092397948
-0.0010859178
-0.0010639485
-0.0011696275
-0.0012090059
-0.0013939173
-0.0013508178
-0.00066549294
-0.00071788314
-0.00085737585
-0.00079969241
-0.0007658081
-0.00080878339
-0.00095762265
-0.00091015885
-0.00094766186
-0.00101189
-0.0011762105
-0.0011045955
-0.0015363321
-0.001582836
-0.0017689601
-0.0017195438
-0.00088771554
-0.00098951034
-0.0011187449
-0.001004808
