FiniteElementSpace
FiniteElementCollection: ND_R2D_2D_P1
VDim: 1
Ordering: 0

0
0
0.49288426
0
0.13552197
0
0.27968194
0
0.11634616
0
0
0.20911908
0.19569898
0.046105186
0.45874978
0.45330701
0.063902997
0.24482778
0.39302062
0.17300836
0
0.1019161
0
0.15372933
0.23753839
0.30038371
0
0.09234884
0
0.05184634
0.1554792
0.18887841
0.079283759
0
0.018700426
0
0
0.018958059
0.3577553
0.083022206
0.12209158
0.35081697
0.11630099
0.07138911
0.24555983
0.1327946
0.033998531
0.0069946427
0.48100839
0.41312131
0.38003315
0.44808131
0.3059819
0.26635054
0.34138756
0.19327174
0.12878978
0.09356867
0.1574726
0.15580613
0.0998885
0.074176318
0.040699772
0
0.050533686
0.18842409
0.14145228
0.22272831
0.23007152
0.11373254
0
0.06186008
0
0.09154905
0.37660063
0.4068303
0.47839538
0.26264159
0.29870347
0.21953004
0.2511798
0.32944404
0.13836734
0.18161517
0
0.058178721
0
0.044921433
0.10585108
0.14541787
0.082772945
0.11354963
0.17752959
0
0.034144765
0
0.024358499
0.062134325
0.083646596
0.13714249
0.20221634
0.15337834
0.21930137
0.098420146
0.10623787
0.1620689
0.043116468
0.055974337
0
0.01559445
0
0.0082545475
0.026246928
0.03175662
0.012472274
0.012555517
0.031974102
0
0.0028534417
0
0
0.0028710369
0
0.0084214261
0.42902852
0.32112793
0.14147943
0.11334754
0.045043246
0.201076
0.16942401
0.054690817
0.066624604
0.42594927
0.31746505
0.2721536
0.19751635
0.064357562
0.04989389
0.15971774
0.12754983
0.03884013
0.028807578
0.097316336
0.17598823
0.12823929
0.068763124
0.019613035
0.011585658
0.021194939
0.0052139332
0.0010409341
0.0052823498
-0.015838209
-0.016949948
-0.015195354
-0.017370648
0.015105967
-0.016324114
0.014317438
0.01608397
0.013388037
0.016773901
-0.014413192
0.01724379
-0.016683484
-0.013487781
-0.017208921
-0.01591395
0.012308346
0.015807691
0.011059314
0.016686259
-0.012415842
0.017277093
-0.0066993045
-0.010876231
-0.0049245457
-0.012628738
0.005427359
-0.0091896897
0.003827677
0.0080242427
0.0022889735
0.009696122
-0.0030508382
0.011587473
-0.0043024716
-0.0076324249
-0.0029264453
0.0033157864
-0.0062173163
0.0021619337
0.0052646039
0.001186383
0.0065510996
-0.0016836229
-0.0081785122
-0.0013316629
-0.0099750932
-0.0066662344
0.00096860274
0.0052442687
0
0.0064677748
0
0.0079480962
-0.016806884
-0.011191008
-0.017480636
-0.015744991
0.0095822036
0.01573136
0.0077886427
0.01708756
-0.0097518133
0.017922502
-0.0095973812
-0.014332297
-0.0079067618
0.0081190125
0.0062704503
0.0040821288
0.013658351
-0.0055625609
-0.012166224
-0.0026251774
-0.014877482
0.0018302775
0
0.009796903
0
0.012280799
-0.01807822
-0.008442934
-0.018753996
0.0041668994
0
0.01610741
0
0.023952325
0.0050013923
-0.017516269
0.0054581025
0.0043507011
0.017479758
-0.0045806199
0.017556916
-0.0052133863
-0.0175199
-0.0056539131
0.0035030502
-0.017538092
0.0024514662
0.017710341
-0.002744058
0.017926565
-0.0037536651
-0.017689288
0.0040717944
-0.01763216
0.0048602767
0.0031221497
0.01789413
-0.0035514711
0.017597103
-0.0044358116
-0.01735362
-0.0051832255
0.0011868422
-0.018035127
-0.00027586562
0.018595222
-0.0002597205
0.018903529
-0.0015756527
-0.018298652
-0.002420773
-0.020045212
0
0.020611938
0
0.019120921
0.0002761111
-0.019476117
0.00053370731
-0.018691713
0.001114183
0
0.018162955
0
0.017342288
-0.00093598119
-0.017868205
-0.0017345749
0.0020631455
-0.018243599
0.018612077
0.018005234
-0.0026078811
-0.017853991
0.003090156
-0.017196856
0.003990295
0.002166426
0.017208763
-0.0024774995
0.016260675
-0.0034858688
-0.016328924
-0.004399575
0.0011753192
-0.016985951
0
0.016506432
0
0.015589041
-0.0013374242
-0.016009598
0.0014514612
-0.01492028
0.0027114351
0
0.014554415
0
0.013388674
-0.0015374252
-0.013702034
-0.0028889091
0.0038051122
-0.01528132
0.0047600474
0.015168677
0.01393791
-0.0040632645
-0.014070196
-0.0050687863
-0.016117886
0.0055783964
-0.01518214
0.0062445848
0.016260037
0.015272289
0.014102602
-0.0059103174
-0.014055623
-0.0065790125
0.0062032835
-0.012754249
0.0068858995
0.0053298021
0.012766776
-0.0055472408
0.011279664
-0.0064575629
-0.011292317
-0.0071608992
0.00427021
-0.012708757
0.0030274409
0.012568519
-0.0031338487
0.011067861
-0.0044374678
-0.011205669
0.0016004383
-0.012353486
0
0.012085144
0
0.010647658
-0.0016488407
-0.010874086
0.00168398
-0.0092732831
0.0032172948
0
0.0090835054
0
0.0074068292
-0.0017107519
-0.0075616639
-0.0032816695
-0.0078233598
0.0047678364
-0.0059719545
0.0060038388
0.0077061448
0.0033334566
0.005873086
-0.0033770775
0.0039627129
-0.0048437088
-0.0040369479
-0.0061128043
0.0017306739
-0.0057567104
0
0.00563509
0
0.003791108
-0.0017475997
-0.003878196
0.0017644275
-0.0019504292
0.0034185582
0
0.001901792
0
0
-0.001786336
0
-0.0034642864
0.0049139476
-0.00203847
0.0062121069
0.001996953
0
-0.0049858438
0
-0.0063107012
