FiniteElementSpace
FiniteElementCollection: ND_R2D_2D_P1
VDim: 1
Ordering: 0

0
0
0
0.50402541
0.28959316
0.41949956
0.13925746
0
0
0.13539826
0
0.059687752
0.2118478
0.36089945
0.35868319
0.46906213
0
0.065953391
0.17987755
0.21524849
0.098423754
0.096733733
0.21284967
0
0.026544867
0
0
0.025857242
0
0.062634279
0.32008618
0.24995768
0.40346577
0.17399574
0
0.10191443
0
0.43946753
0.086840821
0.27300251
0.15531169
0.045458205
0.010737894
0.043579132
0.36611363
0.26839908
0.08214385
0.12365388
0.4043782
0.328649
0.32744396
0.40335123
0.042697366
0
0.032043451
0.077111441
0.2288603
0.16114106
0.17868134
0.24661412
0.25487178
0.18684462
0.18567387
0.25361986
0.11971675
0.12761512
0.079254304
0.078503853
0.12662531
0.11695744
0.17535117
0
0.021735739
0.056051465
0
0.012360829
0.03599736
0.07180419
0.042804339
0.018289126
0.018021389
0.042307683
0
0.0047152597
0
0
0.0046205297
0
0.011827799
0.069787216
0.053460852
0.098950972
0.034761517
0
0.020511559
0
0.029999732
0.4918535
0.4226982
0.38951806
0.45914552
0.44901782
0.37416603
0.34708596
0.26951947
0.23398567
0.31289777
0.24301156
0.31691659
0.15618984
0.22335695
0.29741977
0.19508716
0.12860771
0.093081292
0.15867421
0.073063093
0
0.039856783
0
0.050079653
0.1144556
0
0.062209305
0.36449005
0.037011593
0.20227469
0.21874285
0.15186022
0.10179164
0.14973554
0.026597198
0.01675499
0.056472058
0.02950286
0.00819895
0.0018469677
0.0079232255
0.083540753
0.055289369
0.015901489
0.024972372
0.43936964
0.39659141
0.28850528
0.2836269
0.19781009
0.24430382
0.14186877
0.11269744
0.034562334
0.044344521
0.054544388
-0.0013589132
0.014483075
-0.0018513824
0.015780345
0.0019675507
0.013077487
0.0024947036
-0.012640622
0.0028551481
-0.014028274
-0.0021991122
-0.015320677
-0.0059837112
0.0016542635
-0.0064220264
0.0033335693
0.0064364254
0
0.006825667
0
0.0069541055
-0.0015826678
-0.0066049052
-0.0031941291
-0.0037936076
0.008384441
-0.0043492252
0.010010673
0.0043791269
0.0067148091
0.0049254205
-0.0064447872
0.0052349769
-0.0080541774
-0.0046904828
-0.0096368938
-0.0034949372
0.010784979
-0.0036708676
0.012226325
0.00410643
0.0092861159
0.0042604976
-0.0089498034
0.0042069674
-0.010408291
-0.0036628739
-0.011825173
0.0077524569
-0.0048073595
0.0061927363
0.0053138979
-0.0059534841
0.0051588314
-0.0074583168
-0.0047083038
0.0071666034
-0.0043929666
0.008608089
0.00571237
0.0047821763
-0.0054677
0.004189466
-0.006862748
-0.0038757305
-0.0082553709
0.010030605
-0.0034692779
0.011414849
0.0039571941
0.0035126161
-0.0096310155
-0.0031039208
-0.01098496
0.0015186046
-0.0065302535
0.0030637159
0
0.0068261989
0
0.0064473931
-0.0014560624
-0.0062075535
-0.0029409567
0.0013954987
-0.0056445869
0.0028178796
0
0.0058303563
0
0.0049910428
-0.0013337365
-0.0048592063
-0.0026949386
-0.0055619379
0.0042609014
-0.0051194061
0.0059108473
0.005408215
0.0046812783
-0.0040745648
-0.0044590728
0.0038850672
-0.0035936857
0.0052117802
0.0025690587
0.0037515588
-0.0024448379
0.0026408072
-0.0036918395
-0.0025465856
-0.0049492595
0.0012723771
-0.0038705805
0
0.0039529949
0
0.0027455609
-0.0012118692
-0.0027074242
0.0011579391
-0.0014036024
0.0023285442
0
0.0014083325
0
0
-0.0011263053
0
-0.0022393028
0.0035056334
-0.0013392982
0.0046843277
0.001379961
0
-0.0033417798
0
-0.004434932
0.0092027471
-0.0025675817
0.010510944
0.0078768238
0.002887893
-0.0074727871
0.0020865331
-0.0087301487
-0.0018719642
-0.009983561
0.0065457995
-0.0031625574
0.003398687
0.0024225771
-0.0062098939
-0.0022707377
0.0058639962
-0.0012103786
0.0070403618
0.0012834192
0
-0.0055184105
0
-0.006594028
0.0082157391
-0.0010141088
0.0093864141
0.0011220219
0
-0.0076619609
0
-0.008726766
0.0016033947
0.019356228
0.0016499935
0.019769139
-0.0010515214
0.018770098
-0.0010328224
-0.018350749
-0.0010998222
-0.018928679
0.0017815856
-0.01932108
0.0004469196
0.018017038
0.00036938262
0.00019429369
0.017107552
0.00032110554
-0.016684136
0.00034760941
-0.017597524
0.00038257108
0.017196258
0.00046916373
0.017958009
0.016267481
0.00029300623
-0.015849057
0.00018295171
-0.016808622
0.0005988427
-0.017597938
0.013599455
-0.0023935034
0.01488085
0.0030490349
0.0030716094
-0.013177515
-0.002442299
-0.01445373
0.012752463
-0.0023471493
0.014019017
0.0029351616
0.0026408638
-0.012298307
-0.0021264009
-0.013563428
-0.0010717451
0.015201125
-0.0010230385
0.0017716343
0.0017120937
0.001546588
-0.01475274
-0.00090379271
0.014261345
-0.00073461175
0.015396263
0.013051598
0.0013010343
-0.012456781
0.00097272971
-0.013669136
-0.00055090867
-0.014864661
0.011799701
-0.0017819834
0.0022033635
0.0016181636
-0.011224295
-0.0013247769
0.010559303
-0.0007359307
0.011733263
0.00088825868
0
-0.0097915084
0
-0.010867774
0.01292474
-0.00032596765
0.01413988
0.00055562722
0
-0.011968557
0
-0.01312782
0.00070240657
0.015414351
0.0004236794
0.016752358
9.7084221e-06
2.7119736e-05
0
-0.014398595
0
-0.015914912
