FiniteElementSpace
FiniteElementCollection: ND_R2D_2D_P1
VDim: 1
Ordering: 0

0
0.14895601
0
0.087952933
0.12685592
0.12443607
0.088707218
0.041847047
0
0.16655762
0.064568338
0.17065651
0.1397693
0.14900961
0.10888677
0.10736991
0.1481422
0.13857596
0.12153667
0.078297026
0.050090327
0
0.06515161
0.019613771
0.096226821
0.076473568
0.053223129
0
0.031455678
0
0.16270454
0.13032676
0.16180419
0.11151206
0.040187029
0.10996633
0.081186717
0.025441271
0.038456858
0.16154159
0.14588554
0.15291126
0.16831408
0.15935687
0.14120194
0.14065381
0.15902592
0.13945544
0.1192097
0.12091205
0.099502728
0.098695534
0.12019553
0.11711056
0.13784953
0.1565059
0.13288465
0.15188209
0.16786575
0.14529757
0.13695427
0.1179218
0.12727719
0.10690145
0.084778308
0.096578941
0.071605136
0.046301488
0.061105817
0.030257582
0
0.020668891
0.1259135
0.11715477
0.1117547
0.10427551
0.08162318
0.071433801
0.094879616
0.083853342
0.095382633
0.08965345
0.077333995
0.07391409
0.053926677
0.047999324
0.067954264
0.059531905
0.039584574
0.028754074
0.048698993
0.030768353
0.022739026
0.0094759967
0
0.012435262
0
0.015554507
0.059263588
0.045370436
0.0354282
0
0.019474826
0
0.15682936
0.14970177
0.12977737
0.10937285
0.12852277
0.1443932
0.15631663
0.1315515
0.10087718
0.064872048
0.022147916
0.13087344
0.11818998
0.087337807
0.10001977
0.102952
0.085842248
0.060451138
0.074069475
0.043541622
0.034833738
0.010841806
0.013784564
0.063902188
0.052723668
0.016964927
0.021349571
-0.026150031
0.0091179937
-0.02573023
0.0098106988
0.026146808
0.0082762821
0.025754305
-0.008311676
0.025148141
-0.0091589069
-0.025106817
-0.0098675333
-0.025623307
-0.025163499
-0.024853567
-0.025839821
0.025157452
-0.024219969
0.024257737
0.02366652
0.023073942
0.024774961
-0.023819965
0.025593759
-0.024648232
-0.02300783
-0.023609658
0.02411435
-0.021526449
0.022925771
0.020598079
0.0214261
0.02227237
-0.022271028
-0.021396049
-0.020637093
-0.022978716
-0.019539553
0.019637631
0.018369358
0.017597674
0.020384631
-0.018723055
0.022154213
-0.024267812
-0.022513232
-0.025248777
0.021601212
0.019837352
0.023639435
-0.020923608
0.024805129
-0.025050459
-0.025916278
-0.024063262
-0.026277342
0.024486035
0.023344196
0.021940654
0.025631878
-0.02284287
0.026118564
-0.025815595
-0.026347975
-0.02508572
0.025496756
0.02464794
0.023593512
0.026281631
-0.024173744
-0.02612265
0.0072830189
-0.025771295
0.026096152
0.0061366156
0.025800714
-0.0062113633
0.025257075
-0.0073278473
-0.025191796
-0.026094079
0.0048348739
-0.025871831
0.026158265
0.0033756027
0.026028386
-0.0036251954
0.025567241
-0.0049718115
-0.025369261
-0.026361637
0.0017538809
-0.026347997
0.026862298
-1.4016779e-05
0.026969584
-0.00083232936
0.026465998
-0.0022136699
-0.025903851
-0.028057484
-0.0019361415
-0.028316754
0.033348808
0
0.029766112
0
0.02790177
-3.0216561e-05
-0.027222643
-0.026185317
-0.02308235
-0.025913429
0.022329807
0.025671852
0.020847595
0.02607678
-0.021815424
-0.025274962
-0.021376831
-0.024257578
0.020258601
0.023586016
0.018266949
0.024842248
-0.019641958
-0.024311634
-0.017587577
-0.025401923
-0.022745321
0.015914294
0.021643037
0.013122088
0.023620658
-0.015109719
0.025097591
-0.02597961
-0.020375838
0.019124616
0.017100977
0.025928212
-0.018761369
-0.022877844
-0.019037019
-0.021183874
0.017785351
0.020046779
0.015455288
0.021957194
-0.016836096
-0.019237552
-0.016554842
-0.017100607
0.015359138
0.015738792
0.012986286
0.017950337
-0.014176609
-0.016517765
-0.011653965
-0.018717438
-0.01429061
0.010555973
0.012766087
0.0081469962
0.014947816
-0.009078525
0.01717821
-0.020828983
-0.014302453
0.012882041
0.01014417
0.019432991
-0.011451983
-0.017734591
-0.0084025966
-0.020143702
-0.015443732
0.0073695565
0.013557907
0.0046916934
0.015770937
-0.005364682
0.018191572
-0.013262331
-0.0065485784
-0.011184709
0.0058349312
0.0095693282
0.0036798864
0.01149813
-0.0041539418
-0.0096943431
-0.0019583334
-0.011583931
-0.0079448661
0.0017257906
0.0063327391
0
0.007886697
0
0.0095805766
-0.013631259
-0.0025277483
-0.015894596
0.0022158826
0
0.011419013
0
0.013434211
-0.025972825
-0.016949821
-0.024706225
0.014617513
0.023980533
0.011204767
0.026181752
-0.014832858
-0.022604509
-0.011996034
0.0098439012
0.0063238066
0.020918528
-0.0079413949
-0.018515871
-0.0036820504
-0.021835175
0.0029592855
0
0.015721682
0
0.018545417
-0.026557976
-0.011914283
0.0053143674
0
0.022781756
0
