FiniteElementSpace
FiniteElementCollection: RT_R2D_2D_P0
VDim: 1
Ordering: 0

-0.012370367
-0.0016530794
-0.012480632
-0.0015428148
0.011836756
-0.001384852
0.011568529
0.0017725375
0.011381041
0.0019600251
-0.012103028
0.0023376294
-0.010791269
-0.0011472834
-0.0105537
0.0095063538
-0.00091902586
0.0092780962
0.00095685746
0.0087953165
0.0014396372
-0.0102208
-0.0024738111
-0.011960129
-0.0026167102
-0.0020331171
0.010940347
0.002259188
0.010515357
0.0026841788
-0.011411764
0.0032325431
-0.0081439146
-0.00039485035
-0.0076197391
0.0062809895
-0.00023874993
0.006124889
-4.2654951e-06
0.0054202935
0.00070033006
-0.0073632117
-0.0047569376
0.00050712901
-0.0040110587
0.0025050245
0.00053984807
0.0024723055
-0.00099001052
0.0016163595
-0.00013406451
-0.0038812597
0.0005139596
-0.0030621976
-0.00030510247
0.00056049745
0.0015698216
-0.0010481573
0.00072004703
-0.0001983827
-0.0028937752
-2.9960352e-05
0.00067971875
-0.0020484826
-0.00016557389
0.00073471743
0.00066504835
-0.0013171497
-0.00012262211
-0.00052947924
-0.0018586425
-0.00033963918
-0.0043730869
-0.0056646381
-0.0032972939
-0.006740431
0.0036922077
-0.0051371697
0.0031647393
0.003043918
0.0019630393
0.004245618
-0.0028219473
0.0047209647
-0.0020316756
-0.0016169007
-0.0032367221
-0.0016742953
0.001605659
-0.00059229527
0.00039068423
0.00062267954
-0.0013239509
0.00091562938
-0.0033932072
-0.0036554734
-0.0022917431
0.0028242054
0.0024054541
0.0011775889
0.0021434945
-0.0019302131
-0.001003188
0.0014547307
-8.8305294e-05
-0.001465668
0.00128793
-0.0012988673
-0.0018787815
-0.0022559666
-0.00092168219
-0.00015663363
0.0061595148
0.0031751365
0.0074720207
0.0018626305
-0.0090335813
0.0020273288
-0.0078857736
-0.0027944753
-0.0090224108
-0.0016578382
0.0065797095
-0.0025501494
0.0022565795
0.0073736148
0.0014626742
0.00098094458
-0.0077467759
-0.0013108883
-0.0079012115
-0.0011564527
0.0065299039
-0.0020001636
0.0015433655
0.0067724406
0.0013008288
0.00081504352
-0.0071728895
-0.0010569272
-0.0070717042
-0.0011581125
0.0061839141
-0.001746639
0.0014961871
0.0061702885
0.0015098127
0.00092143112
-0.0064969482
-0.0011458133
-0.0062178675
-0.0014248941
0.0056481485
-0.0019470341
0.0039016847
0.0018762508
0.0045074496
0.0012704859
-0.0058971909
-0.005321769
-0.0056160436
-0.0014523644
0.0041259102
-0.0018339038
0.0017570081
0.0054246209
0.0019805357
0.0011617371
-0.0056225965
-0.0013758511
-0.0051549382
-0.0018435094
0.0048440786
-0.0024240517
0.00215948
0.0043953663
0.0026081924
0.0014576301
-0.0044530883
-0.0016382419
-0.0037814511
-0.0023098791
0.0036797963
-0.003025449
0.002563146
0.0029834939
0.0032594484
0.0017179069
-0.0029362121
-0.0018109381
-0.0020656156
-0.0026815346
0.0020863553
-0.0035786732
0.0026896436
0.0041199124
0.003234819
0.0035747371
-0.0040740355
0.0037402779
-0.003694401
-0.0047751383
-0.0038317996
-0.0046377398
0.0028337812
-0.0050387775
0.00026547989
-0.00066154523
0.00049055988
0.00095250896
-0.0029378691
-0.00035850305
-0.0016268571
-0.0005003562
0.0017363833
-7.8127435e-05
0.0018399914
0.00028707615
-0.0040748337
-0.00083830508
-0.0029494525
-6.6544065e-05
0.005278118
0.0011434866
0.0040680873
0.0050252399
-0.00058542694
-0.0070099241
-0.0014887618
-0.0061065892
0.00072531747
-0.0065247583
0.004155228
0.00091222766
0.0027426441
-0.0002713624
-0.0016410131
-0.0051551076
0.00073518812
-0.0053321471
-0.0003908878
0.0029327868
0.00070190761
-0.00072415795
0.0029033643
-0.00069473547
-0.0047817154
-0.0015276046
-0.0039488463
0.0005759202
0.00094527758
0.0037559857
0.001797899
-0.0022301392
-0.0020488906
-0.0025538418
-0.0045338263
0.0015500099
0.0058694526
0.001420133
0.0055243547
-0.0011825067
-0.0069588285
-0.0016190521
-0.006522283
0.00093249186
0.0077954525
0.0023711259
0.0071688933
-0.0010144539
-0.0095976817
-0.0024267503
-0.0081853853
0.0015229299
0.011423035
0.003844171
0.0091017942
0.0095071004
-0.00051081534
-0.010208814
0
-0.01071963
0
-0.014563801
4.6652679e-05
7.3192414e-05
0.0001195701
7.7601757e-05
0.00012963623
0.00021204722
0.00028431203
0.00018977532
8.5256008e-05
0.00014468459
0.00014943893
7.0852566e-05
0.00031635755
0.00043815097
0.00052919535
0.00039894993
0.00057273424
0.00071520572
0.00081746022
0.00067032492
0.00075474128
0.00090793617
0.00098664088
0.00082613773
0.00088488206
0.0010537652
0.0011096873
0.00093155022
0.00014507835
7.7881605e-05
0.00021942207
0.00027736235
0.00042023951
0.00037013629
0.00052471262
0.0005685004
0.00050495814
0.0004667007
0.00061047274
0.00064610415
0.00086053481
0.001003632
0.0011098887
0.00096563804
0.0013691026
0.0014532074
0.0015518504
0.00147073
0.0015677618
0.0016474783
0.0017385613
0.0016591502
0.0017440179
0.0018239626
0.0019028034
0.0018217032
0.0018917229
0.0019744411
0.0020384259
0.0019537789
0.0015154449
0.0016401654
0.0017159822
0.0015884151
0.0020077263
0.00209449
0.0021425347
0.0020535815
0.0020914711
0.0021825908
0.0022148079
0.0021216294
0.0021443677
0.0022394325
0.002256782
0.0021600519
0.000626751
0.00066586123
0.00085216798
0.00080731589
0.00079031009
0.00075584052
0.00089750323
0.00093237677
0.00071681778
0.00067776097
0.00082392848
0.00085982512
0.00099219437
0.00095801955
0.0010751499
0.0011086906
0.0010670906
0.0010301452
0.0011484616
0.0011892492
0.00064318787
0.00061738373
0.00077504489
0.00079431287
0.00060414432
0.00060654505
0.00077977093
0.00076942608
0.0009321508
0.00091833496
0.0010435369
0.0010523916
0.001293643
0.0012470963
0.0013204194
0.0013748519
0.0014265423
0.0013620162
0.001367961
0.0014366538
