FiniteElementSpace
FiniteElementCollection: RT_R2D_2D_P0
VDim: 1
Ordering: 0

-0.0014987887
-0.0090336889
-0.00068336802
-0.0098491096
0.0004722973
-0.0091064941
0.00054510248
0.0079894004
-0.00049308244
0.0090275854
-0.00083934584
0.0088716075
-0.0075941084
0.00027815109
-0.0087116054
-0.0077513026
-0.00033588828
0.0058743286
-0.0016595796
0.0071980199
4.1931919e-05
0.0069618007
0.0005683611
-0.0065374954
0.0017821683
-0.001847558
-0.0066396503
-0.0017454031
0.0047596184
-0.0030651419
0.0060793572
0.0015771397
-0.0049596089
0.0014919071
-0.006409584
-0.0052601927
-0.0013589957
0.0025645462
-0.0029884021
0.0041939525
0.001113721
0.0038157665
-0.0040862313
-0.0094182217
-0.0045171192
-0.0045927826
0.0093781589
0.0033256663
0.0086231861
0.0040806391
-0.0098594578
0.0036394029
-0.0028636721
-0.0091609646
-0.0035621653
-0.0032217538
0.0089812677
0.0016971741
0.0080042016
0.0026742402
-0.0094309848
0.00240422
-0.010292979
-0.0032035941
-0.0099342689
-0.0035623039
0.0097778664
0.010136438
0.0094754599
0.0030651976
-0.01019647
0.002802996
-0.0037621342
-0.007880957
-0.0042444638
0.0074441304
0.0026058376
0.0062937573
0.0037562106
-0.0083115013
-0.0029657819
-0.0051309021
-0.0034614225
0.0043114071
0.0014719263
0.0027236514
0.003059682
-0.0055847464
-0.0011440327
-0.004170648
-0.0025581312
-0.0016193685
0.0031989872
-0.00048395791
0.0016220649
0.0010929644
-0.0045502129
0.00071339946
-0.0021720638
-0.0072618113
0.0066798247
0.0053952907
0.0019979334
-0.0075625706
-0.00022341201
-0.0063672012
-0.0014187814
-0.00049761692
0.0056694956
-0.0014422419
0.0043470955
-0.00011984176
-0.0065315513
-0.00028419187
0.00092470237
-0.0031278936
0.00051436112
0.0020324061
-0.0025822918
0.00061372338
-0.001163609
-0.0034065265
0.0019852494
-0.005263547
0.00071724505
0.0018332861
0.0044990587
-0.0037596423
0.0032173411
-0.0024779247
-0.0052946689
-0.0025090466
-0.0019751356
-0.0095565185
-0.0026150876
-0.0021458007
0.0096461251
0.0007584133
0.0087382262
0.0016663121
-0.0096204736
0.0016023571
0.0023066114
0.0041714064
0.0046438273
0.0018341905
-0.0044084997
0.0031493786
-0.0033864718
-0.0078248811
-0.0057845872
-0.0054267658
0.0034771658
-0.0065934273
0.011080915
0.0066344583
0.0079236227
0.0090872736
-0.0037909456
-0.015168887
-0.0066469625
-0.01231287
0.0041809272
-0.014766401
0.0038152158
0.010968645
0.0056965874
-0.0054185956
0.008978195
-0.0034281454
-0.012522725
-0.0036914299
-0.012259441
0.0027871414
0.02112294
0.0093427078
0.015961159
0.016346393
-0.0018704152
-0.019985655
0
-0.02185607
0
-0.031198778
-0.0029042256
-0.0016552015
-0.0010980046
-0.00064303753
-0.0022499258
-4.8313241e-05
-7.63507e-05
-0.0021491302
0.0020244662
-0.0016505445
0.00024522768
0.004329344
-0.00064479606
-0.0057034036
-0.0020275191
-0.0084643268
0.00073340416
0.0035195892
0.0016951523
0.0057189749
-0.00050423352
0.00057050782
-0.0073396824
-0.0027858719
-0.009224885
-0.0009006693
0.0048567624
-0.0017628818
0.00017902181
0.00014784574
-0.0014658749
-0.0032910428
6.2286112e-05
-0.00039839828
0.0029483728
0.011516792
0.0011647906
-0.012982818
-0.004197887
-0.016605739
-0.000574966
0.010064238
0.0073345342
0.022130903
0
-0.023864244
0
-0.023210691
-0.00065355348
0.01858657
0.0015938592
0.01920741
0.00097301867
0
-0.021616831
0
-0.020830412
-0.00078641959
0.017687005
-0.0023068248
0.0030464285
0.012540159
-0.01453233
-0.015452762
-0.0013863928
0.01114068
0.0012939555
0.01738235
0.0015986101
0
-0.019536456
0
-0.0183908
-0.0011456565
0.016072253
-0.0024557536
0.0029888612
0.0064051199
0.0014405038
0.0019648148
-0.0082008386
-0.0035838731
-0.009099443
-0.0026852687
0.0056346634
-0.0034557252
-0.0015226065
-0.001561491
-0.0015159153
-0.0014565912
-0.0013565983
-0.0014379668
-0.0013300392
-0.0012250674
-0.0015247757
-0.0016151397
-0.0015528405
-0.0014399975
-0.0010651503
-0.0011952429
-0.0010374041
-0.00088067348
-0.0014650445
-0.0013672372
-0.0012258039
-0.0013674516
-0.0012401422
-0.0010537813
-0.0008523105
-0.001083911
-0.0014973337
-0.0013887136
-0.001277642
-0.001430927
-0.0012345048
-0.0010695424
-0.00084052631
-0.0010491183
-0.00087572444
-0.00065707154
-0.00034334496
-0.00060381787
-0.00030003153
2.3428864e-06
0.00037732311
3.3407844e-05
-0.00083250169
-0.00057986341
-0.00028938993
-0.00058614526
-0.00031203508
2.8511842e-05
0.00037094465
-1.2637359e-05
0.00039365621
0.0007781482
0.0012005995
0.00077724811
0.00030917481
0.00073454848
0.0011156111
0.00065022272
-0.0013378946
-0.0011393286
-0.00097518782
-0.0012192817
-0.00022740676
-0.00047413622
-0.0002762458
5.0787434e-06
0.00023431286
-8.5683942e-05
8.697596e-05
0.00045254541
-0.00040172764
-0.00070768391
-0.00060908435
-0.00026989969
0.00065046575
0.00022212971
0.00027579243
0.0007817165
-0.00041815478
-0.00016400175
0.00022951263
-6.3898377e-05
0.00010009167
0.00036877384
0.00083920995
0.00053196723
0.00099627001
0.0013429495
0.001872252
0.0014876963
0.00032234343
0.00065509362
0.0011087178
0.00073732746
0.00063708825
0.00090159225
0.0014632252
0.0011488127
0.0011632778
0.0014792054
0.0021986083
0.0018023475
0.0024479983
0.0028547824
0.0034733663
0.0030705667
0.0016952845
0.0020599139
0.0026633101
0.0022632127
0.0036678206
0.0040610831
0.0046183382
0.0042384501
0.0019988879
0.0024164439
0.0029641529
0.0025210655
