FiniteElementSpace
FiniteElementCollection: RT_R2D_2D_P0
VDim: 1
Ordering: 0

-0.017698165
-0.024414097
-0.025980022
-0.01613224
0.030135233
-0.019397495
0.025118631
0.031063629
0.032745921
0.023436338
-0.020930843
0.028485518
-0.029125947
-0.027071012
-0.036799464
0.040641747
-0.021577426
0.035148161
0.032197912
0.041865782
0.02548029
-0.031216125
-0.03155658
-0.043279414
-0.03701673
-0.037819265
0.040941543
-0.03621615
0.033878279
0.044138359
0.037719519
0.040297119
-0.029899261
0.047414588
-0.0090137821
-0.03242124
-0.017397049
-0.024037972
0.021696986
-0.027407131
0.016682877
0.039001141
0.02449758
0.031186438
-0.01249345
0.036090037
-0.035081578
-0.02860529
-0.029466478
0.027130821
0.040151017
0.033867634
0.033414205
-0.023018354
-0.04414194
-0.029962415
-0.037197879
0.027544959
0.033267352
0.041692194
-0.023681322
0.047973287
-0.042686226
-0.020535889
-0.034643788
0.019009233
0.026296189
0.040686331
-0.015236883
0.045985336
-0.016273442
-0.042385117
-0.0085321127
-0.010730259
0.040442154
0.021844042
0.047541242
0.014744953
-0.036624953
0.020505117
-0.025894505
-0.043362906
-0.019156552
-0.019465265
0.041112003
0.029480925
0.046763065
0.023829862
-0.036860133
0.030332635
-0.03585827
-0.034609616
-0.035864998
-0.034602888
0.039687856
-0.026809507
0.031887748
0.029274303
0.030249244
0.030912807
-0.028021052
0.038756753
-0.026556726
-0.023041456
-0.02372717
-0.025871012
0.026954112
-0.016581633
0.020494289
0.01659694
0.017020352
0.020070877
-0.017218543
0.026579504
-0.033190439
-0.026312796
-0.034898695
0.022929817
0.019997992
0.029511328
-0.018959124
0.036865
-0.023309422
-0.013079539
-0.019807328
0.021975806
-0.0077516032
0.01664787
0.007546502
0.013056194
0.011138178
-0.014348565
-0.029720734
-0.01577638
-0.032903478
-0.023225304
0.013502563
0.022170557
0.0096547853
0.026018334
-0.0093718214
0.032422892
-0.019638186
-0.013631425
-0.014131084
0.01151325
0.013016042
0.0078333188
0.016695974
-0.0081568417
-0.014882847
-0.0042317642
-0.018807925
-0.010536633
0.0034871047
0.0084214261
0
0.011908531
0
0.016140295
-0.024156868
-0.0051048305
-0.028423859
0.0043058416
0
0.020446137
0
0.025550967
-0.051501478
-0.022998575
-0.043739786
-0.045328865
0.020123577
0.055454016
0.026977141
0.048600452
-0.01704852
0.054550506
-0.05150453
-0.029856986
-0.044315968
0.026078791
0.052779392
0.03066883
0.048189354
-0.022592324
-0.048421025
-0.034004317
-0.040627587
0.029926081
0.046883828
0.032038872
0.044771037
-0.025995962
-0.027778361
-0.042844155
-0.02773813
-0.042884386
0.031869315
0.023923855
0.022030717
0.038758138
-0.019623068
0.0468732
-0.051295688
-0.028424568
-0.048867083
0.02362757
0.023505561
0.046995208
-0.019480265
0.055939512
-0.050872253
-0.019160926
-0.051191592
-0.042502219
0.015135527
0.043350634
0.012317107
0.046169054
-0.010445182
0.054884797
-0.040267809
-0.017388659
0.014666386
0.011056735
0.036032544
-0.010070569
-0.034623069
-0.0058135672
-0.038880071
0.0048575248
0
0.030408492
0
0.036222059
-0.046015584
-0.0066388344
-0.049821932
0.0051815939
0
0.041403653
0
0.048042488
-0.019085368
-0.061150237
-0.023258136
-0.056977468
0.025325549
0.015366905
0.014532869
0.055718833
-0.01121184
0.06776513
-0.058888161
-0.0089321776
-0.061167823
0.0054666399
0
0.053509127
0
0.062441305
-0.015957482
-0.077972673
-0.028886459
-0.065043696
0.023401007
0.0065961565
0
0.069037461
0
0.097923921
-0.026755208
-0.079067237
-0.012731667
0
0.071168713
0
0.065958626
0.0052100868
-0.063583615
0.020693708
-1.2967944e-05
-6.3491449e-05
-0.00014202452
-8.3865677e-05
-0.00013329652
-0.00022140007
-0.0003214778
-0.00022160851
-0.00050884584
-0.00065026058
-0.00076668093
-0.00061025485
-9.2669171e-05
-0.00011297343
-0.00017919764
-0.00015382077
-0.00015617378
-0.00022321333
-0.00030701225
-0.00022998935
-0.00030516233
-0.00039309695
-0.00048090612
-0.00038128879
-0.00021457151
-0.00024585329
-0.00031267095
-0.00027474743
-0.00022698111
-0.00028289002
-0.00033211399
-0.00027854087
-0.00035029418
-0.00040375962
-0.00049680694
-0.00044120765
-0.0015194442
-0.0017518167
-0.0019236366
-0.0016796426
-0.0023362057
-0.0025727547
-0.0027326115
-0.0024939894
-0.0018339161
-0.0020874059
-0.0022403797
-0.0019795699
-0.0027895247
-0.0029790322
-0.0031341405
-0.0029484858
-0.0021139454
-0.0023797947
-0.0025030053
-0.0022343184
-0.0026359625
-0.0028744322
-0.0029958464
-0.0027595378
-0.0028623183
-0.0030946396
-0.0031688574
-0.0029420597
-0.0023380484
-0.0026074129
-0.0026905925
-0.0024225176
-0.00033394924
-0.00037914683
-0.00044457419
-0.00039156202
-0.00045774881
-0.00056963801
-0.00065833573
-0.00053372019
-0.00071299691
-0.00088450485
-0.001002259
-0.00081585888
-0.0013422834
-0.0015831274
-0.0017193494
-0.0014672726
-0.00091751422
-0.0011182474
-0.0012306844
-0.0010164609
-0.0011111307
-0.0013375236
-0.0014366075
-0.0011996215
-0.0015850565
-0.0018463934
-0.0019616663
-0.0016931284
-0.0017889306
-0.0020624625
-0.0021461319
-0.0018697473
-0.0012798649
-0.0015254669
-0.0016015408
-0.0013493665
-0.00074876449
-0.00091269606
-0.00098941557
-0.00081275457
-0.0008713997
-0.0010594681
-0.0011208104
-0.00092297059
-0.00062126688
-0.00072253568
-0.00076293289
-0.00064826435
-0.00058200597
-0.00059586219
-0.00061273336
-0.00060061103
