FiniteElementSpace
FiniteElementCollection: ND_2D_P1
VDim: 1
Ordering: 0

0.014384531
0.0068842748
0.013451831
0.0088703501
-0.014204704
0.0046563513
-0.013071973
-0.0042180953
-0.01192372
-0.0062777519
0.012424197
-0.0081792566
0.013691139
0.0023142302
0.012452462
-0.012845378
0
-0.011608885
0
-0.010409883
-0.0020944465
0.011247421
0.0019325434
0.010037056
0.00389484
0
-0.0092095064
0
-0.0079957016
-0.0018017686
0.0088067312
-0.0036358659
0.0058209077
0.011313242
0.0076399481
-0.010741604
-0.0095184094
-0.0054529355
0.010125969
-0.0071981965
0.012951817
0.0092867413
0.012087351
0.010708846
-0.012757427
-0.011755925
-0.010633387
-0.0088174226
0.01105417
-0.010262068
0.0084002339
0.0098772956
0.0098568655
0.0068112636
-0.0094084582
-0.0064461556
-0.0081017385
-0.0080020629
0.008582151
-0.0094621997
0.0075955678
0.0071966481
0.0090501511
0.0060775309
-0.0067371769
-0.0056856837
-0.0053416866
-0.0071589247
0.005751398
-0.0085975293
0.0094636484
0.010410567
0.0080637553
0.011648692
-0.0090283669
-0.0076314751
-0.0061423978
-0.009974495
0.0065347595
-0.011265776
0.0051328697
0.0088727395
0.0034100532
-0.0082576952
-0.0031964541
-0.0069717688
-0.0048317334
0.0075691639
0.0016863344
0.0075576043
0
-0.006772439
0
-0.0055543583
-0.0015757114
0.006301602
0.0014624873
0.0050582393
0.0029801777
0
-0.0043634166
0
-0.0032271388
-0.0013406264
0.0038523972
-0.0027495683
0.0045283713
0.0062358824
-0.0056796273
-0.0044049796
-0.0042064564
0.0048973254
0.0038525073
0.0035799769
0.0052550181
0.0024943664
-0.0031743544
-0.0022036094
-0.002015006
-0.003453951
0.0023101692
-0.0047725613
0.0012043902
0.0027127831
0
-0.002177863
0
-0.001253525
-0.0010467143
0.0016708049
0.00085564624
0.0007592241
0.0018622327
0
-0.00050189791
0
0
-0.00059894609
0
-0.0014464395
0.00299698
0.0011112404
0.0042264666
-0.00095154999
0
-0.0024645488
0
-0.0036047475
0.0094643614
0.0049197214
0.010788086
0.0080865384
-0.0045984177
-0.0075048289
-0.0030372629
-0.0088678964
0.003263938
-0.010202048
0.0066752528
0.004278669
-0.0039437871
-0.0025715905
-0.0061317808
0.0028104571
0.0055187893
0.0013761125
0.0068449143
-0.0012503675
0
-0.0048285138
0
-0.0061030981
0.0081798137
0.0016112253
0.0095040219
-0.001494337
0
-0.0074007509
0
-0.0086995077
