FiniteElementSpace
FiniteElementCollection: ND_R2D_2D_P1
VDim: 1
Ordering: 0

0.69397312
0
0.50025773
0.27920671
0.64288167
0.40847377
0.64049397
0.41377413
0.28894131
0.12594543
0.56793304
0.2070049
0.051443162
0.21153608
0.68110638
0.61385137
0.6127768
0.67947796
0.58160149
0.46189523
0.49334232
0.34408526
0.61688071
0.35063878
0.49859166
0.46486647
0.40192413
0.2483517
0.31173122
0.16095447
0.10020155
0.058134532
0.16633412
0.086989111
0.021972185
0.021639701
0.20357126
0.2053036
0.31690673
0.2510358
0.17166267
0
0.65887207
0.54711342
0.42395813
0.55007543
0.3614284
0.12411095
0.078696194
0.25668277
0.038903975
0.0085335581
0.14659799
0.36436422
0.26301304
0.12606071
0.69412992
0.67639574
0.67566609
0.69318394
0.66834983
0.63458793
0.64255294
0.64196177
0.63289218
0.6662466
0.61823471
0.57025275
0.58626116
0.54652675
0.48652104
0.50985021
0.4399738
0.45570714
0.52561897
0.3802763
0.38803088
0.46339996
0.59838415
0.5385844
0.52983941
0.58923989
0.46097962
0.4442194
0.51281103
0.57177966
0.48804787
0.45639641
0.38658581
0.41667521
0.23160339
0.14628304
0.19163418
0.27299389
0.11386422
0.15558269
0.23084971
0.090458999
0.12312299
0.18878928
0.069001889
0.09198609
0.14749284
0.26295456
0.2136177
0.28733546
0.04876011
0.062571354
0.1071572
0.030362474
0.036244816
0.069278883
0.014878898
0.014746966
0.036008941
0.24362665
0.17652442
0.17736497
0.24452236
0.41964042
0.38810134
0.36961965
0.34481535
0.26789031
0.23457979
0.31269657
0.27440374
0.35081429
0.38634433
0.31008646
0.2932253
0.31817183
0.23649428
0.21956186
0.19383723
0.19402639
0.14736095
0.06405453
0
0.096731817
0.68471825
0.65518382
0.65390925
0.60176823
0.52732729
0.48154115
0.42034915
0.56323588
0.48577739
0.52885266
0.43504003
0.20687802
0.16977016
0.13744963
0.10631851
0.2360075
0.076274379
0.048468253
0.024541762
0.20884233
0.43656879
0.39287947
0.28765357
0.32923355
0.33806043
0.27558864
0.24159351
0.20816794
0.069637962
0.01039598
-0.016696336
0.010247535
-0.016799034
-0.010704731
-0.016521278
-0.010585075
0.016614447
-0.01041939
0.016822653
0.010063561
0.01696168
0.010955956
-0.016266858
0.010871206
-0.011135751
-0.0159168
-0.0111001
0.015925662
-0.011014954
0.016320146
0.01073975
-0.016848277
0.0098267217
-0.017004566
-0.016616939
-0.010198742
0.01653028
-0.0099113321
0.016771818
0.00952625
0.016932909
0.011236985
-0.015455613
0.011263092
-0.011253918
-0.014868495
-0.01135351
0.014778775
-0.011395802
0.015416219
0.011236467
0.011182185
-0.014142312
0.011365579
-0.011018831
-0.01326508
-0.011295936
0.013073135
-0.011504484
0.01400086
0.011487019
-0.013836349
0.011525973
-0.014650615
-0.012872812
-0.011622961
0.012663623
-0.011628945
0.013646382
0.011465327
0.014484263
-0.013429821
0.011287409
-0.014276868
-0.012438817
-0.011507084
0.012195522
-0.011240574
0.013180522
0.010981078
0.014027297
0.021774288
0.010506838
0.02116789
0.010901831
-0.021227751
0.0099714367
-0.020543216
-0.0093772597
-0.019638891
-0.010076036
0.020350497
-0.010631402
0.0095268882
0.019310648
0.010249473
0.008660234
-0.018505002
-0.007825843
-0.017137982
-0.008860157
0.018038106
-0.009756835
0.021576417
0.010806366
0.020750382
-0.021005408
-0.020068851
-0.018907783
-0.01048326
0.019710161
0.010762307
-0.012227199
0.01114184
-0.010412411
-0.011019551
-0.010904213
0.010735518
-0.01131171
0.011986217
0.01144679
0.0088225862
-0.0062992387
0.0097255123
-0.0080650688
-0.0081358133
-0.0043147853
-0.0092252528
0.0040295148
-0.010121445
0.0059558435
0.010495747
0.0077228162
-0.0057276772
0.011077866
-0.0074570605
-0.0038754019
-0.010789708
0.003781961
-0.011217565
0.0055620633
0.011458223
0.0072535699
-0.0054347526
0.011617454
-0.0070786337
-0.0036936356
-0.01142833
0.0036133538
-0.01141151
0.0053108074
0.011563592
0.0069207402
-0.005188472
0.011287723
-0.0067573149
-0.0035292788
-0.0111708
0.003440632
-0.010703284
0.0050563296
0.010794394
0.006586431
0.011726713
-0.008617857
0.011779195
-0.010028193
-0.011623161
-0.011736012
-0.011638924
0.0084231058
0.011644193
0.0098117937
-0.0049141871
0.010082779
-0.00639861
-0.0033435925
-0.010013767
0.0032382232
-0.0091070635
0.0047581313
0.0091612103
0.0061951692
-0.0045901798
0.0080368421
-0.0059731283
-0.0031239152
-0.007994557
0.0030027121
-0.0066895
0.0044104924
0.0067250693
0.0057371713
-0.0042242844
0.0052413652
-0.0054891054
-0.0028765177
-0.0052120017
0.0027502743
-0.0035845805
0.0040356917
0.0036092838
0.0052379048
0.012932346
0.00082844994
0.011287012
0.0018771209
-0.012131539
-5.9755306e-05
-0.010532577
0.0010883851
-0.0089201472
0.00033516274
0.009591165
-0.00062802695
0.010057686
0.018445102
0.0091526889
-0.017511668
-0.0084375172
-0.015873175
-0.0095287768
0.016945561
0.0080783382
0.016527585
0.0068754705
-0.015534993
-0.0058121386
-0.013701717
-0.007177989
0.014771881
0.0061553252
0.012768454
0.007605109
0.0046283393
-0.011642274
-0.0033202575
-0.0093798015
-0.0049894906
0.010504808
-0.0066469713
0.0088969335
0.015203204
0.0099702895
-0.013980568
-0.011820365
-0.0081579116
0.01320524
-0.0094385387
0.016238349
0.0055998642
0.014575898
-0.015365978
0.0043058811
-0.013672849
-0.0030400943
-0.0118149
-0.0044078149
0.012706893
0.014528858
0.0030507241
0.012835186
-0.013724753
-0.012046272
-0.010284072
-0.0017638955
0.011014452
0.0031247462
0.010662597
0.0017202097
-0.0098306148
-0.00037377287
-0.007782421
-0.0017554309
0.0084844123
0.0073064919
0.010930983
0.0055294403
-0.009353456
-0.0041850316
-0.0065042233
-0.0063149068
0.0083218237
0.0051049967
0.0052046817
0.0074189117
0.0023940437
-0.0030593169
-0.00040200245
0
-0.0027275096
0
-0.0071393479
