FiniteElementSpace
FiniteElementCollection: ND_R2D_2D_P1
VDim: 1
Ordering: 0

0
0
-0.013735009
0.015843464
0.0087933553
-0.016368444
-0.03647072
0
0.01052981
0
0.010754461
0.0060257833
0.0078873763
0.013250721
-0.0011084287
0.018232178
0.014301918
0.0093436141
-0.00075025397
-0.015869127
-0.025983932
-0.043218707
0.014061892
0.0082273803
0.0088142141
0.013535333
0.0028863254
0.0032476004
0
0.0061722194
0.0085835557
0.0023091487
-0.010398122
0.010440184
0
0.0055016004
0
-0.0027351784
0
0.0007366885
0.021391863
0.015952812
-0.0015348289
-0.03040464
0.01171875
0.0040503606
0.0049533478
0.00077559422
0.012730489
0.0064883181
0.0027620012
-0.007068632
0.0074217629
0.011824633
0.0052531363
-0.00045944348
0.017907771
0.019707428
0.015059579
0.013178919
0.015063081
0.012028504
0.0089346835
-0.0085238199
-0.001591165
-0.008471314
-0.016500293
0.0098726959
0.0043283577
0.0044319174
-0.0013681652
-0.0069946925
-0.015136508
-0.020144305
-0.028600387
-0.023420014
-0.031765286
-0.040309084
-0.037393439
0.015326456
0.012943246
0.012903373
0.014735155
0.010128747
0.0071988959
0.0075107355
0.010370247
0.0098523455
0.012158901
0.0061748405
0.0035064602
0.0044613012
0.0070202612
0.0056490159
0.0085511893
0.0047121463
0.004136251
0.0016619385
0
0.0026083673
0
0.0033284612
-0.00013164968
-0.0045434712
-0.012319771
0.0086374678
0.005066835
0.013530232
0.011070237
0.013501783
0.010742823
0.011710276
0.0094767329
0.0083107165
0.0087152641
0.0061650706
0.0069542412
0.0064624468
0
0.0036009827
0
0.0032111569
0.0054390961
0.0043421247
0.0026823173
0
0.0019036865
0.00031945101
0
-0.0012883912
0
-0.0036532214
-0.0051507878
0.006245492
0.016374945
0.012570942
-0.0085668984
0.0047145464
0.0043497836
-0.007764724
-0.021796887
-0.034553749
0.014145925
0.0088960607
0.011491715
0.0053633532
0.0079212285
0.0059244168
0.00214912
0.0030110055
-0.0057407254
0.0047960303
0.011606127
0.012275345
0.010451432
0.0081354237
0.0088488985
0.0035370075
0.0035107587
0.0052375521
0.0027179221
0.0008240151
-0.0026214226
-0.0023554014
-0.010466207
-0.0030023111
-0.0086142882
0.0027916291
-0.012029803
0.0033484005
0.012322345
0.0037927613
0.010893406
-0.0035382679
0.0091689273
-0.0032898583
-0.013274532
-0.0037568334
0.0038457553
-0.014177139
0.0042236038
0.01418802
0.0044856135
0.013427948
-0.004110366
-0.0044638047
-0.013766977
-0.004461461
-0.013081808
0.0046569352
-0.014107335
0.0045680639
0.014042737
0.0043669538
0.013837574
-0.0043405138
0.013292192
-0.0032380954
-0.0078439181
-0.0038388721
-0.0057522704
0.003351156
-0.0097074499
0.0038621983
0.010227476
0.0042534394
0.0084862466
-0.0043180159
0.006508126
-0.011302449
-0.0039579118
-0.012595952
0.0041208643
0.012849227
0.0043293923
0.01169256
-0.0042586473
-0.012062472
-0.0044382715
-0.010728529
0.0044170972
0.0043824618
0.012412131
-0.0044961329
0.01121019
-0.0091088945
-0.0046748805
-0.007243453
0.0045243564
0.0046750112
0.0097120569
-0.0049122739
0.0079562097
0.00078384211
-0.0056844451
0.00086144813
0.00060010289
0.0064805137
-0.0020364194
0.004948797
-0.0022820902
-0.0040843482
-0.0024221967
0.00391428
-0.0024824353
0.0041289132
0.0035905898
0.0034031893
-0.0052319541
0.0018905944
-0.005654501
-0.00092314926
-0.0059610778
-0.0046609307
-0.012235105
-0.0041566461
-0.013127393
0.0047228103
-0.011041967
0.0041462815
0.01062619
0.0035432703
0.011861132
-0.0036046285
0.012821621
-0.0033974094
-0.0087494613
-0.0027615749
-0.010229888
0.0031319131
-0.0071002837
0.0024917175
0.0067525353
0.0018965096
0.008369845
-0.0021476596
0.0098464635
-0.011495691
-0.0030198108
-0.012513054
0.0029286025
0.0023139934
0.011135434
-0.002415852
0.01219991
-0.0027184006
-0.0053387021
-0.0020982659
0.0021399813
-0.003527722
0.0015693742
0.0033202541
0.0010856772
0.0050496836
-0.0015455901
-0.010776428
-0.0018041175
-0.011880681
-0.0094695193
0.0017086714
0.0090926997
0.0011190801
0.010414954
-0.0011937743
0.011553828
-0.0079989252
-0.001561874
-0.0064126703
0.0013494232
0.0060709257
0.00085170365
0.0076283233
-0.0010080912
-0.0072499587
-0.00048775889
-0.0087099576
-0.0057179719
0.00040278848
0.0053443515
0
0.0068558998
0
0.0083152473
-0.010047255
-0.00059121806
-0.011218233
0.00054912351
0
0.0096696801
0
0.010872869
-0.010296877
-0.0050345446
-0.0086471867
-0.011673886
0.0047069356
0.01212131
0.004620157
0.010867718
-0.0050488717
0.0093190438
-0.012740574
-0.0044303837
-0.013478804
0.0042245254
0.013637822
0.0039406719
0.013046782
-0.0042376468
-0.013883931
-0.0041022106
-0.013958119
0.004059623
0.013851337
0.0036538753
0.013903076
-0.003749714
-0.0036225704
-0.013259009
-0.0031011896
-0.013720221
0.0036185593
0.0030662286
0.0024774891
0.013014151
-0.0025270274
0.013562634
-0.01388985
-0.0032882153
-0.013763051
0.0031613419
0.0025971664
0.013839287
-0.0027293192
0.013843985
-0.013748048
-0.0020940741
-0.013868521
-0.013378061
0.0019797964
0.013167697
0.0013292101
0.013616063
-0.001408379
0.013832155
-0.012753661
-0.0019158049
0.0018660226
0.0012435517
0.012478045
-0.0012827269
-0.012188493
-0.00064083993
-0.012934892
0.00061944124
0
0.011886874
0
0.012684573
-0.013447963
-0.00070210276
-0.013735664
0.00066415391
0
0.013251902
0
0.013592142
-0.0034254583
-0.013753603
-0.0027567271
-0.013374759
0.0029823853
0.0023138655
0.0015645765
0.013840922
-0.0018802205
0.013707288
-0.013833705
-0.00093865338
-0.01381158
0.00077598804
0
0.013734445
0
0.013764778
-0.004129664
-0.013987781
-0.0034010346
-0.013215951
0.0027108167
0.0012994153
0
0.013880675
0
0.015817854
-0.0021767715
-0.011672214
-0.001979342
0
0.011897174
0
0.0096969194
0.0002355485
-0.0095681157
0.00038985345
