FiniteElementSpace
FiniteElementCollection: ND_R2D_2D_P1
VDim: 1
Ordering: 0

0
0
0.091288405
0.12818968
0
0
0.046795386
0
0.021847747
0.070019784
0.11117854
0.1416948
0.069199135
0.03392412
0.034339638
0.06984769
0
0.010065625
0
0
0.010231285
0
0.023116145
0.10122423
0.081105247
0.058730497
0
0.035623504
0
0.052141223
0.016155325
0.0044371397
0.016612177
0.11412752
0.08634686
0.02946334
0.042198098
0.081082618
0.061263226
0.06156965
0.081437125
0.043355315
0.028067414
0.028250432
0.043602486
0.040910985
0.058925285
0.0078488973
0
0.0047729466
0.013169432
0.025090359
0.015914618
0.007203339
0.0072675632
0.016034578
0
0.0019924
0
0
0.0020146646
0
0.0049012297
0.025583235
0.020012492
0.03523579
0.013468671
0
0.0081467792
0
0.011493508
0.13640143
0.1161962
0.10895821
0.12961277
0.087021551
0.076609492
0.099428953
0.12096755
0.099943979
0.094831161
0.10231201
0.078907605
0.053292235
0.073472093
0.065118102
0.044636132
0.032916779
0.053822757
0.026539737
0
0.014796783
0
0.018071879
0.039500351
0.06375453
0
0.021860343
0.070977393
0.035562814
0.0509507
0.0062512596
0.020338719
0.011409
0.003305497
0.00082981461
0.0033712567
0.030204414
0.020625323
0.0064577538
0.0097517414
0.12231311
0.092363555
0.10752675
0.090240825
0.065774122
0.079603903
0.048692865
0.039641102
0.013048696
0.016248401
0.057585057
0.01944343
-0.01735275
0.0081754552
-0.015455764
0.0091280821
0.017400257
0.0071373334
0.015492139
-0.0072685292
0.01346573
-0.0083178407
-0.013437548
-0.0092788096
-0.013508157
0.0062643883
-0.011374287
0.0074020462
0.013565358
0.0050681605
0.011420062
-0.0051653853
0.0092008842
-0.0063820514
-0.0091641052
-0.0075375272
0.0084645387
-0.011319818
0.0094382562
0.011340318
0.0091383359
-0.0086175056
-0.0091226619
-0.0096059042
-0.013801484
0.001279834
-0.011617755
0.0025606562
0.013892127
0
0.01169617
0
0.0094306941
-0.0013064114
-0.0093637927
-0.0026125295
-0.013634814
0.0038282404
-0.011477457
0.013714739
0.011543958
0.0093019804
-0.0039039495
-0.0092469892
0.0039767406
-0.0069636503
0.0052612405
0.0026619443
0.0070070256
-0.0027077135
0.0046784409
-0.0040461277
-0.0046470649
-0.0053541994
0.0013314759
-0.007057323
0
0.0071128426
0
0.0047595914
-0.0013544305
-0.0047159057
0.0013731419
-0.0023568609
0.0027471878
0
0.0023860717
0
0
-0.0013800258
0
-0.0027751516
0.0041092747
-0.0023187338
0.0054430465
0.0023356471
0
-0.0041628104
0
-0.0055241816
0.0087754915
-0.0068697739
0.009783443
0.0076762868
0.0068802923
-0.0078164884
0.0045898432
-0.0089393472
-0.0045823741
-0.0099687793
0.0064993613
-0.0068999763
0.006927545
0.0046220018
-0.0066165903
-0.0046025979
0.0067311967
-0.0022953302
0.0079579934
0.002305136
0
-0.0068416846
0
-0.0080977106
0.0091063791
-0.0022851942
0.010162452
0.0022883521
0
-0.0092762425
0
-0.010361076
-0.017396806
0.012200153
-0.015568447
0.012431165
0.01735278
0.011837044
0.015506593
-0.012000441
0.013519114
-0.012354162
-0.013589236
-0.012567089
0.012526294
-0.011472477
0.012717174
0.012181265
0.011408357
-0.012386797
0.0091967131
-0.012727113
-0.0092400976
-0.012899393
-0.017325069
0.011342967
-0.015465239
0.01731111
0.010721983
0.015440421
-0.010885415
0.013441519
-0.0115088
-0.013471776
-0.017310187
0.0099804063
-0.015430645
0.017323744
0.015435209
0.013424764
-0.010139022
-0.013425769
0.010308124
-0.011316532
0.011062965
0.011311501
0.0091184188
-0.010490231
-0.0091236242
-0.011255968
0.011690394
-0.011363688
0.011333389
0.0091394417
-0.011892551
-0.009163468
0.012117189
-0.0068992981
0.012623822
0.011467229
0.0068829484
-0.011694845
0.0045918572
-0.012366527
-0.0045985318
-0.012893153
0.010684494
-0.0068721101
0.0068666673
0.0045813851
-0.010892314
-0.0045842634
0.011110378
-0.0022864655
0.011939299
0.0022841457
0
-0.011338689
0
-0.012195407
0.01263554
-0.0022919648
0.013192866
0.0022889232
0
-0.012922034
0
-0.013510291
0.012970597
-0.0069226142
0.013135273
0.0069146652
0.0046003938
-0.013264604
-0.0045769706
-0.013458337
0.013601415
-0.0022599489
0.013860362
0.0022866136
0
-0.013962276
0
-0.014294405
