FiniteElementSpace
FiniteElementCollection: RT_R2D_2D_P0
VDim: 1
Ordering: 0

-0.010114108
-0.010008392
-0.01140124
-0.0087212596
0.012638484
-0.0078612354
0.010491327
0.0099243359
0.011291516
0.009124147
-0.009221142
0.011304245
-0.012866863
-0.0014469492
-0.011898631
-0.0024151814
0.012397274
0
0.010950325
0
0.0096967158
0.0012536088
-0.010289193
0.0028630465
-0.012873934
-0.0067394075
-0.01312754
-0.0064858018
0.014308929
-0.0046331805
0.012202702
0.0055999669
0.011909012
0.0058936568
-0.011020624
0.0080005726
-0.010371849
-0.0093658844
-0.010631107
-0.0091066259
0.01189957
-0.007237563
0.0097712485
0.0084085572
0.0095074152
0.0086723905
-0.0084633861
0.010840112
-0.0069744309
-0.010757492
-0.0050076297
0.0099422105
0.0056981732
0.0092438241
0.0063965596
-0.0087454942
-0.0071501214
-0.0080373304
-0.0078582851
-0.0052842157
0.0073779184
0.0056851435
0.0063389943
0.0067240676
-0.0061213941
0.0086400039
-0.0099140031
-0.008170579
-0.01020681
0.0074516972
0.0066895387
0.0094021624
-0.0060733097
0.011499432
-0.0014274704
-0.0091642018
-0.0025524615
0
0.0082692454
0
0.006968438
0.0013008074
-0.0076159979
0.0028490113
-0.0013970427
-0.0063850595
-0.0026279811
0
0.0055713953
0
0.0042800877
0.0012913076
-0.0049094916
0.0027668754
-0.0084959582
-0.0042666588
-0.0074784014
0.008421978
0.0067833003
0.0055748602
0.0039753155
-0.0057685734
-0.0041047802
-0.004529241
-0.0053441126
-0.0025618933
0.0040319734
0.0025115389
0.002736126
0.0038073863
-0.0029202986
0.0054163286
-0.0012984546
-0.0036460529
0
0.0029816331
0
0.0018121849
0.0011694482
-0.0023039622
-0.0010500947
-0.0011273025
-0.0022267545
0
0.00076209022
0
0
0.00076209022
0
0.0018893927
-0.0036419161
-0.0015184037
-0.0050438111
0.0013209643
0
0.003210357
0
0.0047287607
-0.010175477
-0.0052093339
-0.011039453
-0.0082233368
0.0047373982
0.0085555882
0.003500628
0.0097923583
-0.0032417855
0.011759907
-0.0071118155
-0.0050098729
0.0045712913
0.0032438409
0.0067437791
-0.0031980637
-0.0067175127
-0.0017271129
-0.0081884636
0.0015701392
0
0.0062988999
0
0.0080260128
-0.01002347
-0.0018248292
-0.011440427
0.0016656212
0
0.0096916339
0
0.011516463
-0.0033609922
-0.013399297
-0.0057428342
-0.011017455
0.0066458232
-0.011442354
0.0046888796
0.014856712
0.0069424739
0.012603118
-0.0038306068
0.014515345
-0.0057128749
-0.013443426
-0.0077139478
0.008677498
-0.011284427
0.0065184989
0.014285396
0.0081568882
0.012647007
-0.0055042426
-0.015982675
-0.0074552973
-0.01403162
-0.013514275
0.0056884883
0.016483471
0.0069939226
0.015178036
-0.0047876719
0.017845662
-0.01132407
-0.010054898
-0.010490314
0.0090740718
0.0093361139
0.01057807
-0.0077681697
0.012864798
-0.012431726
-0.008033909
-0.012165987
0.0071111984
0.0067570857
0.011853544
-0.0057314677
0.014155986
-0.0067743136
-0.01456699
-0.0078270285
0.0088802938
0.0064792902
0.0067441855
0.01389109
-0.005234648
-0.016037307
-0.0054733743
-0.01579858
-0.013632534
0.0043394132
0.014929456
0.0036946718
0.015574197
-0.0029404522
0.018107119
-0.013171121
-0.0052700547
0.0046254175
0.0036026571
0.012782667
-0.0031232663
-0.0133883
-0.0018690339
-0.014642533
0.0016547835
0
0.013171247
0
0.015040281
-0.016757978
-0.0019777463
-0.017720684
0.001579226
0
0.016619507
0
0.018597253
-0.0029316514
-0.020379755
-0.002622355
-0.020689052
0.0041747249
0.0015156541
0
0.020112907
0
0.022735262
0.0020617895
0.0022221676
0.0023245391
0.0021662262
0.0029077179
0.0029343896
0.0030255365
0.0029996305
0.0026170607
0.0027164945
0.0028119064
0.0027140004
0.0025624572
0.0026909064
0.002774092
0.0026472393
0.0028037874
0.0029002245
0.0029804811
0.0028854607
0.0029582891
0.0030519368
0.0031140052
0.0030217238
0.0027229681
0.0028483545
0.002913174
0.0027891549
0.0030844603
0.0031095466
0.0031854436
0.0031612271
0.0032291584
0.0032524572
0.0033099287
0.0032875988
0.0031286171
0.0031878114
0.0032473541
0.0031893784
0.0032402628
0.0032969416
0.0033361616
0.0032809257
0.0033360065
0.0033573036
0.0033940915
0.0033739195
0.003400899
0.0034197926
0.0034337164
0.0034164673
0.0033111241
0.003364672
0.0033821882
0.0033307218
0.0028455723
0.0029682579
0.0030135104
0.0028922417
0.0030754027
0.0031662689
0.003208455
0.0031191396
0.003152891
0.0032404227
0.0032621503
0.0031767434
0.0029293639
0.0030490032
0.0030749236
0.0029572532
0.0011218266
0.0013286174
0.0014279784
0.0012244246
0.0015308702
0.0017269981
0.0018211495
0.0016274459
0.0017127829
0.0019045671
0.0019762716
0.0017855427
0.0022630918
0.0024194676
0.002505917
0.0023512848
0.0024299797
0.0025831285
0.0026506196
0.0024986794
0.0020891626
0.0022648368
0.0023346221
0.0021599264
0.0022195739
0.0023939332
0.0024432816
0.0022688012
0.0025572882
0.0027082392
0.0027561397
0.0026061321
0.0026458363
0.0027947048
0.0028244035
0.0026771191
0.0023091292
0.0024836659
0.0025161899
0.0023423768
0.0019268151
0.0021231881
0.0021562579
0.0019579849
