FiniteElementSpace
FiniteElementCollection: RT_R2D_2D_P0
VDim: 1
Ordering: 0

-0.03592725
-0.040302892
-0.039720235
-0.036509907
0.043945618
-0.032636412
0.036279138
0.038878171
0.038277132
0.036880177
-0.032072188
0.044528224
-0.029453627
-0.043609778
-0.034885778
-0.038177627
0.038894772
0.031794901
0.035670832
0.040652293
-0.027794509
0.047743562
-0.05110984
-0.023063945
-0.058835471
-0.015338314
0.061872976
-0.015947424
0.054756454
0.024642183
0.061499221
0.017899416
-0.051577476
0.025157411
-0.026219539
-0.057013642
-0.020783373
-0.017501998
0.05278168
0.023844806
0.055949656
0.02067683
-0.048776664
0.028913808
-0.045220026
-0.028035885
-0.051334473
-0.021921438
0.055246806
0.047994294
0.05261541
0.024292692
-0.044127136
0.031500028
-0.064222653
-0.027855808
-0.077407034
-0.014671427
0.096731817
0
0.068876008
0
0.062874008
0.0060019999
-0.061236946
0.022172088
-0.0083841845
-0.059374395
-0.010246735
0
0.054489824
0
0.049464231
0.0050255926
-0.050737324
0.013662664
-0.0062701975
-0.047264965
-0.0097425563
0
0.043194034
0
0.038285568
0.0049084658
-0.040410626
0.011762805
-0.0056362411
-0.036352562
-0.0096943049
0
0.032649327
0
0.027865842
0.0047834844
-0.03026869
0.010867357
-0.032329693
-0.048259364
-0.028197466
-0.024395762
0.044681479
0.030652685
0.046899246
0.028434917
-0.040503237
0.036191043
-0.043065072
-0.026780008
-0.043180236
-0.026664843
0.047283578
-0.018841282
0.039344853
0.021547413
0.037610273
0.023281993
-0.035361468
0.031100761
-0.034685956
-0.042552781
0.038878133
0.039010648
0.030968247
-0.034642857
-0.035367488
-0.034781351
-0.035228995
-0.027612946
0.031256106
0.030270912
0.029736954
0.031790063
-0.027043147
0.039528266
-0.026038205
-0.033786727
-0.018788227
0.030360294
0.020168091
0.027508258
0.023020127
-0.026535942
-0.024217723
-0.023767369
-0.026986297
-0.017710228
0.021000763
0.017835721
0.017489151
0.021347333
-0.017283692
0.02783101
-0.034217816
-0.025485541
-0.035775422
0.022505435
0.019686111
0.030650334
-0.01829179
0.037844085
-0.0051378736
-0.026032141
-0.0093744223
0
0.022727969
0
0.01828562
0.0044423489
-0.020618355
0.0098561349
-0.0044690565
-0.016545911
-0.0085415009
0
0.013816563
0
0.010007105
0.0038094581
-0.01196508
0.0083902894
-0.0035306586
-0.0084024517
-0.0070932865
0
0.0064764467
0
0.0036363383
0.0028401084
-0.0048972198
0.0063453403
-0.0022580142
-0.0022095068
-0.0049457272
0
0.0013783241
0
0
0.0013783241
0
0.0035878309
-0.0068927345
-0.0084091973
-0.0034063977
-0.011895534
0.0062134082
0.0027499381
0
0.006337769
0
0.0097441667
-0.030971351
-0.015279082
-0.033984059
-0.024576226
0.013290986
0.02361506
0.0095385813
0.027367465
-0.0090533147
0.033593232
-0.021017208
-0.013724674
-0.015434221
0.011906164
0.01436924
0.0081355411
0.018139863
-0.0082494767
-0.016371812
-0.004299929
-0.02032136
0.003659263
0
0.01340343
0
0.017703359
-0.025596218
-0.004954225
-0.029695308
0.0042637229
0
0.021967082
0
0.026921307
-0.024076452
-0.051619797
-0.026598167
-0.049098083
0.030176591
-0.04342755
0.021984344
0.04741206
0.022045916
0.047350488
-0.017954171
0.055994483
-0.051141527
-0.017849282
-0.051246416
-0.043104607
0.014008996
0.043963179
0.011494704
0.046477472
-0.0095582522
0.054768501
-0.018398777
-0.041110536
-0.016404706
0.021045673
0.013919196
0.01054623
0.036966199
-0.0094077257
-0.035633615
-0.005466981
-0.039574359
0.004607923
0
0.03152923
0
0.036996211
0.0012811424
0.0013905424
0.0015275767
0.0014069974
0.0010608535
0.0011706431
0.0012847919
0.0011629827
0.00077066325
0.00082053072
0.00095287087
0.00090090372
0.00104364
0.0010997697
0.0012586612
0.0011968227
0.00091422067
0.00098106993
0.0011278303
0.0010538058
0.00091378142
0.00091794161
0.0010594214
0.0010511622
0.0012083846
0.0012185577
0.0013915636
0.0013797874
0.0015611407
0.0015744355
0.0017631664
0.0017482803
0.0019371298
0.0019536172
0.0021416487
0.0021235337
0.0011989538
0.0012813071
0.001438931
0.0013474617
0.0016910706
0.001774217
0.0019469689
0.0018565204
0.0014968317
0.0015977819
0.0017547729
0.0016442861
0.0017869166
0.0019066272
0.0020500575
0.001921671
0.0020165329
0.0021139117
0.0022713175
0.0021675254
0.0023059682
0.0024154473
0.0025427113
0.002428354
0.0020454758
0.0021816914
0.0022982328
0.0021551938
0.0023033747
0.0023230732
0.002493791
0.0024725613
0.0026271201
0.0026497744
0.0027871983
0.002763233
0.0028773517
0.0029024834
0.0029924091
0.0029662479
0.0030271328
0.0030541904
0.0030856004
0.0030577369
0.0028928815
0.0029727146
0.0030025324
0.0029217901
0.0022477634
0.0023964102
0.0024731202
0.0023201399
0.0025313375
0.0026496441
0.0027330396
0.0026117091
0.0026665272
0.0027899482
0.0028177905
0.0026931031
0.0023694433
0.0025253917
0.0025505222
0.0023929136
0.0014364024
0.0015929048
0.0016770299
0.0015104886
0.0015729362
0.0017480877
0.0018037495
0.0016217202
0.0019207851
0.0020882636
0.0021556962
0.0019826244
0.0020246847
0.0022015771
0.002223223
0.0020442861
