FiniteElementSpace
FiniteElementCollection: ND_R2D_2D_P1
VDim: 1
Ordering: 0

0
-0.03097295
-0.025709096
-0.0086690432
-0.050830219
-0.0522184
-0.034605538
0
0.015799147
-0.042955312
-0.01881787
-0.038857528
-0.0054114738
-0.040134
0.0042955665
0.0052231452
0.00034383263
-0.020937645
-0.021291628
-0.028336794
-0.034890017
-0.043454038
-0.048702773
-0.052541891
-0.051885129
-0.051136399
-0.026145725
-0.036006137
-0.01250315
0
-0.024552653
-0.038358938
-0.047984735
0
-0.022648346
0
-0.036361383
0.020102975
-0.0099759137
-0.017129952
-0.037616446
-0.053547984
-0.046351413
-0.026880447
-0.017031589
-0.044265504
-0.023746833
-0.020332501
-0.047075178
0.012888459
0.012211677
-0.0020749385
-0.0017437772
-0.0031294437
-0.015651912
-0.015276038
0.010412167
0.0078037161
-0.004607339
-0.016058732
-0.026111789
-0.0267233
-0.01906321
-0.022935253
-0.0063765467
-0.036499888
-0.039263104
-0.026771461
-0.011248496
-0.030450521
-0.016202742
-0.030133794
-0.033425735
-0.037995934
-0.041252875
-0.048083427
-0.050534225
-0.04407423
-0.046376331
-0.052161504
-0.052925325
-0.048092481
-0.052661222
-0.053783088
-0.053759578
-0.052609287
-0.052810695
-0.041630448
-0.043527207
-0.033853011
-0.031738345
-0.027811283
-0.030804814
-0.036612997
-0.023339199
-0.021343201
-0.031515276
-0.022675083
-0.01674483
-0.014896867
-0.0096694471
0
-0.016574708
-0.034404389
-0.041007442
-0.044875569
-0.037435738
-0.042685357
-0.039443274
-0.044625567
-0.047051989
-0.050403779
-0.025170542
-0.03290781
0
-0.013212657
0
-0.012125194
-0.02367145
-0.031942501
0
-0.010654284
-0.02179661
-0.038234282
-0.042637713
-0.048381522
0.0052776581
-0.0091341776
0.0025378758
-0.021278615
-0.012815301
-0.031727999
-0.021474659
-0.024821917
-0.034410096
-0.046400863
-0.040493661
-0.050295429
-0.052692955
-0.053384667
-0.037722808
-0.031819127
-0.026609395
-0.019375464
-0.011043812
-0.039950453
-0.039744209
-0.043775822
-0.047997828
-0.031862871
-0.013273078
-0.012513751
-0.032195862
-0.011382261
-0.043806521
-0.005143777
0.0054815377
-0.0058550648
0.0064260874
0.0064116403
0.0045132791
0.0070751836
-0.0064921439
0.0074751485
-0.0073562708
-0.0063119978
-0.008181071
0.0091861253
-0.0065117364
0.0099003001
0.0084154604
0.0076112957
-0.010276275
0.0074874247
-0.010962596
-0.0064560952
-0.011574486
-0.0086952281
0.0076024649
-0.0087622929
0.0099600632
0.0067613317
0.0099528308
-0.0087278602
0.0096798945
-0.0095267505
-0.0085666714
0.012682798
-0.0061502104
0.013198676
0.01207152
0.0071130063
-0.013804754
0.0065004652
-0.014347966
-0.0056043668
-0.014773998
0.0099653996
0.0083348078
0.0082396535
0.011426992
-0.0099411631
-0.011564052
-0.011450797
-0.01029624
0.010002271
-0.0087685326
0.010520523
0.011399654
0.0091911439
0.011593019
-0.012680711
-0.011506751
-0.01360639
-0.010630423
0.012501397
-0.0095002929
0.0070347712
0.0076190784
0.0087603849
0.0058228959
-0.0085268307
-0.010089299
-0.011364625
-0.008128475
0.010206057
-0.006532591
0.012613337
0.011511954
0.013520269
-0.013039542
-0.013288317
-0.014233505
-0.012562203
0.012863013
0.014151432
0.014521511
0.014515855
-0.015959211
-0.013941584
-0.016844516
-0.013745104
0.015559807
0.013218842
0.016283263
0.012941878
0.013237424
-0.017396173
-0.012401694
-0.017589459
-0.012566776
0.016666411
-0.012474855
0.012401009
0.013924672
-0.01512608
-0.015692979
-0.012122054
0.014671804
0.011721474
0.015085481
0.011299844
0.011884193
-0.015915562
-0.011172071
-0.015783932
-0.011197881
0.015152548
-0.010970152
0.01179022
0.016693193
0.011440895
-0.017410145
-0.010372975
-0.016860756
-0.010896013
0.016357582
0.010553322
0.014867376
0.010517457
0.010343913
-0.015296969
-0.0094079496
-0.014463812
-0.0097912402
0.014231428
-0.0099435074
0.0085184225
0.011349433
0.0071228849
0.0096897816
-0.012331252
-0.0097561805
-0.012973531
-0.0087841429
0.012173979
-0.0075876085
-0.0038454388
0.01914413
-0.002664244
0.019311878
0.0046365577
0.018760132
0.0034348192
-0.020428423
0.0020976441
-0.020780314
-0.0013061012
-0.020858019
0.022563669
0.0002201271
0.022534752
0.022197664
0.00069596035
-0.024213359
-0.00068190103
-0.024656401
0.0018515264
-0.024555639
-0.002930117
0.021483959
-0.001609556
0.0037508209
0.020471536
0.0024701387
-0.021895798
0.0013844178
-0.023192196
-0.00052398573
0.027846
0.0039039895
0.027327209
0.026370748
-0.0010600342
-0.027807158
0
-0.030751881
0
-0.036180633
0.01630629
0.014630044
0.017360958
-0.017810621
0.014514475
-0.018741044
-0.013601832
-0.019318687
-0.013889132
0.018093395
0.01419699
0.020127197
0.013706672
-0.021564283
-0.012333799
-0.021769577
-0.013086662
0.020536342
0.011768371
0.020479396
0.012520637
0.01067819
-0.02137977
-0.0088853202
-0.020408496
-0.010287987
0.019931704
-0.011287985
0.013004741
0.018467309
-0.019496879
-0.01924944
-0.011979101
0.018455471
0.013081112
0.023142085
0.012301909
-0.025012829
-0.0095387592
-0.024218781
-0.011256459
0.023025511
0.011523065
0.027746776
0
-0.025730402
0
-0.021525882
-0.0048544674
0.023890264
0.0028578826
0.020918836
0.0062977189
0
-0.018957469
0
-0.016966292
-0.0019599506
0.018597222
-0.0044207169
0.0090536603
0.0220718
-0.022059763
-0.019856494
-0.0069014829
0.020462913
0.0014340014
0.016608895
0.0032612966
0
-0.015212135
0
-0.013562499
-0.0010691173
0.014786934
-0.0024572696
0.0087507757
0.018936303
0.0099488541
0.007183988
-0.019002262
-0.0057371482
-0.017361311
-0.0072746758
0.017593495
-0.008571551
