FiniteElementSpace
FiniteElementCollection: ND_R2D_2D_P1
VDim: 1
Ordering: 0

0
0
0
0
0.27257067
0.40847377
0.40638534
0.28894131
0
0.12594543
0
0
0.12419391
0.2070049
0.051443162
0.20363844
0.46189523
0.34408526
0.34291999
0.49230652
0.40192413
0.2483517
0.31173122
0.16095447
0
0.10020155
0
0.058134532
0.16633412
0.19891717
0.086989111
0.086216005
0.19781341
0
0.021972185
0
0
0.021639701
0
0.056616615
0.30873101
0.16363836
0
0.097623526
0.42395813
0.3614284
0.12411095
0.078696194
0.25668277
0.14103331
0.038903975
0.0085335581
0.038024719
0.25447797
0.07657057
0.38803088
0.31144885
0.31084781
0.38744822
0.4628529
0.37859083
0.4541289
0.35081429
0.27299389
0.30985093
0.38658581
0.23084971
0.26295456
0.34064503
0.41667521
0.36434663
0.4399738
0.096731817
0
0.062874008
0.14628304
0
0.049464231
0.11386422
0
0.038285568
0.090458999
0
0.027865842
0.069001889
0.28733546
0.30358202
0.3802763
0.2136177
0.14749284
0.1635557
0.23001793
0.23792782
0.17130422
0.17077027
0.23734168
0.1071572
0.11449737
0.069278883
0.068932313
0.11404701
0.10590212
0.16203799
0
0.01828562
0.04876011
0
0.010007105
0.030362474
0
0.0036363383
0.014878898
0
0
0.0035878309
0.014746966
0
0.0097441667
0.061639779
0.0475633
0.090209847
0.036008941
0.029775242
0
0.017703359
0
0.026921307
0.28465456
0.21105042
0.18568427
0.25963293
0.12053375
0.088065274
0.15239203
0.14523958
0.067162844
0
0.036996211
0.34772798
0.41924312
0.32775034
0.28363139
0.38863932
0.068876008
0.054489824
0.043194034
0.032649327
0.33201694
0.18683769
0.26889606
0.20256033
0.1375175
0.090279646
0.13655245
0.022727969
0.013816563
0.0064764467
0.0013783241
0.006337769
0.074930765
0.047915105
0.01340343
0.021967082
0.23303476
0.13454275
0.10412904
0.03152923
0.010981078
-0.012896236
0.010534318
-0.013730619
-0.011240574
-0.011924039
-0.010822228
0.011621844
-0.010242299
0.012569492
0.0099430283
0.013385199
0.010309813
-0.014429838
0.0098141121
-0.014994991
-0.010667141
-0.010195717
-0.0095910587
0.014065333
0.0091982015
0.014612405
0.0099702895
-0.0096354056
0.010583772
-0.011019551
-0.0094385387
-0.0080650688
-0.010188345
0.0077228162
-0.010826678
0.0093140207
0.011104365
0.010735518
-0.0090472649
0.011493062
-0.010479601
-0.0074570605
-0.011317113
0.0072535699
-0.011623161
0.0088182795
0.011726713
0.010248753
0.01144679
-0.011755905
0.011649476
-0.012872812
-0.01131171
-0.011606944
-0.011760463
0.011530102
0.011729191
0.012663623
0.0074189117
-0.002068092
0.0087518236
-0.0043147853
-0.0071393479
0
-0.0082894983
0
-0.0092346432
0.0020045663
0.00972561
0.0040295148
-0.0019685064
0.010424121
-0.0038754019
0
-0.009984592
0
-0.010512971
0.0019199428
0.010906352
0.003781961
-0.0018789313
0.011159915
-0.0036936356
0
-0.010817467
0
-0.010891971
0.0018376705
0.011187318
0.0036133538
-0.0017954389
0.010984028
-0.0035292788
0
-0.010733793
0
-0.010342438
0.0017502941
0.010550832
0.003440632
-0.011305521
0.011663533
-0.012438817
-0.010028193
-0.011756484
0.0098117937
-0.011575748
0.01106999
0.011441604
0.012195522
0.011644193
-0.0082277292
0.01130866
-0.0095832671
-0.011638924
-0.0067573149
-0.011335121
0.006586431
-0.010817942
0.0080162212
0.01077515
0.0093392317
-0.010819459
0.011049352
-0.011214159
-0.010662185
0.010542031
0.010484879
-0.010236368
0.0097417037
-0.011280109
-0.0090686546
-0.009923271
0.0087727846
-0.0089951954
0.0098947665
0.0088246314
0.010899365
-0.0077878834
0.010039388
-0.00639861
-0.010093304
0.0061951692
-0.0091624937
0.0075356763
0.0091089711
-0.0072629048
0.007986865
-0.0084467668
-0.0059731283
-0.0080368228
0.0057371713
-0.0067252238
0.0069682835
0.00668674
0.0080965125
-0.0095204516
0.0077328265
-0.010474122
-0.0078871888
-0.0066031482
0.0091107047
0.0064768829
0.010009955
-0.0017009662
0.0098900839
-0.0033435925
0
-0.009720331
0
-0.0088738127
0.0016472727
0.0090084731
0.0032382232
-0.0015890515
0.0079162167
-0.0031239152
0
-0.0078130898
0
-0.0065530169
0.0015271254
0.0066285704
0.0030027121
-0.0014628327
0.0051649037
-0.0028765177
0
-0.0051133662
0
-0.003519209
0.0013982519
0.0035506782
0.0027502743
-0.0013368558
0.0018162211
-0.0026295314
0
-0.0018018744
0
0
0.001283726
0
0.0025252419
0.0036092838
-0.0038545363
0.00185224
-0.004990374
-0.0035845805
-0.0018368708
0
0.0036909034
0
0.0047604535
-0.0086743497
0.0050607008
-0.009505931
-0.0077226071
-0.0051584805
0.0073361299
-0.0035629576
0.0082137272
0.0035009707
0.008974137
-0.006659601
0.0052184086
-0.0054891054
-0.0052460753
0.0052379048
-0.0036157811
0.0063406502
0.0036021792
-0.0060240385
0.001854262
-0.0069426486
-0.0018594974
0
0.0057187465
0
0.0065575877
-0.0077432059
0.0018067667
-0.0084184453
-0.0018381232
0
0.0072699866
0
0.0078561335
0.0075972995
-0.012600225
0.0066154901
-0.013054818
-0.0079756605
-0.012016226
-0.0069667544
0.011444581
-0.0058238575
0.011978714
0.0055195057
0.012393218
-0.011291936
0.0043078556
-0.011653222
-0.010813115
-0.0045545904
0.010133102
-0.0031549221
0.010537183
0.002987547
0.010838595
0.0060870043
-0.01022065
0.004758684
-0.0063029625
-0.0049294179
-0.0034107242
0.0096111396
0.0032980223
-0.0089739233
0.001705835
-0.0094064208
-0.0017646251
0
0.0083147314
0
0.0086531824
