FiniteElementSpace
FiniteElementCollection: ND_2D_P1
VDim: 1
Ordering: 0

1.673692e-05
-0.003822204
-0.0028244755
-0.00098704064
-5.1591206e-05
-0.0063608353
0.0025474656
0.0080815579
0.0049619142
0.0057167982
-0.0054766718
0.0030424403
-0.0077333425
-0.0079033774
-0.0052236576
-0.0099195694
0.0071574774
0.011856894
0.0091042089
0.0098536102
-0.010072349
0.0075124422
0.0033085169
0.00075607915
0.0015808505
0.0047502395
0.0015265443
-0.0079777678
1.8972848e-06
-0.0065802037
0.0024882505
-0.0048717025
0.010044956
0.0041900328
0.0083639938
0.011388618
-0.0015138602
-0.014951941
-0.0030032575
-0.013672761
0.0058425932
-0.012028504
-0.0059498355
0.01968917
-0.0048459873
0.019771547
0.0089854559
0.01918293
0.0079536186
-0.022305695
0.0068847924
-0.023008605
-0.0037345012
-0.023268773
0.026311161
-0.0026445127
0.026777386
0.025381845
0.0058098978
-0.028357513
0.0047658073
-0.029548555
-0.0016122266
-0.030256413
0.017432407
0.0074283487
0.015834325
0.018635508
-0.0044489435
-0.022406819
-0.005833583
-0.021292634
0.0089313267
-0.019750267
7.3407909e-05
0.019419714
0.0013892478
0.0029204607
0.0017201953
0.00053747647
-0.023069182
0.0026652292
0.026755
0.0038793576
0.026234558
-0.00060159437
-0.0016644246
-0.030443434
0.0050053734
-0.030090421
0.0252238
0.010337507
0.023746519
-0.0071395476
-0.0083481671
-0.029200171
0.011635129
-0.027796962
-0.00094864331
0.0086260676
-0.001324867
-0.00040100365
-0.012395387
0.0040230371
-0.01250398
0.0045244706
0.0086604684
0.0048264006
-0.0082672644
0.0084609133
-0.0085072704
-0.0077988653
-0.012347333
0.011691355
-0.011925077
0.012142909
0.0080262803
0.012335535
0.0014510747
-0.0085194067
0.0011242035
-0.0083092388
-0.0049654644
-0.0047084477
-0.0042452434
0.012269059
0.00061923329
0.011949762
0.00031619155
0.016294098
0.0011982728
-0.020290336
0.002439056
-0.020502094
0.0033253196
0.016462438
0.015901451
-0.01492376
0.015182549
-0.015660468
-0.019913567
-0.013925939
-0.01912759
0.017774888
-0.018043744
0.018865109
0.014195276
0.019664537
-0.016147169
-6.2543901e-05
-0.015730671
-0.016277806
-0.0035785501
0.020300512
-0.0027157156
0.020122059
-0.00091688881
0.019620978
-0.016115279
0.0073613553
-0.011244498
-0.010321476
0.020147481
0.0064775137
-0.0043443674
-0.010029386
-0.0026068377
-0.006025191
0.013628436
0.003232132
0.014940647
0.0017175395
-0.011410564
0.00016876836
-0.0076312844
-0.017358551
-0.0091463798
0.021188696
0.0060880072
0.022327504
0.0046948082
-0.018590375
-0.001680698
-0.019401819
-0.000351391
-0.002961518
0.023013414
-0.00019744588
0.02323512
-0.0013810825
-0.019779005
-0.002591087
