FiniteElementSpace
FiniteElementCollection: RT_R2D_2D_P0
VDim: 1
Ordering: 0

0.0026533505
0.0032306705
0.0031187869
0.0027652341
-0.0035039252
0.0025808823
-0.0028541369
-0.0032334284
-0.0031665295
-0.0029210358
0.0024733281
-0.0035664946
0.0032619006
0.0028973416
0.0035783599
-0.0040300108
0.0022125321
-0.0033452014
-0.0026984675
-0.0034761463
-0.0025675226
0.0029124541
0.0030775061
0.0030468845
0.0029430757
0.0024215143
-0.0028201546
-0.0027850897
-0.0027777178
-0.0028275264
0.0023963038
-0.0034781071
0.0032053299
0.0023512799
0.0032503538
0.0025828037
-0.0021551916
-0.0028118986
-0.0019526781
-0.0030144121
0.0017299915
-0.0036357005
0.0032313802
0.0015028539
0.0034585178
0.0026486239
-0.0013699218
-0.0027200285
-0.0010189285
-0.0030710218
0.00092620028
-0.0036476754
0.0030962986
0.00052615932
0.0034963396
0.0025574318
-0.00048006165
-0.0024489652
0
-0.0029290269
0
-0.0034551862
0.00075615081
0.0039443693
0.0015190502
0.0031814699
-0.0017249703
0.0033861983
-0.0011667992
-0.0044042507
-0.0019015853
-0.0036694646
0.00097912479
-0.00420939
0.0014069353
0.0040489565
0.0020696935
-0.0023025242
0.0034296252
-0.001683193
-0.0043359448
-0.0022424663
-0.0037766715
0.0014421143
0.0047789466
0.0020914017
0.0041296592
0.0040756944
-0.0015392141
-0.0049699953
-0.0019930271
-0.0045161823
0.001331779
-0.005275805
0.0047649662
0.0018123066
0.0039317844
-0.0012662784
-0.0020586458
-0.0044834376
0.0011808622
-0.0051148819
0.001972704
0.0039342345
0.0024773133
-0.0027739608
0.0032830088
-0.0021227351
-0.004008637
-0.0024645283
-0.0036668438
0.0018082123
0.003603392
0.0027937114
-0.0025062132
-0.0026434854
-0.0033408348
0.0021259092
0.0039044177
0.0022648516
0.0037654753
-0.0019894216
-0.0019291318
-0.0036959902
0.0015972659
-0.0043635759
0.0044575857
0.0021901036
-0.0017724179
-0.0019094443
-0.0042265496
0.0014466578
0.0048666105
0.0015708081
0.0047424602
0.0041733121
-0.0012161459
-0.0045420077
-0.0010630974
-0.0046950561
0.00083791252
-0.0054279518
0.0040803638
0.0015043176
-0.0013072858
-0.001034311
-0.0039206502
0.00088296009
0.0040603196
0.00053771435
0.0044055653
-0.000470331
0
-0.0039255172
0
-0.0044632315
0.0050181501
0.00057824567
0.0052778169
-0.00045051265
0
-0.0049137442
0
-0.0054919899
0.0058398222
0.0021946058
0.0048260786
0.0049983103
-0.0012171338
-0.0064119831
-0.0020970581
-0.0055320589
0.0012678601
-0.0064588045
0.0055887284
0.0019221972
-0.0011467589
-0.001224858
-0.0053498527
0.00086006679
0.0060581006
0.00079022974
0.0061279377
-0.00044457427
0
-0.0059365641
0
-0.0067267939
0.0076877578
0.0028439817
0.0061116362
-0.00053723799
0
-0.0072640319
0
-0.010108014
0.0017060274
0.0038880582
0.00099943921
0.0011089594
-0.003612322
-0.0019956756
-0.0042823569
-0.0013256407
0.0032800009
-0.0019336979
0.0018793001
0.004702125
0.0011903834
-0.0044259652
-0.0020432541
-0.0051612369
-0.0013079824
0.0040144318
0.0021504164
0.0057861116
0.0011880386
-0.0054964267
-0.0020232445
-0.0063540895
-0.0011655816
0.0049084392
0.0027568407
0.0076804383
0
-0.0073511729
0
-0.0068594563
-0.00049171666
0.0061489105
0.00075790117
0.0060908289
0.00081598276
0
-0.0061015551
0
-0.0056744912
-0.00042706393
0.0053257368
-0.001192156
0.00078618516
0.00076457616
0.00088994179
0.0009116883
0.00074552304
0.0007293566
0.00085461307
0.00087081596
0.00098521412
0.00096864117
0.0010704819
0.0010876809
0.0011772442
0.0011592496
0.0012341201
0.0012529756
0.0013140163
0.0012943553
0.0013393369
0.0013596145
0.0013891823
0.0013686033
0.0013818812
0.001402349
0.0011978959
0.0011669731
0.0012773409
0.0013098716
0.0011364456
0.001106767
0.0012141568
0.0012452696
0.0013433736
0.0013102734
0.0013938334
0.001429524
0.001412422
0.0013776122
0.0014666569
0.0015045556
0.0010783701
0.0010516601
0.001156628
0.0011844686
0.0010270106
0.0010047607
0.0011079347
0.0011310086
0.0012225606
0.0011984098
0.0012751531
0.0013005317
0.001278823
0.0012494634
0.0013289459
0.0013601573
0.0014270473
0.0013937804
0.0014426195
0.0014778707
0.0013637792
0.0013371692
0.0013835469
0.0014111939
0.0014418095
0.001413536
0.0014266435
0.0014549546
0.0015109136
0.0014741882
0.0014875398
0.0015247577
0.0015852373
0.001543191
0.0016055605
0.0016532714
0.0015022786
0.0014633491
0.0015169496
0.0015597045
0.0015987864
0.0015523076
0.0015671601
0.0016156563
0.001707162
0.0016507189
0.0016719245
0.0017396862
0.0012645208
0.0013755256
0.0014736906
0.0013659241
0.0014775405
0.0015697451
0.0016625219
0.0015727465
0.0016514169
0.0017220637
0.0018139772
0.0017427654
0.0017817735
0.0018385027
0.0019441824
0.0018792708
0.0019763201
0.002040675
0.0021308584
0.0020687899
