FiniteElementSpace
FiniteElementCollection: ND_R2D_2D_P1
VDim: 1
Ordering: 0

0.1976276
0.14245465
0.15018839
0.18621176
0.18217363
0.12055824
0.1257912
0.18515391
0.12685592
0.16357659
0.16655762
0.19526441
0.17065651
0.17474062
0.19314925
0.16509283
0.17544498
0.17736495
0.19433584
0.13316665
0.14439837
0.10519479
0.10792188
0.14694022
0.14018157
0.17036217
0.17904949
0.17911633
0.14092078
0.14900961
0.1481422
0.18754013
0.18806885
0.15694008
0.12794738
0.16133491
0.19005712
0.16258256
0.16180419
0.1920717
0.1828798
0.18011045
0.18944031
0.19721124
0.19232125
0.19301262
0.19773029
0.18045666
0.18350975
0.17110103
0.17216635
0.18438944
0.18303586
0.19146012
0.17533994
0.16256736
0.16786047
0.15539752
0.1392372
0.14662624
0.12816668
0.13392785
0.15213508
0.15557019
0.13755131
0.13889361
0.15679704
0.11404818
0.11783327
0.11922612
0.11813079
0.13787198
0.17099047
0.1675678
0.1794426
0.15574235
0.13446869
0.15239815
0.14682739
0.16195699
0.19403577
0.19440315
0.19828227
0.18391957
0.18625284
0.17456877
0.17447719
0.18640036
0.1843703
0.19256312
0.16824053
0.17247685
0.14724747
0.15340295
0.13543471
0.13945544
0.1574716
0.15935687
0.17221906
0.16786575
0.18021964
0.15902592
0.1565059
0.18588576
0.19485754
0.1861882
0.1775107
0.18773476
0.1712581
0.15057794
0.13979115
0.16132588
0.14681782
0.12539435
0.12809978
0.17497357
0.16359222
0.14472007
0.15683336
0.1959138
0.1886952
0.18017464
0.1892201
0.17575547
0.15737948
0.14606268
0.16566471
0.17591339
0.16525383
0.03058787
0.0085752225
0.029836564
0.0088308328
-0.029961516
0.0082944132
-0.029174711
-0.008336818
-0.028188809
-0.0086105981
0.028891687
-0.0088493503
0.0086967989
-0.026042397
0.009032709
-0.026490424
-0.008782204
-0.025440351
-0.0090490275
0.02541104
-0.0092167878
0.026041248
0.0092518693
0.026499888
-0.024669353
0.0090482113
-0.023725682
-0.0090271727
0.023634544
-0.0091104243
0.024609641
0.0091692148
-0.024532462
0.0091781634
-0.025350239
-0.023539698
-0.0090841593
0.023446603
-0.0089363869
0.024444945
0.0090622296
0.025266602
-0.025994213
0.0093554133
-0.026467508
-0.009268853
-0.0091928994
0.025912875
0.0093277038
0.026386662
0.008839246
-0.022607647
0.0089868677
-0.0088019164
-0.021315061
-0.008928676
0.021161268
-0.0089630178
0.022484925
0.0090411751
0.0087389347
-0.019848743
0.0088546476
-0.0086524004
-0.018210552
-0.0087672982
0.018001388
-0.0087884773
0.019665695
0.0088778224
-0.019518901
0.0087948672
-0.021030559
-0.017842135
-0.0087018916
0.017726405
-0.0084995895
0.019406835
0.0085961194
0.020924116
-0.02237183
0.0089880105
-0.008890916
-0.0087022919
0.02227226
0.0088160295
-0.022190582
0.0085176166
-0.023361965
-0.020844284
-0.0083904461
0.020794469
-0.0079533707
0.022133453
0.0080882201
0.023294022
-0.019327931
0.0082771701
-0.017649653
-0.0081779465
0.017608911
-0.0077392446
0.019283733
0.0078368786
-0.022109427
0.0075276258
-0.023254132
-0.020781609
-0.0073921377
0.02081395
-0.0067134959
0.022130991
0.0068390978
0.023256735
-0.025804919
0.0091553864
-0.026265737
-0.025169039
-0.0089769151
0.025068246
-0.0086109575
0.025681437
0.0088267024
0.026115674
-0.024355063
0.0088110053
-0.0086578182
-0.0082424339
0.024272783
0.0084164185
-0.024210876
0.007873213
-0.024978113
-0.0076872348
-0.0069932539
0.02418618
0.0071792814
0.024916881
-0.025556894
0.0083315431
-0.025950708
-0.0080874515
-0.0074009334
0.025449778
0.0076618921
0.025789426
-0.025562565
-0.026780453
-0.025197355
-0.025797218
0.026787872
0.026075579
0.026904672
0.025864868
-0.026929379
0.0254911
-0.025874028
-0.026729344
-0.025781831
0.026612888
0.025956874
0.026635408
0.026110005
-0.026803912
-0.026250313
-0.02668142
-0.026269422
-0.02602386
0.026443451
0.025984125
0.026027152
0.026297283
-0.026353174
0.026381796
-0.02609278
-0.02691463
-0.025733797
0.026841242
0.026589413
0.026250186
-0.026727624
0.025916957
-0.025512285
-0.026448019
-0.025060371
0.026247136
0.025057548
0.026140365
0.025607736
-0.026409641
-0.024425041
-0.026026427
-0.023608904
0.025805986
0.023350408
0.025544276
0.024304502
-0.025844794
-0.024028254
-0.02539009
-0.02491679
-0.022914955
0.024985088
0.022304214
0.02411435
0.023595075
-0.024648232
0.024637392
-0.025581244
-0.026138542
0.025781349
0.025157452
0.025432797
-0.025623307
-0.026341115
-0.026362464
-0.026043642
-0.026416725
0.026142826
0.026379557
0.025496756
0.026371186
-0.025815595
0.026118936
-0.026254213
-0.025811665
-0.025839821
0.02537751
0.025593759
0.024486035
0.026125515
-0.025050459
