FiniteElementSpace
FiniteElementCollection: ND_R2D_2D_P1
VDim: 1
Ordering: 0

0.01879565
0
-0.047395962
-0.048709713
-0.025709096
-0.044257449
0.0090659522
-0.0522184
-0.038858691
-0.024478759
-0.042955312
-0.030983073
-0.01444053
-0.03426841
-0.0054114738
-0.027584979
-0.012861169
0.014915206
-0.040134
-0.045866104
-0.040643627
-0.042205582
-0.034890017
-0.051885129
-0.051136399
-0.050503764
-0.046933482
-0.034445911
-0.040781949
-0.023665595
-0.016551958
-0.012612743
-0.027935605
-0.020074171
-0.0069792825
-0.0076024083
-0.041946033
-0.040096198
-0.046303574
-0.03648249
-0.031716866
0
-0.0085688633
-0.040368485
-0.040469562
-0.046351413
-0.043766771
-0.018843791
-0.014679987
-0.037677559
-0.010075154
-0.0034504374
-0.033430617
-0.047075335
-0.04420005
-0.019715915
0.0064252824
-0.0067963258
0.0028121779
0.017252835
-0.016202742
-0.026628122
-0.018789663
-0.01060198
-0.002345812
0.012298495
-0.033853011
-0.04037275
-0.034948191
-0.044890938
-0.046856114
-0.044249744
-0.045305606
-0.043537402
-0.040673587
-0.043522732
-0.042328204
-0.040809201
-0.039263104
-0.048092481
-0.04917336
-0.041630448
-0.052810695
-0.051827715
-0.049588135
-0.043527207
-0.049326175
-0.04839915
-0.045645552
-0.046022737
-0.032699176
-0.021638266
-0.027866202
-0.03699606
-0.017862846
-0.024453169
-0.032983237
-0.015736914
-0.021751691
-0.029682244
-0.013758556
-0.01883061
-0.026425793
-0.036880264
-0.033551649
-0.039511463
-0.011451006
-0.015230093
-0.022498223
-0.0086175244
-0.010760734
-0.017465979
-0.0052613756
-0.005516053
-0.011181082
-0.046020069
-0.038205756
-0.037262417
-0.045134975
-0.050013205
-0.047433839
-0.050378408
-0.04714188
-0.041278335
-0.035757172
-0.043007248
-0.038123503
-0.044190838
-0.052609287
-0.048981765
-0.045727654
-0.050939852
-0.04265004
-0.038675695
-0.033335919
-0.029313596
-0.022142665
-0.010208814
0
-0.014563801
0.004772203
-0.017350026
0.00033836679
-0.034247861
-0.044383809
-0.043735785
-0.042857683
-0.044927742
-0.051205036
-0.047182681
-0.04694442
-0.02952404
-0.025609622
-0.022909804
-0.020255504
-0.035004013
-0.017073602
-0.013070613
-0.0081975876
-0.041900157
-0.049060696
-0.050091332
-0.041863762
-0.04327861
-0.049676501
-0.047183866
-0.039858202
-0.03032805
-0.01071963
0.00415499
-0.0017902213
0.0023559995
-3.7883494e-05
-0.0050056918
-0.0032743664
-0.0034483543
0.0039943057
-0.0019115762
0.0025770977
0.00069189724
0.00099059723
0.0058228959
-0.0045673247
0.0044003013
-0.006532591
-0.0056497838
-0.0052380847
0.006190271
-0.0039643615
0.0052008599
0.0030039718
-0.003492593
-0.00089639465
-0.0019895572
-0.0048129576
-0.00044652703
0.0057263234
0.00092928473
0.0044999506
-0.0023874545
0.0030797433
0.0071228849
-0.0065063456
0.0059499655
-0.0075876085
-0.0071246684
-0.0065311348
0.0074705248
-0.0054815472
0.0069501325
0.0047911541
0.007924105
-0.0074954583
0.0069805809
-0.0081332738
-0.00761327
-0.0073002564
0.0077702992
-0.0064575431
0.0077450462
0.0060357345
-0.0080745576
0.0051048801
-0.0078984444
-0.0080063738
-0.0056177908
0.0083130677
-0.0047948108
0.0084767286
0.0042032594
0.0084012457
-0.0089427485
0.0033466458
-0.008971017
-0.0086817862
-0.0040020078
0.0091024334
-0.003253342
0.0094634549
0.0025500366
0.0095983959
0.012501397
0.010620736
0.013287273
0.0096897816
-0.01360639
0.011299844
-0.014207616
-0.010970152
-0.014470248
-0.010488098
0.013741829
-0.0097561805
0.010231964
0.013855389
0.009698165
0.010517457
-0.014385604
-0.0099435074
-0.013951025
-0.0098533744
0.013623199
-0.0095170641
0.012173979
0.008924156
0.012669072
-0.012973531
-0.013280839
-0.013247994
-0.0089394368
0.012829131
0.0082187265
-0.0074756881
0.0074957735
-0.0081873289
-0.0070838127
-0.0075755724
0.0070778161
-0.0069346733
0.0075468058
0.0067536289
0.0075096975
-0.004418021
0.0072738328
-0.005551259
-0.0071611395
-0.0030407927
-0.0070851604
0.0029364548
-0.0068797949
0.0042829397
0.0069542232
0.00543406
-0.0042279284
0.0065579721
-0.0053994392
-0.0029030904
-0.0065571547
0.0028957863
-0.0061536901
0.0042308831
0.0060969988
0.0054290601
-0.0042746873
0.005589137
-0.0055108433
-0.0029178757
-0.0056865392
0.0029627591
-0.0051740446
0.004353068
0.0050471579
0.0056327921
-0.0044573235
0.0044855211
-0.0057874097
-0.0030266308
-0.0046302962
0.003104491
-0.004069122
0.0045817427
0.0039156966
0.0059656971
0.0058423201
-0.0065919937
0.005228521
-0.0074936394
-0.006001229
-0.0054422139
-0.0048649038
0.0067714641
0.004610704
0.0077420623
-0.0047198833
0.0033489125
-0.0061608256
-0.0031925402
-0.0035019751
0.0032869743
-0.0029391934
0.0048667273
0.0027939971
0.0063653934
-0.0050171271
0.0022586147
-0.0065732158
-0.0033846513
-0.0023890784
0.0034826596
-0.0018584881
0.0051668771
0.0017481078
0.0067779997
-0.0053119733
0.0012662593
-0.0069744924
-0.0035787298
-0.0013522991
0.0036710564
-0.00087370172
0.005449241
0.00081453239
0.0071575661
0.014748606
0.0057837089
0.013129649
0.0067759148
-0.014608857
0.0047145816
-0.012873869
-0.0035598897
-0.011035289
-0.0045463017
0.011351793
-0.0055168419
0.0088337541
0.012653848
0.0092157876
-0.012874187
-0.0087979765
-0.012161775
-0.0086128854
0.012147028
0.0093543466
0.01304494
0.0092499548
-0.013168872
-0.0084357117
-0.012044905
-0.0087357501
0.012122888
0.0079932011
0.010857847
0.0082660481
0.0074938725
-0.010587557
-0.0064066318
-0.0088077755
-0.0071112633
0.0092443143
-0.0076161055
0.008284236
0.011315432
0.0080487411
-0.011113442
-0.0097250962
-0.0078559891
0.010165648
-0.007816524
0.014231428
0.0089150156
0.013253301
-0.014463812
0.0083723606
-0.013303773
-0.0072432404
-0.011846367
-0.0079256022
0.011948879
0.014641639
0.0076494857
0.01331462
-0.014746718
-0.013266602
-0.011575326
-0.0064283473
0.011730301
0.0068191724
0.010342028
0.0060255611
-0.010134421
-0.0047258889
-0.0082258466
-0.005590926
0.0084739304
0.0073344686
0.0086967766
0.0068278005
-0.0079713318
-0.0058263509
-0.0057605713
-0.006716692
0.0068774772
0.0059409583
0.0045488864
0.0068430068
0.0043631902
-0.0028207871
-0.0025498989
0
-0.0040027249
0
-0.0071149575
