FiniteElementSpace
FiniteElementCollection: RT_R2D_2D_P0
VDim: 1
Ordering: 0

-0.0039846112
-0.007010216
-0.0063345265
-0.0046603007
0.0073352775
-0.005362465
0.0056875265
0.0086985333
0.0078717352
0.0065143246
-0.0047096426
0.0081392085
-0.006693984
-0.0075624091
-0.0088939281
0.0099475684
-0.0057720247
0.008157184
0.008899343
0.01013785
0.0069186768
-0.0071140715
-0.0071582384
-0.01210914
-0.0088089361
-0.010458442
0.0098459292
-0.010053598
0.007790387
0.012510584
0.009036525
0.011264446
-0.0067665046
0.013306877
-0.0020631606
-0.0092284412
-0.0044579314
-0.0068336704
0.0053698575
-0.0076406281
0.0037820444
0.010948148
0.006018801
0.0087113916
-0.0029221975
0.010247125
-0.0098375991
-0.0069066135
-0.0080812426
0.0061153787
0.011191204
0.0080794037
0.0092271786
-0.0051856441
-0.012339077
-0.0072006119
-0.010324109
0.0061987689
0.0079100129
0.011595633
-0.0053532094
0.013443035
-0.011995986
-0.005222879
-0.0096953039
0.0043469249
0.0064512805
0.01133868
-0.0036186843
0.012942875
-0.004819583
-0.01198943
-0.0025254574
-0.0032174427
0.011340734
0.0060705513
0.01345959
0.0039516956
-0.010313836
0.0056272892
-0.0068350859
-0.012343927
-0.0048049952
-0.0049999643
0.011624469
0.0076084441
0.013369612
0.0058633006
-0.01047052
0.0077367076
-0.0090997665
-0.010385834
-0.0093291855
-0.010156415
0.010745381
-0.0082338012
0.008593348
0.0092327522
0.0083202593
0.0095058408
-0.0072041049
0.011630921
-0.0077403425
-0.0077621609
-0.0070429219
-0.0084595815
0.0084737998
-0.0058854745
0.0065971134
0.0060900922
0.0055848374
0.0071023681
-0.0052052159
0.0089400741
-0.010454688
-0.0069254372
-0.010733356
0.0063251528
0.0056300414
0.0096351856
-0.0049650075
0.011595615
-0.0080246243
-0.0048104773
-0.0069496271
0.0083029527
-0.0030564367
0.0065489121
0.0030928844
0.0052722628
0.0043695337
-0.0052290686
-0.0099903306
-0.0042295077
-0.01072583
-0.0082061808
0.0038458916
0.0081592395
0.0028119875
0.0091931437
-0.0025208427
0.010901809
-0.0072065077
-0.0042055427
-0.0055319294
0.0039102592
0.0053631448
0.0027276215
0.0065457824
-0.0025920856
-0.0062037921
-0.0013797006
-0.0074161772
-0.0047526467
0.0012764761
0.0042069872
0
0.0054834633
0
0.0068631639
-0.0089449163
-0.0014079212
-0.010057838
0.0012832483
0
0.0081464122
0
0.0095543335
-0.01446496
-0.0058484022
-0.012235242
-0.012662897
0.0046492174
0.015630194
0.0066538377
0.013625574
-0.0041164113
0.015357565
-0.014489478
-0.0071797902
-0.012449358
0.0058698932
0.01501329
0.0072985236
0.01358466
-0.0051342559
-0.013754803
-0.0080719496
-0.011589876
0.0068715984
0.013605061
0.0076637239
0.012812936
-0.0058715954
-0.0065510018
-0.012848613
-0.0067663963
-0.012633219
0.0080037114
0.005888454
0.0055742873
0.011909782
-0.0046418148
0.014034363
-0.014881498
-0.006745088
-0.014008005
0.0054154449
0.0056135496
0.013836259
-0.0043754633
0.016205883
-0.015189927
-0.0045281526
-0.015037238
-0.013033323
0.0034569453
0.013581116
0.0029302012
0.01410786
-0.0023172051
0.016318807
-0.012643867
-0.0042523593
0.0036562507
0.0028333923
0.011724667
-0.0023959106
-0.011655481
-0.001429456
-0.012621935
0.0012357495
0
0.010790083
0
0.012219539
-0.014372819
-0.0015485718
-0.015141452
0.0011793176
0
0.013398857
0
0.014947428
-0.0043585385
-0.01766527
-0.0057091515
-0.016314656
0.0060515197
0.0034234878
0.0034472051
0.01629509
-0.0025201503
0.019484091
-0.017401907
-0.0021622312
-0.017759826
0.0011867504
0
0.016134179
0
0.01829641
-0.004064785
-0.022258766
-0.0078548985
-0.018468653
0.0060268645
0.0015279239
0
0.019824334
0
0.027679232
-0.007723
-0.022317548
-0.0038741049
0
0.019956232
0
0.018474703
0.0014815295
-0.01790713
0.005891948
0.00051740158
0.00052984831
0.00072670991
0.00071894646
0.00054321663
0.0005573376
0.00074523844
0.00073547231
0.001255181
0.0012523997
0.0013979397
0.0014046352
0.00090886147
0.00091017197
0.0010986415
0.0011024048
0.00091214292
0.00091507077
0.0010934444
0.0010954931
0.0012675144
0.0012603696
0.0014144192
0.0014267488
0.0012852634
0.0012760394
0.0014408915
0.0014559633
0.0013506056
0.0015232933
0.0016431279
0.0014723979
0.0015946127
0.0017633519
0.0018827315
0.0017160288
0.0015247627
0.001532743
0.0016424463
0.0016354984
0.0017487417
0.0017654848
0.0018428321
0.0018273344
0.0017312536
0.0017372766
0.0018167379
0.0018114661
0.0017871478
0.0018130799
0.001885746
0.0018626095
0.0018757734
0.0018805524
0.0019286275
0.0019240217
0.0018904586
0.0019048657
0.0019517147
0.0019381256
0.001970503
0.001983661
0.0020011114
0.0019879053
0.0019562354
0.0019610524
0.0019780652
0.0019726129
0.0016130496
0.0015917422
0.0017271618
0.0017550935
0.0015717618
0.0015542091
0.0016784272
0.0017011637
0.0015399472
0.0015295667
0.001646166
0.0016599107
0.001735905
0.0017307712
0.0018118251
0.0018180975
0.0017634201
0.0017467623
0.0018305674
0.0018495478
0.0019175817
0.0018970304
0.0019458401
0.0019671149
0.0018835519
0.0018766225
0.0019249523
0.0019320255
0.0019634869
0.001956812
0.0019723735
0.0019781198
0.0019980481
0.0019769584
0.0019905806
0.0020106221
0.0019821628
0.0019458023
0.0019967302
0.0020358195
0.002067872
0.0020278436
0.002039367
0.0020785002
0.0021878663
0.0021206137
0.0021308664
0.002203396
0.0022774807
0.0023056952
0.0024136818
0.0023842962
