FiniteElementSpace
FiniteElementCollection: ND_R2D_2D_P1
VDim: 1
Ordering: 0

-0.058740033
0
-0.045001277
-0.056255039
-0.038597742
-0.055864877
-0.038198634
0
-0.026786694
-0.051207796
-0.020177496
-0.057454294
-0.054061121
-0.058281192
-0.054736997
-0.054276771
-0.058303632
-0.045766977
-0.042308028
-0.051410267
-0.053810763
-0.057900702
-0.042058857
-0.029953788
-0.023413723
-0.036754134
-0.0098789946
0
-0.015052164
-0.023451157
-0.029844273
0
-0.056515305
-0.057299603
-0.049243099
-0.056828205
-0.048860711
-0.033637166
-0.011801057
-0.03353901
-0.011910646
-0.058641106
-0.057482849
-0.057947925
-0.059016245
-0.05578571
-0.055708923
-0.057773717
-0.058353778
-0.058306886
-0.059076504
-0.05606298
-0.056522737
-0.053530381
-0.053232119
-0.056352287
-0.055566827
-0.057644998
-0.05231205
-0.050802536
-0.054193264
-0.049020109
-0.047964703
-0.04267701
-0.040867205
-0.046307174
-0.044099742
-0.048748728
-0.058074708
-0.057913433
-0.058838737
-0.055329136
-0.055869562
-0.05060083
-0.051876542
-0.043961902
-0.045984072
-0.038484225
-0.035602149
-0.041409564
-0.03472305
-0.032150737
-0.025447081
-0.02207426
-0.029033188
-0.025465055
-0.032315581
-0.018144546
-0.013746193
-0.021577593
-0.015246359
-0.010991159
-0.0048943749
0
-0.0059881165
0
-0.0090464913
-0.035540196
-0.038307636
-0.025474285
-0.029004966
-0.032033505
-0.034466284
-0.040525748
-0.013798399
-0.018229003
0
-0.0060781553
-0.058180943
-0.056710596
-0.058603601
-0.057092449
-0.054820983
-0.056884063
-0.053127867
-0.050533074
-0.044333466
-0.047380318
-0.058393271
-0.056644579
-0.052905284
-0.047209585
-0.039754337
-0.036399824
-0.026963895
-0.030394664
-0.01939306
-0.016328582
-0.0052826131
-0.0064873444
-0.039655323
-0.030371149
-0.036175224
-0.019430401
-0.006535632
-0.015701709
-0.020590767
-0.015437174
-0.020904825
0.015537777
-0.02018663
0.015310657
0.020308956
0.0150082
0.020717861
-0.015121404
0.021011965
-0.020839679
-0.014747636
-0.021121996
-0.020430153
0.014635885
0.020559513
0.014195598
0.020969406
-0.014318239
0.021239216
0.0024255136
-0.021153112
0.0027758684
0.0020225565
0.021241564
-0.0017759581
0.021312203
-0.0021945223
-0.021261113
-0.0025796939
0.0015709311
-0.021330491
0.0010687172
0.021430239
-0.00082864521
0.021438459
-0.001321164
-0.021368275
0.0011456683
-0.021214401
0.0015822265
0.00068496472
0.021242413
-0.00064040268
0.020824665
-0.0010498486
-0.020851015
-0.0014485397
0.0019949343
-0.02119908
0.0023853037
0.021202615
0.020894176
-0.0018352774
-0.020947842
-0.0022105311
0.0017231058
-0.020491602
0.0020649122
0.0013796495
0.020372473
-0.0013773392
0.019628003
-0.0016636036
-0.019819095
-0.0019566693
0.0010351248
-0.020265029
0.00069195571
0.020173682
-0.00083176672
0.019284957
-0.0010990964
-0.019449073
0.0012370826
-0.018401481
0.0014410408
0.0010498529
0.018160906
-0.0013383564
0.016809014
-0.0014446675
-0.017125343
-0.0015694828
0.0016597132
-0.018923822
0.0018919508
0.018656342
0.017457375
-0.0017128681
-0.017803554
-0.0018748627
0.022846837
0.0029999218
0.02270636
0.022832737
-0.0028248795
-0.022954876
-0.0030712057
-0.023003364
0.003230173
-0.022891502
0.022656786
0.0026445059
0.022305654
-0.0024692751
-0.022321218
-0.0027050894
-0.02273124
0.002891958
0.021769508
0.0023108
0.021041856
-0.0021791303
-0.020914237
-0.0023612177
-0.021716901
0.0025240612
0.020119595
0.0020822299
0.01900263
-0.0020256065
-0.018713788
-0.0021257029
-0.019912618
0.0022263539
0.001824511
-0.016458991
0.0019081692
0.0017630309
0.016033665
-0.0020265912
0.014387844
-0.0019980389
-0.014891391
-0.0019942233
0.0017212966
-0.015626262
0.0016953501
0.015239717
-0.002128538
0.013463458
-0.0020731921
-0.013910069
0.0025181648
-0.011979777
0.0023736901
0.0026572004
0.011490579
-0.0033148843
0.0093323738
-0.0030895053
-0.0098350734
-0.0028329209
0.0022421756
-0.013099252
0.0021374171
0.012519277
0.010419165
-0.0025758591
-0.011072705
-0.0023467556
0.0030399686
-0.008782091
0.0026417428
0.003458298
0.0080670339
-0.0043753239
0.0053996215
-0.0037157898
-0.0061693123
-0.0030735442
0.0038468581
-0.0074712622
0.0041401003
0.0070222363
-0.0051538324
0.0046338863
-0.0048509836
-0.0049493515
0.006103318
-0.0024140892
0.0056689073
0.0063307962
0.0022677066
-0.0076111368
0
-0.0075205734
0
-0.0072462187
0.0049533835
-0.0028990961
0.0037130044
0.0026198632
0
-0.006729723
0
-0.0058996855
0.017692808
0.0020123434
0.016192761
-0.0020439781
-0.015734849
-0.0020335775
-0.017320637
0.0020618674
0.014503193
0.0021213795
0.012619684
-0.0022468347
-0.011968687
-0.0020622338
-0.013954605
0.0020366069
0.016947511
0.0020585351
0.018421261
0.015280827
-0.0019670071
-0.014836701
-0.0018504676
-0.016577425
0.0020059045
-0.018127459
0.010526254
0.002426632
0.0081563392
-0.0026594905
-0.0072187117
-0.0020991595
-0.009742289
0.0020914588
0.0055222143
0.0030927677
0
-0.0024240359
0
-0.00056537024
-0.0038994839
0.0017880776
