FiniteElementSpace
FiniteElementCollection: ND_R2D_2D_P1
VDim: 1
Ordering: 0

0
0
0
0
-0.039023657
-0.044257449
-0.033256745
-0.038858691
0
-0.024478759
0
0
-0.025927794
-0.030983073
-0.01444053
-0.027030754
-0.045866104
-0.042205582
-0.039031821
-0.032135142
-0.046933482
-0.034445911
-0.040781949
-0.023665595
0
-0.016551958
0
-0.012612743
-0.027935605
-0.033800749
-0.020074171
-0.021106924
-0.033863822
0
-0.0069792825
0
0
-0.0076024083
0
-0.014675097
-0.032047581
-0.028089611
0
-0.016709499
-0.040469562
-0.043766771
-0.018843791
-0.014679987
-0.037677559
-0.028451457
-0.010075154
-0.0034504374
-0.011552898
-0.035280161
-0.016501204
-0.042328204
-0.040975214
-0.039880778
-0.040121092
-0.037250069
-0.037021308
-0.033018833
-0.044190838
-0.03699606
-0.040328387
-0.045645552
-0.032983237
-0.036880264
-0.042552812
-0.046022737
-0.043615223
-0.045305606
-0.014563801
0
-0.0098276902
-0.021638266
0
-0.008460295
-0.017862846
0
-0.0074263491
-0.015736914
0
-0.0063086613
-0.013758556
-0.039511463
-0.040868913
-0.043522732
-0.033551649
-0.026425793
-0.02968415
-0.036045056
-0.037152348
-0.031461538
-0.031706653
-0.036879123
-0.022498223
-0.024633886
-0.017465979
-0.017990521
-0.025124865
-0.023872748
-0.030384265
0
-0.0049601592
-0.011451006
0
-0.0033482584
-0.0086175244
0
-0.0015664172
-0.0052613756
0
0
-0.0016628449
-0.005516053
0
-0.0038565582
-0.016645099
-0.01328215
-0.020794006
-0.011181082
-0.0096667916
0
-0.0060062692
0
-0.0077700637
-0.034421293
-0.032310772
-0.028123805
-0.030283932
-0.022978195
-0.016898698
-0.022765129
-0.02747584
-0.015820897
0
-0.0089017352
-0.041153899
-0.037218503
-0.041832969
-0.038224813
-0.04457697
-0.010510174
-0.008905871
-0.0078784107
-0.0068586073
-0.042100726
-0.031580333
-0.039010257
-0.034566477
-0.027241388
-0.021464094
-0.028033294
-0.0056493733
-0.004174441
-0.0024603069
-0.00069799978
-0.0027334504
-0.018879749
-0.013995881
-0.0049512661
-0.0069385598
-0.031669946
-0.023078446
-0.022092593
-0.0084041016
0.0025500366
-0.010028202
0.0018282484
-0.010273338
-0.003253342
-0.0095651468
-0.0025614302
0.010058555
-0.0019385222
0.010625984
0.0011946091
0.010984321
0.00069044975
-0.010292433
-0.00010521918
-0.010079769
-0.0016991049
-0.00094341277
-0.00029607905
0.011124349
-0.00077256094
0.011037776
0.0080487411
-0.0064407322
0.0075524009
-0.0070838127
-0.007816524
-0.005551259
-0.0074431117
0.00543406
-0.0070124795
0.0063705402
0.0070143718
0.0070778161
-0.0063803912
0.0064415582
-0.0071511637
-0.0053994392
-0.0065282281
0.0054290601
-0.006001229
0.0064584835
0.0058423201
0.0072930041
0.0067536289
-0.0076963216
0.0060033392
-0.0080063738
-0.0069346733
-0.0062727026
-0.0056003978
0.0079157351
0.0052561751
0.0083130677
0.0068430068
-0.0013938474
0.0069796911
-0.0030407927
-0.0071149575
0
-0.0069723948
0
-0.0068221169
0.0014826235
0.0068268097
0.0029364548
-0.0014729332
0.0065557178
-0.0029030904
0
-0.0065680343
0
-0.0062203041
0.0014698729
0.006189648
0.0028957863
-0.0014783525
0.005751553
-0.0029178757
0
-0.005795259
0
-0.0053106879
0.001498762
0.0052583987
0.0029627591
-0.0015286593
0.0047265567
-0.0030266308
0
-0.0047827623
0
-0.0042261716
0.0015659549
0.0041700359
0.003104491
-0.0081949653
0.0045248818
-0.0086817862
-0.0074936394
-0.0049282888
0.0077420623
-0.0042686232
0.0085246983
0.003821244
0.0091024334
0.004610704
-0.0069862812
0.0040009606
-0.0080291267
-0.0048649038
-0.0057874097
-0.0042801815
0.0059656971
-0.0036998997
0.0072282872
0.0034089295
0.0083442945
-0.0088941778
0.0031575977
-0.003631907
-0.0030290575
0.0092935544
0.0025442566
-0.0097115123
0.0019909367
-0.010571381
-0.0086783963
-0.0024684342
0.0090211765
-0.0019575298
0.010137465
0.0015044218
0.011090877
-0.0074880469
0.0028443143
-0.0061608256
-0.0031332854
0.0063653934
-0.0025889611
0.0077577115
0.0023140767
-0.0080287439
0.0018239969
-0.009363337
-0.0065732158
-0.0020729371
0.0067779997
-0.0015898005
0.008293775
0.001376844
0.0096949961
-0.010559568
0.0010896088
-0.01160416
-0.0015006708
-0.0011002419
0.01096668
0.00074742123
0.012097029
-0.0016085423
0.0036015137
-0.0031925402
0
-0.0036539054
0
-0.0030773636
0.0016546151
0.003031843
0.0032869743
-0.0017025557
0.002470389
-0.0033846513
0
-0.0025063986
0
-0.0019494351
0.0017510052
0.0019248669
0.0034826596
-0.0017989034
0.0014015768
-0.0035787298
0
-0.0014136498
0
-0.00090533435
0.0018456525
0.00090531561
0.0036710564
-0.0018916192
0.00043921889
-0.0037587108
0
-0.00043076826
0
0
0.0019410492
0
0.0038399225
0.00081453239
-0.0055755269
0.00039293396
-0.0073230056
-0.00087370172
-0.00042329552
0
0.0056877668
0
0.0074666812
-0.011347134
0.00047576114
-0.012555721
-0.010007419
-0.0007549841
0.010291972
-0.0004613412
0.011690699
0.00026782865
0.012966196
-0.0085453209
0.0009735963
-0.0069744924
-0.0011414972
0.0071575661
-0.00072840434
0.0087771272
0.00061230053
-0.0089832735
0.00028953597
-0.010541804
-0.00034874081
0
0.0091593453
0
0.010751113
-0.011987856
0.00011377187
-0.013316691
-0.00021243932
0
0.012231969
0
0.013597506
-0.0016541551
-0.013730077
-0.0018360908
-0.014072507
0.00061753338
-0.013197658
0.00086073818
0.013906048
0.00095193569
0.014575975
-0.0018266569
0.015081544
-0.015369249
-0.0016187737
-0.016044369
-0.014565161
0.00089241128
0.015150287
0.00069384325
0.016076751
-0.00121986
0.016915929
-0.00025459276
-0.013628299
-0.00032524146
-0.00030282693
-0.0001218181
-2.1818594e-05
0.014117742
-0.00029167358
-0.014529695
-0.00017366146
-0.015637611
1.2369514e-05
0
0.014851225
0
0.016006243
