FiniteElementSpace
FiniteElementCollection: RT_R2D_2D_P0
VDim: 1
Ordering: 0

-0.011875874
-0.051979872
-0.019052796
-0.044802949
0.022258609
-0.045628473
0.01590721
0.055366004
0.022277849
0.048995365
-0.012987463
0.055060699
-0.058905218
-0.020259624
-0.051633058
-0.051773407
0.015146038
0.061154117
0.021522764
0.054777391
-0.013331392
0.061705622
-0.015847333
-0.051792314
-0.015993167
-0.051646479
0.020263387
-0.044218579
0.012689652
0.045767571
0.010546464
0.047910759
-0.0083474332
0.055556493
-0.01720223
-0.042458583
-0.015442235
0.020284157
-0.035633469
0.013459043
0.035985503
0.010273321
0.039171224
-0.0088458876
-0.048525424
-0.0054904396
-0.051382417
-0.042322433
0.004343474
0.040699772
0
0.045043246
0
0.050533686
-0.06527454
-0.021652309
-0.056953623
-0.05640369
0.012651914
0.066332511
0.019360703
0.059623722
-0.012277046
0.068998985
-0.014756261
-0.060647504
-0.019000076
0.020952442
0.011951417
0.01181644
0.055691471
-0.0083590358
-0.059041726
-0.0071692633
-0.060231498
0.0041571311
0
0.054690817
0
0.06186008
-0.074827678
-0.024924447
-0.062180278
0.0047645233
0
0.066624604
0
0.09154905
-0.022132046
-0.052446108
-0.014488888
-0.01641999
0.049348643
0.025783652
0.056013329
0.019118965
-0.046476705
0.025088368
-0.023922512
-0.059135579
-0.017040344
0.054823454
0.025103205
0.061165082
0.018761578
-0.052113505
-0.026549868
-0.057290437
-0.021372936
-0.018008346
0.052623561
0.023831056
0.055480815
0.020973802
-0.049203907
0.029060331
-0.025211964
-0.065125243
-0.015361992
0.059149013
0.022066348
0.065314187
0.015901174
-0.055923212
-0.027191488
-0.074009774
0
0.064357562
0
0.058178721
0.006178841
-0.058122267
-0.0082848311
-0.05595719
-0.010449908
0
0.04989389
0
0.044921433
0.004972457
-0.047427407
0.013502239
-0.021897432
-0.059812297
0.053866663
0.053069029
0.014299873
-0.050281114
-0.017868041
-0.049979764
-0.018169391
-0.0095758953
0.044776883
0.011383835
0.042160516
0.014000202
-0.041929569
0.022050397
-0.0060813027
-0.043932815
0
0.03884013
0
0.034144765
0.0046953649
-0.037244345
-0.0053371874
-0.033326748
-0.0092547844
0
0.028807578
0
0.024358499
0.0044490787
-0.02748784
0.010287986
-0.01623329
-0.039826156
-0.018336703
0.035182011
0.031800257
0.01366974
-0.032699562
0.020796334
-0.043343488
-0.026228115
-0.04331314
-0.026258463
0.046737146
0.038845734
0.03703218
0.022609888
-0.035500069
0.030422959
-0.025139051
-0.033829612
-0.026809507
-0.017926012
0.029819141
0.019136387
0.026954112
0.022001417
-0.026556726
0.029274303
-0.014883472
-0.029657021
-0.0087298715
0.025646656
0.0091179371
0.021975806
0.012788788
-0.023309422
-0.0047454638
-0.023503433
0
0.019613035
0
0.01559445
0.0040185851
-0.018404081
-0.0040087926
-0.01466127
-0.0077516032
0
0.011585658
0
0.0082545475
0.0033311102
-0.010445878
0.007546502
-0.014348565
-0.010561681
-0.010779163
-0.014131084
0.013056194
-0.0062281513
0.0087226646
0.0054776317
0.005560874
0.0086394223
-0.0064025426
0.013016042
-0.0030406143
-0.0072583413
0
0.0052139332
0
0.0028534417
0.0023604915
-0.0041412011
-0.0018125075
-0.0018301028
-0.0041236058
0
0.0010409341
0
0
0.0010409341
0
0.0028710369
-0.0072731669
-0.0031390763
-0.010536633
0.0024113129
0
0.0052823498
0
0.0084214261
-0.00022215552
-0.00016269495
-0.00023946938
-0.00031227271
-0.00039997247
-0.0003101575
-0.00037046396
-0.00048110503
-2.2251801e-05
8.6859742e-05
0.00013317588
1.7643893e-05
0.00018123848
0.00026125593
0.00031094505
0.00023032067
7.7405772e-05
0.00019190696
0.00025490337
0.00014865853
-0.00055108221
-0.00041521794
-0.00043736063
-0.00060425252
-0.00027792451
-0.00014500411
-0.0001174442
-0.0002711917
-0.00022612553
-6.0720131e-05
1.8529258e-05
-0.00014128171
-0.00063310364
-0.00042100581
-0.0003402882
-0.00059801892
-0.0003110898
-0.00041472332
-0.00055560924
-0.00043689533
-0.00051848038
-0.00061833604
-0.00079338325
-0.00067575853
-0.00084561008
-0.00098207944
-0.0011813681
-0.0010259539
-0.00071013306
-0.00078998784
-0.0010076254
-0.00090488022
-0.000853691
-0.00091961425
-0.0012149055
-0.0011049265
-0.0013648802
-0.001491674
-0.0017566481
-0.0016221015
-0.0011140568
-0.0012404141
-0.0014801494
-0.0013331983
-0.001557274
-0.0017202008
-0.0019564574
-0.0017816378
-0.0018733609
-0.002011175
-0.0022548154
-0.0021164286
-0.0023492917
-0.0024860869
-0.0027031664
-0.00256973
-0.0020025391
-0.0021856755
-0.0024051222
-0.002216646
-0.0016019342
-0.0018060965
-0.0020112186
-0.0017952125
-0.0019839893
-0.0022093069
-0.002397434
-0.0021652686
-0.0024210314
-0.0026121596
-0.0028042773
-0.0026128614
-0.0027755498
-0.0029039683
-0.0030863259
-0.0029644087
-0.0031341175
-0.0032481331
-0.0033874282
-0.0032825368
-0.0030874077
-0.0032674386
-0.0033770044
-0.0032041021
-0.0034077362
-0.0035024131
-0.0035915816
-0.0035079922
-0.0035818975
-0.0036537435
-0.003688128
-0.0036283796
-0.0032966372
-0.0034611493
-0.0035185104
-0.0033633274
