6  
4 0.00230769 0.0083205
1 0.00153846 0.005547
7 0.0626667 0.204886
1 0.000647059 0.00269651
7 0.0134906 0.0795947
5 0.00361538 0.0137533
2 0.00135849 0.00606497
8 0.672 1.66151
2 0.00130584 0.00590259
9 5.01 2.91236
4 0.457857 1.70453
3 0.000566038 0.00332191
3 0.000784314 0.00409864
8 0.145753 0.790817
6 0.005 0.0187703
4 0.0208917 0.360027
9 1.07024 2.87154
5 0.00138498 0.00795323
4 0.0186179 0.332128
9 0.500818 2.02419
6 0.0020155 0.0112701
10 1.68133 2.90602
7 0.00822034 0.0545875
10 0.99037 2.33742
7 0.00399602 0.0375778
5 0.0021223 0.0106792
8 0.0446091 0.437516
11 0.542258 1.18476
10 0.322166 1.41581
8 0.0428571 0.426759
9 0.148327 1.1215
11 0.367174 1.00033
