.003128861,.005680
.041695115,.017551
.079957183,.226341
.128401329,.409282
.169824809,.409282
.207189536,.409282
.244887836,.452751
.283392484,.565113
.323173310,.636867
.363267120,.717182
.403439769,.796489
.440740154,.879573
.478141441,.961902
.515306319,1.043727
.552175968,1.126056
.589236629,1.208133
.625878877,1.289203
.664026528,1.373043
.701307978,1.455371
.738310949,1.538204
.775213350,1.618770
.812009390,1.700847
.848681655,1.782169
.886325441,1.863742
.924773391,1.949344
.962379246,2.027393
1.000096832,2.103427
1.039547703,2.176441
1.077666469,2.251468
1.117942765,2.332035
1.157629954,2.409832
1.198174918,2.489894
1.238380560,2.567188
1.278947587,2.648761
1.320976053,2.727313
1.361086855,2.805110
1.401016143,2.881397
1.440698643,2.959949
1.481553796,3.032207
1.520328616,3.106479
1.559579928,3.180500
1.598082693,3.260814
1.638164389,3.355480
1.682492645,3.451404
1.724789239,3.538768
1.765375172,3.630916
1.808014526,3.716518
1.847321194,3.809169
1.890032825,3.896282
1.930494272,3.984653
1.970667081,4.075290
2.012997830,4.162403
2.053347154,4.243976
2.090839924,4.335620
2.133972153,4.428272
2.176428660,4.516139
2.218741957,4.611057
2.261628269,4.700687
2.302493952,4.793087
2.344766691,4.881458
2.385919638,4.974613
2.427972581,5.061977
2.469644111,5.147579
2.508287732,5.240734
2.550887812,5.326084
2.590871112,5.419239
2.632525770,5.505847
2.673189620,5.598499
2.715868269,5.687625
2.757157023,5.781787
2.800074505,5.871166
2.841960281,5.964572
2.884309816,6.052188
2.926428864,6.147357
2.969738589,6.240512
3.013020250,6.325359
3.052388595,6.414989
3.093906283,6.498577
3.134731449,6.577503
3.176115194,6.650009
3.215485112,6.718585
3.256396882,6.766872
3.298821218,6.805137
3.338646629,6.844158
3.378834337,6.909114
3.421638353,6.997989
3.463264347,7.101718
3.506156540,7.238933
3.549730245,7.376564
3.592875569,7.564636
3.641653708,7.739356
3.684940519,7.907287
3.727270597,8.073204
3.768094380,8.230812
3.812951087,8.396728
3.856647916,8.541431
3.899473383,8.676380
3.941246115,8.876285
3.987273159,9.051769
4.029421193,9.244876
4.074018207,9.385017
4.114720280,9.490833
4.155831007,9.588016
4.197149377,9.696529
4.238859360,9.793209
4.279045495,9.900211
4.320011818,9.979740
4.359589209,10.010334
4.401659715,10.023426
4.439462433,10.037525
4.480303980,10.051120
4.518722274,10.063709
4.555565272,10.075794
4.592685426,10.089389
4.631506193,10.101726
4.670685850,10.116077
4.709487310,10.128665
4.749124835,10.142513
4.788037376,10.155605
4.827740595,10.169452
4.866709693,10.182292
4.905641381,10.195888
4.944149615,10.208477
4.982382007,10.221820
5.021206080,10.234912
5.060178344,10.248508
5.101371087,10.262104
5.139739707,10.274692
5.177591467,10.288288
5.216971534,10.301128
5.256706353,10.315227
5.297269753,10.328823
5.336314574,10.341663
5.376616919,10.355762
5.415459107,10.368602
5.453536004,10.381946
5.492661619,10.395038
5.532188424,10.408634
5.571944794,10.415042
5.609816772,10.423599
5.648599387,10.431907
5.687034693,10.440971
5.725166815,10.449028
5.760817935,10.457336
5.798263996,10.488304
5.834545851,10.537631
5.873690131,10.593521
5.915650679,10.649665
5.954799117,10.695487
5.993855029,10.743072
6.034877189,10.791664
6.074341465,10.849319
6.113162713,10.932403
6.148944129,11.009189
6.189687380,11.068103
6.229928759,11.121982
6.268614640,11.167552
6.306353657,11.215892
6.344885787,11.261966
6.383910891,11.310558
6.425101129,11.360912
6.466063475,11.365848
6.521478092,11.365848
6.574923216,11.365848
6.624617562,11.365848
6.664113018,11.365848
6.703181143,11.365848
6.744575718,11.365848
6.786624233,11.365848
6.834985682,11.365848
6.877399068,11.365848
6.940000767,11.365848
7.026058432,11.365848
7.158691812,11.365848
7.259322817,11.365848
7.310919889,11.365848
7.365917456,11.365848
7.422658928,11.365848
7.477585790,11.365848
7.528743459,11.365848
7.574922653,11.365848
7.621341901,11.365848
7.666384710,11.365848
7.708744304,11.365848
7.749123084,10.745121
7.790406379,7.727729
7.833414082,5.242595
7.876747913,4.225006
7.915761785,4.225006
7.954856011,4.225006
7.993916512,4.225006
8.033322718,4.225006
8.072917091,4.225006
8.112358855,4.225006
8.152512118,4.225006
8.191654344,4.225006
8.231377842,4.225006
8.270401403,4.225006
8.309651764,4.225006
8.348602317,4.225006
8.388079538,4.225006
8.427427835,4.225006
8.466469030,4.225006
8.505894212,4.225006
8.544885372,4.225006
8.584844967,4.225006
8.624828007,4.225006
8.664173609,4.225006
8.703087682,4.225006
8.741949277,4.225006
8.780975453,4.225006
8.820293943,4.225006
8.865470356,4.243412
8.951117352,4.363166
9.027021654,4.708847
9.085407973,5.115203
9.153439593,5.515266
9.216308068,4.820755
9.270434393,4.512653
9.321014107,4.462505
9.375077413,4.454723
9.427144435,4.484550
9.490537554,4.505226
9.541621123,4.589820
9.595569080,4.589820
9.642852336,4.589820
9.689930583,4.589820
9.737824957,4.589820
9.785741884,4.589820
9.841996854,4.530109
9.892653303,4.530109
9.929418965,4.530109
9.965350025,4.533245
10.004154641,4.548152
10.042916366,4.572906
10.089906216,4.602111
10.135928953,4.633079
10.183704051,4.661026
10.222420290,4.675376
10.259163980,4.682929
10.299351818,4.688468
10.335533122,4.757858
10.388747589,4.759071
10.430632163,4.759071
10.471928071,4.764228
10.514609806,4.764228
10.552586323,4.767162
10.596382389,4.795009
10.655028631,4.795009
10.706550711,4.795009
10.773149506,4.795009
10.827610185,4.795009
10.870621444,4.795009
10.913656618,4.795555
10.957099125,4.805412
11.007101063,4.810699
11.048597932,4.823543
11.095587952,4.824298
11.146403974,4.824298
11.213481646,4.824298
11.268671948,4.824298
11.314368627,4.824298
11.356870170,4.835453
11.400785663,4.846603
11.442188163,4.854156
11.537368879,4.854156
11.603316359,4.854156
11.684378466,4.854156
11.727397840,4.854156
11.770563452,4.854156
11.819926479,4.854156
11.882491238,4.854156
11.928063351,4.854156
11.975441827,4.854156
12.038948131,4.854156
12.118109475,4.854156
12.164326871,4.854156
12.210027166,4.854156
12.257078633,4.854156
12.328672665,4.854156
12.423577177,4.854156
12.517176125,4.854156
12.564416169,4.854156
12.610626621,4.854156
12.659183782,4.854156
12.733103331,4.854156
12.781917619,4.854156
12.845498484,4.854156
12.951551656,4.854156
12.997537944,4.854156
13.044472298,4.854156
13.090196940,4.854156
13.176037634,4.854156
13.261520710,4.854156
13.350572860,4.854156
13.395934033,4.854156
13.442701211,4.854156
13.495724495,4.854156
13.566410486,4.854156
13.615370791,4.854156
13.672580270,4.854156
13.766951732,4.854156
13.812888045,4.854156
13.859655283,4.854156
13.904266684,4.854156
13.997670252,4.854156
14.083846682,4.854156
14.164189465,4.854156
14.210511950,4.854156
14.256194743,4.854156
14.314315239,4.854156
14.388998856,4.854156
14.445270818,4.854156
14.538628629,4.854156
14.598518999,4.854156
14.644181583,4.854156
14.690913053,4.854156
14.733729594,4.854156
14.839109029,4.854156
14.938006740,4.854156
14.999182917,4.854156
15.045881895,4.854156
15.093308332,4.854156
15.138882850,4.854156
15.193417489,4.854156
15.231507471,4.854156
15.277468380,4.854156
15.329772583,4.854156
15.389601025,4.854156
15.430730678,4.854156
15.470778901,4.854156
15.514732166,4.854156
15.552258540,4.854156
15.587174305,4.854156
15.639238973,4.854156
15.698992113,4.854156
15.737696770,4.854156
15.796102727,4.854156
15.845754963,4.854156
15.886428060,4.854156
15.930646317,4.854156
15.970636440,4.854156
16.026006854,4.854156
16.067957733,4.854156
16.102615450,4.854156
16.137489226,4.854156
16.191386477,4.854156
16.238509479,4.854156
16.286231737,4.854156
16.332002046,4.854156
16.373562816,4.854156
16.414970295,4.854156
16.456370220,4.854156
16.492843227,4.854156
16.536566466,4.854156
16.583732480,4.854156
16.622792270,4.854156
16.673013113,4.854156
16.720289225,4.854156
16.764116271,4.854156
16.805826304,4.854156
16.846521423,4.854156
16.894303725,4.854156
16.935066162,4.854156
16.973448157,4.854156
17.014069937,4.854156
17.055420048,4.854156
17.099995181,4.854156
17.149172547,4.854156
17.194882431,4.854156
17.237066131,4.854156
17.279393474,4.854156
17.319823161,4.854156
17.357571264,4.854156
17.394010157,4.854156
17.435658092,4.854156
17.505881968,4.854156
17.556921252,4.854156
17.628688412,4.854156
17.675824700,4.854156
17.719959608,4.854156
17.760035434,4.854156
17.805641992,4.854156
17.848685011,4.854156
17.894456662,4.854156
17.937299272,4.854156
17.983959587,4.854156
18.036557876,4.854156
18.087503734,4.854156
18.130122028,4.854156
18.171152173,4.854156
18.212009980,4.854156
18.251460861,4.854156
18.293871913,4.854156
18.349309724,4.854156
18.394348446,4.854156
18.449020836,4.854156
18.503614979,4.854156
18.547407438,4.854156
18.587832857,4.854156
18.630194194,4.854156
18.673111916,4.854156
18.713126575,4.854156
18.754967787,4.854156
18.795841495,4.854156
18.843305333,4.854156
18.897038042,4.854156
18.951287111,4.854156
18.996489152,4.854156
19.037559392,4.854156
19.077336301,4.854156
19.115585515,4.854156
19.155031076,4.854156
19.221977519,4.854156
19.267594678,4.854156
19.319154298,4.854156
19.379857539,4.854156
19.423881708,4.854156
19.465358870,4.854156
19.505303597,4.854156
19.547847931,4.854156
19.590484179,4.854156
19.632709559,4.854156
19.676740791,4.854156
19.722542790,4.854156
19.772940769,4.854156
19.826479561,4.854156
19.868770274,4.854156
19.910790415,4.854156
19.957465107,4.854156
20.001914663,4.854156
20.042651461,4.854156
20.120828630,4.854156
20.199131307,4.854156
20.289279424,4.854156
20.335934219,4.854156
20.382475539,4.854156
20.438570295,4.854156
20.528683536,4.854156
20.587221323,4.854156
20.694340235,4.854156
20.740838784,4.854156
20.786346154,4.854156
20.833085449,4.854156
20.909204537,4.854156
21.003221677,4.854156
21.093864302,4.854156
21.140088892,4.854156
21.186660018,4.854156
21.239154510,4.854156
21.331537714,4.854156
21.392018704,4.854156
21.494309435,4.854156
21.543198013,4.854156
21.589255877,4.854156
21.636863167,4.854156
21.681448429,4.854156
21.781973985,4.854156
21.875281470,4.854156
21.938224416,4.854156
21.984926340,4.854156
22.032237308,4.854156
22.096958504,4.854156
22.168534873,4.854156
22.228960207,4.854156
22.306708072,4.854156
22.355738129,4.854156
22.402668937,4.854156
22.447895104,4.854156
22.488031795,4.854156
22.528746110,4.854156
22.600895184,4.854156
22.665790460,4.854156
22.766936021,4.854156
22.808805166,4.854156
22.851070711,4.854156
22.899478469,4.854156
22.959920063,4.854156
23.004722517,4.854156
23.054611061,4.854156
23.119289937,4.854156
23.207084033,4.854156
23.251383193,4.854156
23.297590199,4.854156
23.341489411,4.854156
23.391721155,4.854156
23.473148604,4.854156
23.559474548,4.854156
23.624137974,4.854156
23.666303410,4.854156
23.706690917,4.854156
23.749979010,4.854156
23.802828927,4.854156
23.847586656,4.854156
23.891300447,4.854156
23.939425077,4.854156
24.038270068,4.854156
24.082303975,4.854156
24.126354955,4.854156
24.168370196,4.854156
24.211386134,4.854156
24.272412357,4.854156
24.335617149,4.854156
24.402278011,4.854156
24.465661171,4.854156
24.507574549,4.854156
24.553310903,4.854156
24.599744579,4.854156
24.654602391,4.854156
24.706758843,4.854156
24.755996613,4.854156
24.818533720,4.854156
24.892585079,4.854156
24.932975250,4.854156
24.974723726,4.854156
25.020077385,4.854156
25.059485124,4.854156
25.127706685,4.854156
25.212241152,4.854156
25.286943215,4.854156
25.331566429,4.854156
25.374529678,4.854156
25.421189211,4.854156
25.475481782,4.854156
25.531790073,4.854156
25.573021879,4.854156
25.634301803,4.854156
25.717901259,4.854156
25.763003341,4.854156
25.804565714,4.854156
25.845631325,4.854156
25.890023953,4.854156
25.926600226,4.854156
25.981950892,4.854156
26.035778531,4.854156
26.083805997,4.854156
26.139129782,4.854156
26.182603137,4.854156
26.223181355,4.854156
26.264809633,4.854156
26.306233854,4.854156
26.349279789,4.854156
26.393690701,4.854156
26.432164090,4.854156
26.475347194,4.854156
26.520423217,4.854156
26.575496778,4.854156
26.626848304,4.854156
26.668353299,4.854156
26.708737509,4.854156
26.748726430,4.854156
26.787690137,4.854156
26.824751850,4.854156
26.879152796,4.854156
26.928455780,4.854156
26.973990021,4.854156
27.030726654,4.854156
27.075447944,4.854156
27.116292056,4.854156
27.156207297,4.854156
27.199714637,4.854156
27.240971801,4.854156
27.290366699,4.854156
27.329830555,4.854156
27.374592292,4.854156
27.426671598,4.854156
27.501931498,4.854156
27.554422824,4.854156
27.597583076,4.854156
27.643545168,4.854156
27.684499598,4.854156
27.725972712,4.854156
27.802359588,4.854156
27.859065703,4.854156
27.938836993,4.854156
27.987973402,4.854156
28.031058250,4.854156
28.071988696,4.854156
28.118338933,4.854156
28.164860525,4.854156
28.206861309,4.854156
28.248876310,4.854156
28.299196211,4.854156
28.397041247,4.854156
28.445487297,4.854156
28.488770822,4.854156
28.534467441,4.854156
28.573700709,4.854156
28.620444252,4.854156
28.698073212,4.854156
28.771032351,4.854156
28.841433573,4.854156
28.884866140,4.854156
28.929810413,4.854156
28.972958742,4.854156
29.038624999,4.854156
29.080632085,4.854156
29.122590749,4.854156
29.169890937,4.854156
29.242082241,4.854156
29.311333653,4.854156
29.352879094,4.854156
29.398199911,4.854156
29.438377940,4.854156
29.475097424,4.854156
29.563497088,4.854156
29.619440297,4.854156
29.717180003,4.854156
29.762449131,4.854156
29.807907288,4.854156
29.857806953,4.854156
29.927579453,4.854156
29.964552458,4.854156
30.007492802,4.854156
30.055891823,4.854156
30.117322001,4.854156
30.159918064,4.854156
30.199746921,4.854156
30.240436269,4.854156
30.285793816,4.854156
30.325916240,4.854156
30.368743700,4.854156
30.430749009,4.854156
30.471511205,4.854156
30.527981313,4.854156
30.581789916,4.854156
30.623074022,4.854156
30.662868124,4.854156
30.702427921,4.854156
30.757417523,4.854156
30.801846940,4.854156
30.837329680,4.854156
30.873226966,4.854156
30.920660256,4.854156
30.974181535,4.854156
31.030741784,4.854156
31.071846880,4.854156
31.112187628,4.854156
31.152976345,4.854156
31.189142931,4.854156
31.224640500,4.854156
31.273826632,4.854156
31.332621025,4.854156
31.374672224,4.854156
31.434636695,4.854156
31.481188214,4.854156
31.522536010,4.854156
31.563453321,4.854156
31.607378863,4.854156
31.655233031,4.854156
31.699084723,4.854156
31.740546796,4.854156
31.792405163,4.854156
31.850566155,4.854156
31.920882476,4.854156
31.962703589,4.854156
32.005168723,4.854156
32.047663583,4.854156
32.089678895,4.854156
32.143208570,4.854156
32.216736637,4.854156
32.275395213,4.854156
32.329279359,4.854156
32.372121117,4.854156
32.412489998,4.854156
32.453637806,4.854156
32.510945340,4.854156
32.565572976,4.854156
32.600840338,4.854156
32.640051846,4.854156
32.695235375,4.854156
32.760579712,4.854156
32.821738195,4.854156
32.862760856,4.854156
32.904728166,4.854156
32.944626816,4.854156
32.984485360,4.854156
33.030934505,4.854156
33.098464805,4.854156
33.152034605,4.854156
33.222261687,4.854156
33.267785187,4.854156
33.307486623,4.854156
33.347690371,4.854156
33.396693216,4.854156
33.445504398,4.854156
33.485919907,4.854156
33.526416190,4.854156
33.576733396,4.854156
33.635189798,4.854156
33.701458678,4.854156
33.745535546,4.854156
33.786590899,4.854156
33.827506145,4.854156
33.864901551,4.854156
33.905190240,4.854156
33.972567089,4.854156
34.029995383,4.854156
34.096294068,4.854156
34.151927711,4.854156
34.192608433,4.854156
34.232365815,4.854156
34.274174865,4.854156
34.323838873,4.854156
34.368503536,4.854156
34.409165393,4.854156
34.457609188,4.854156
34.513998032,4.854156
34.584829619,4.854156
34.627829967,4.854156
34.675000870,4.854156
34.716904099,4.854156
34.754945088,4.854156
34.794579808,4.854156
34.864021491,4.854156
34.922995864,4.854156
34.993954182,4.854156
35.044439326,4.854156
35.086415193,4.854156
35.128176473,4.854156
35.176324778,4.854156
35.226035655,4.854156
35.268967173,4.854156
35.311968543,4.854156
35.364003365,4.854156
35.431903286,4.854156
35.501415712,4.854156
35.546955063,4.854156
35.589762215,4.854156
35.632263999,4.854156
35.678930806,4.854156
35.775000186,4.854156
35.858437635,4.854156
35.909710653,4.854156
35.950339066,4.854156
35.992269657,4.854156
36.038896649,4.854156
36.086455757,4.854156
36.128695565,4.854156
36.172940522,4.854156
36.219652665,4.854156
36.288713997,4.854156
36.347349659,4.854156
36.390821842,4.854156
36.431939322,4.854156
36.472533179,4.854156
36.510695338,4.854156
36.561636046,4.854156
36.632480146,4.854156
36.696558484,4.854156
36.782511240,4.854156
36.823774175,4.854156
36.865791120,4.854156
36.909186437,4.854156
36.956284101,4.854156
36.998142546,4.854156
37.039224889,4.854156
37.091343068,4.854156
37.158852018,4.854156
37.228304120,4.854156
37.267604646,4.854156
37.306720813,4.854156
37.345130601,4.854156
37.381218969,4.854156
37.428250007,4.854156
37.488676053,4.854156
37.535267507,4.854156
37.594734094,4.854156
37.641532992,4.854156
37.681749534,4.854156
37.721323028,4.854156
37.763269559,4.854156
37.820096994,4.854156
37.861849678,4.854156
37.898122516,4.854156
37.940201808,4.854156
37.985718847,4.854156
38.047123958,4.854156
38.094580793,4.854156
38.134818154,4.854156
38.174496667,4.854156
38.214220165,4.854156
38.249360196,4.854156
38.285082520,4.854156
38.343757968,4.854156
38.389496155,4.854156
38.441482374,4.854156
38.500096395,4.854156
38.541748739,4.854156
38.582311367,4.854156
38.622061335,4.854156
38.664837329,4.854156
38.719604759,4.854156
38.759675786,4.854156
38.800816009,4.854156
38.852037789,4.854156
38.916115846,4.854156
38.979615798,4.854156
39.020907227,4.854156
39.059862329,4.854156
39.102146560,4.854156
39.139852524,4.854156
39.177154592,4.221843
39.220088224,.018684
39.259921811,.018684
